0 	718 	1349 	2815 	2867 	4292 	4892 	5609 	5877 	5963 	8015 	8482 	8857 	9073 	9486 	9729 	 
0 	2276 	2631 	5459 	6277 	6728 	7620 	7889 	8578 	8996 	9591 	 
0 	217 	800 	1142 	2572 	3333 	5534 	7149 	8366 	9720 	 
0 	481 	3570 	4143 	5681 	6275 	8876 	9197 	9350 	 
0 	355 	435 	1909 	3176 	4343 	4777 	4828 	5063 	5203 	5745 	8210 	9715 	 
0 	1586 	1688 	1942 	4299 	5987 	6514 	7980 	8223 	8386 	8615 	9121 	9455 	9738 	 
0 	680 	865 	2011 	2531 	2584 	6559 	 
0 	4 	3683 	3826 	5040 	6389 	8203 	9512 	 
0 	206 	2111 	2200 	3012 	5065 	6044 	6593 	6655 	7504 	8502 	9006 	 
0 	2027 	3208 	4724 	8836 	 
0 	2139 	4816 	5128 	7083 	7646 	9352 	 
0 	222 	2076 	3873 	4483 	4595 	5016 	6686 	8119 	9398 	9929 	 
0 	1777 	1792 	2420 	4339 	4349 	5999 	7250 	9796 	9838 	 
0 	4159 	5072 	8901 	 
0 	425 	1852 	2546 	2967 	4459 	5639 	6018 	6120 	6357 	7363 	9148 	9764 	 
0 	2092 	3123 	7806 	8074 	9862 	9876 	 
0 	3780 	4032 	4221 	4599 	5815 	7369 	8334 	9169 	 
0 	1274 	2592 	2751 	3541 	5478 	6400 	6490 	6713 	7327 	7335 	7599 	8373 	9258 	9489 	 
0 	586 	1213 	1553 	6329 	6950 	6995 	8156 	 
0 	604 	1813 	3589 	4916 	7380 	 
0 	1042 	1877 	4627 	7396 	7747 	8734 	9202 	 
0 	1551 	2018 	5038 	7714 	7783 	8244 	8469 	 
0 	226 	991 	1478 	1699 	2558 	2973 	3855 	4246 	6471 	7648 	7727 	8715 	8938 	9718 	9982 	 
0 	1534 	2717 	6781 	7533 	7811 	8013 	 
0 	2029 	3669 	4563 	4792 	6916 	7772 	 
0 	558 	1339 	1357 	3211 	3323 	4868 	4941 	5461 	9368 	 
0 	246 	4045 	4880 	5082 	5818 	6523 	 
0 	763 	3622 	4972 	5960 	6919 	7302 	8600 	9942 	 
0 	2064 	4533 	4778 	7491 	7837 	9580 	 
0 	160 	1190 	1335 	2018 	2112 	2631 	3250 	5303 	5395 	6732 	6925 	7799 	8363 	 
0 	1815 	2872 	3585 	4276 	5054 	9083 	9928 	 
0 	886 	3385 	4325 	4398 	4563 	6132 	7395 	7716 	 
0 	816 	2590 	3300 	3689 	3797 	3804 	4016 	6216 	6226 	7250 	8163 	8642 	8897 	9784 	 
0 	595 	2492 	3908 	4364 	5563 	6091 	6200 	6490 	6725 	 
0 	1702 	2144 	3597 	3655 	4231 	4313 	5369 	6883 	8873 	9747 	 
0 	0 	588 	1119 	2680 	5482 	6308 	6427 	7876 	8930 	 
0 	334 	351 	1233 	1426 	3383 	3928 	4495 	5152 	5311 	6094 	8983 	9029 	9343 	9993 	 
0 	1725 	1839 	2214 	2307 	2670 	3148 	3451 	4296 	4959 	9936 	 
0 	1040 	1135 	1640 	2510 	4312 	6151 	7071 	7097 	7224 	8748 	9708 	 
0 	389 	524 	3363 	4465 	5402 	5689 	7345 	8058 	8504 	9439 	 
0 	498 	1884 	2618 	4366 	4514 	4725 	4761 	4814 	5007 	7216 	7306 	7572 	8704 	 
0 	1656 	2761 	2854 	6021 	9486 	 
0 	1299 	1826 	2612 	2861 	3925 	3950 	5089 	5378 	8002 	8473 	8849 	9103 	9318 	 
0 	523 	1074 	2794 	4668 	5492 	5769 	6609 	7411 	7487 	8564 	8749 	9453 	 
0 	5104 	5670 	7007 	8308 	 
0 	911 	1267 	1456 	2630 	3813 	4026 	5894 	6132 	6335 	9683 	9928 	 
0 	1377 	2498 	3491 	4113 	4246 	4586 	4725 	4920 	5689 	6312 	6796 	8464 	9654 	 
0 	528 	1239 	3148 	4101 	4723 	5974 	6822 	7033 	7544 	8125 	8724 	8903 	9021 	9580 	 
0 	104 	3634 	3854 	4141 	8508 	 
0 	21 	583 	1005 	1109 	2673 	2898 	5751 	6947 	7766 	7769 	7987 	8237 	9163 	9328 	 
0 	2700 	2972 	4674 	5971 	6452 	6467 	6482 	6545 	7598 	8994 	9993 	 
0 	2833 	3321 	4228 	6097 	8507 	8935 	9217 	9305 	 
0 	1519 	1894 	2204 	3367 	4536 	5994 	6577 	7321 	8954 	 
0 	1436 	1560 	1613 	4812 	5619 	5627 	8017 	8114 	8314 	 
0 	30 	953 	2374 	3238 	4537 	5149 	8115 	8506 	8994 	9759 	 
0 	714 	1019 	1629 	2757 	3673 	4731 	7769 	7853 	7930 	8286 	8419 	8960 	9082 	9440 	9792 	 
0 	3517 	3711 	5300 	6431 	8031 	8713 	 
0 	1921 	2010 	2931 	4642 	5132 	5544 	6698 	7399 	9166 	9217 	9984 	 
0 	1268 	1458 	2917 	3744 	5811 	7047 	7272 	7310 	8235 	8364 	8641 	9300 	9412 	 
0 	1746 	4643 	5661 	5920 	6459 	8401 	 
0 	2 	468 	525 	688 	699 	921 	1417 	1724 	2383 	2846 	3606 	3869 	3878 	6183 	6957 	7011 	 
0 	85 	1017 	2003 	4109 	6237 	6519 	8400 	8669 	9719 	9892 	 
0 	8 	1369 	2213 	3030 	3430 	4228 	5365 	6862 	7352 	7921 	8125 	8329 	8855 	9879 	 
0 	1822 	2545 	2733 	3799 	4300 	5963 	7526 	7716 	8317 	8553 	9355 	9453 	 
0 	701 	1307 	1553 	3563 	4913 	7909 	 
0 	1176 	1250 	2556 	2599 	3537 	7801 	8466 	 
0 	1817 	6126 	7106 	7437 	8388 	 
0 	482 	906 	987 	1003 	1559 	1563 	1765 	2428 	6279 	8091 	9727 	 
0 	103 	989 	3415 	4412 	5945 	6045 	7485 	7718 	9247 	 
0 	3566 	3635 	3770 	4171 	6340 	6663 	7065 	9133 	9764 	 
0 	295 	629 	1069 	4482 	4507 	5165 	8195 	9144 	 
0 	1381 	1504 	2631 	3449 	3765 	3956 	4937 	5128 	7927 	8998 	9432 	 
0 	2422 	3074 	3557 	8583 	8775 	9255 	9592 	9794 	 
0 	50 	1215 	1658 	2232 	3068 	5336 	6658 	6980 	9521 	9593 	9937 	 
0 	251 	1472 	4107 	4717 	5202 	5413 	5508 	5918 	7056 	7087 	7441 	9769 	 
0 	2292 	2574 	8051 	 
0 	134 	659 	1956 	2338 	2649 	4279 	4635 	5721 	6668 	7878 	7932 	 
0 	950 	1188 	1895 	2319 	2690 	3863 	4846 	6143 	6885 	7243 	8210 	 
0 	676 	858 	3169 	3410 	4100 	4438 	4978 	5298 	7546 	9002 	 
0 	3205 	3817 	4752 	 
0 	1061 	1286 	1984 	4660 	6114 	6414 	8751 	8827 	9044 	9777 	 
0 	235 	1462 	2051 	2254 	2986 	3160 	3626 	4806 	5266 	5789 	6198 	6201 	6462 	6967 	8544 	9424 	9538 	9796 	 
0 	113 	4118 	5259 	5610 	6756 	8054 	8943 	9296 	9702 	 
0 	1127 	1257 	2531 	2837 	4426 	5171 	5695 	7453 	7829 	8496 	9610 	9951 	 
0 	1149 	1274 	3176 	4212 	5174 	5203 	5434 	5958 	8019 	8346 	9200 	9352 	 
0 	801 	1032 	1409 	1437 	1623 	2179 	2528 	3699 	8651 	 
0 	727 	1027 	1596 	4302 	4503 	4845 	4955 	5243 	5566 	8162 	9222 	 
0 	761 	2621 	2754 	5271 	5498 	5553 	6878 	6942 	8231 	8587 	9009 	9900 	9930 	 
0 	2468 	2706 	3339 	7085 	7192 	7417 	8018 	9040 	 
0 	1307 	2065 	2162 	6373 	6714 	7444 	7937 	8128 	8415 	 
0 	1377 	2218 	4810 	6531 	7195 	7604 	8106 	8188 	8793 	 
0 	355 	1446 	2140 	2164 	2398 	4554 	6234 	6286 	7723 	7940 	8535 	9467 	9737 	 
0 	315 	417 	1259 	3018 	5460 	6136 	6352 	6395 	6668 	6674 	6949 	7946 	8287 	8861 	9200 	 
0 	816 	941 	1314 	4338 	6354 	6599 	7593 	8425 	9464 	9588 	 
0 	2522 	3743 	4911 	5363 	5543 	5822 	6536 	8145 	8325 	8355 	9163 	9652 	9950 	 
0 	351 	358 	1408 	2454 	2555 	2992 	5734 	5930 	6081 	6556 	7163 	7165 	8433 	9557 	9812 	 
0 	732 	1043 	1601 	2362 	3921 	4189 	5240 	5762 	7114 	8046 	9853 	 
0 	156 	298 	507 	642 	2318 	5082 	5735 	6619 	8437 	8574 	 
0 	140 	1203 	4497 	8470 	9512 	9755 	 
0 	588 	1401 	2448 	2505 	5239 	5395 	7150 	7544 	7615 	9577 	 
0 	307 	334 	629 	1945 	4078 	4780 	5020 	5117 	7215 	7864 	9375 	9725 	 
0 	277 	585 	2603 	2753 	4047 	5566 	8222 	8394 	 
0 	26 	1031 	3590 	5219 	5256 	6772 	8182 	8372 	8747 	9164 	9386 	9404 	9512 	 
0 	503 	6508 	7702 	8193 	 
0 	6 	1085 	1882 	2018 	2337 	3593 	4268 	4891 	5151 	5294 	5595 	6718 	7258 	9585 	9965 	 
0 	223 	967 	2550 	4549 	5052 	6013 	6518 	7643 	8273 	8847 	9122 	9706 	9949 	 
0 	1054 	2670 	2680 	3133 	4351 	4974 	5191 	5486 	7123 	7135 	8882 	8992 	9670 	 
0 	1289 	1875 	3372 	4074 	4756 	5352 	5816 	6566 	9512 	9539 	 
0 	1732 	2246 	2864 	3204 	3953 	4864 	5227 	6033 	8336 	9280 	 
0 	999 	1984 	2637 	4061 	4797 	6167 	6249 	6715 	6797 	7572 	7649 	8523 	9243 	9313 	9961 	 
0 	4435 	5090 	6174 	6934 	8467 	 
0 	798 	940 	1189 	2157 	2808 	3256 	3504 	4553 	4636 	5005 	6616 	6818 	8907 	9047 	 
0 	819 	2457 	2973 	4983 	5089 	5499 	6178 	6584 	7624 	7866 	7882 	7912 	8690 	8969 	 
0 	284 	741 	1267 	1555 	1805 	2294 	3646 	4046 	4182 	6567 	6958 	6964 	8355 	8466 	8601 	9333 	 
0 	857 	2841 	3358 	4889 	6630 	7396 	8230 	 
0 	210 	438 	1014 	1214 	1481 	1740 	2300 	3030 	4634 	5516 	6009 	6394 	7295 	7629 	8517 	8762 	 
0 	154 	333 	398 	1995 	3129 	3571 	3931 	4925 	7478 	 
0 	1459 	1524 	2510 	2886 	3260 	5464 	7119 	 
0 	899 	3567 	4082 	4328 	5084 	5939 	6434 	6763 	7862 	 
0 	179 	1126 	1511 	2041 	3056 	5799 	5956 	7624 	9960 	 
0 	719 	1152 	2583 	2923 	3792 	4403 	5236 	6370 	6607 	6728 	6809 	7020 	7129 	9111 	 
0 	3025 	3029 	3398 	3484 	4538 	5059 	5299 	5952 	6003 	6290 	7059 	7424 	9936 	 
0 	520 	2288 	2666 	3649 	4941 	4975 	5801 	5966 	7115 	9094 	 
0 	533 	1102 	1170 	2388 	3609 	4283 	5070 	5842 	6693 	8171 	8312 	9260 	9314 	 
0 	493 	1382 	1511 	3924 	4165 	5527 	5616 	5954 	6391 	7723 	8133 	8519 	8640 	9555 	 
0 	552 	649 	1364 	2895 	3201 	3254 	3549 	3598 	3745 	8684 	9417 	9614 	9712 	 
0 	2240 	2666 	3652 	5505 	6291 	6374 	6693 	6749 	7579 	8658 	8859 	8989 	9432 	9648 	 
0 	1844 	3173 	3710 	5583 	6278 	6852 	7967 	9954 	 
0 	465 	752 	1713 	2042 	2947 	2957 	3072 	4262 	5224 	7522 	8056 	8429 	8987 	9745 	 
0 	487 	545 	1398 	1706 	2773 	3139 	4459 	5145 	6389 	 
0 	81 	2134 	3370 	4777 	7206 	7884 	 
0 	2866 	3671 	3710 	4899 	5299 	5518 	6538 	7305 	9087 	9372 	 
0 	909 	3377 	3861 	4751 	4753 	8895 	 
0 	303 	1705 	1826 	1852 	2352 	2662 	2810 	3632 	3907 	3920 	3944 	9016 	 
0 	438 	3406 	5358 	7258 	8128 	9972 	 
0 	702 	1451 	3036 	4489 	4701 	5026 	5346 	5750 	6255 	7663 	8204 	8232 	8817 	9591 	 
0 	146 	837 	2040 	2161 	2579 	6951 	7780 	8995 	 
0 	1103 	1218 	1240 	2057 	2696 	4162 	5306 	6619 	6983 	7537 	7817 	8758 	9363 	9379 	9903 	 
0 	736 	1315 	1823 	5679 	5998 	 
0 	5 	112 	121 	768 	5168 	7308 	7464 	8201 	 
0 	2617 	3203 	4298 	4655 	5091 	6975 	8477 	8749 	9216 	 
0 	2546 	3011 	3701 	3798 	4048 	6525 	7004 	7449 	8616 	8745 	9510 	 
0 	5628 	5740 	6192 	6740 	8691 	9299 	9324 	 
0 	619 	748 	1531 	4003 	4509 	5718 	6577 	6681 	7205 	7271 	7930 	7996 	9074 	9273 	 
0 	2344 	3643 	4587 	4773 	4827 	8168 	9692 	9830 	9940 	 
0 	858 	3513 	3794 	3880 	4331 	4354 	4899 	5456 	9068 	 
0 	527 	2041 	2249 	2394 	2556 	2588 	3941 	5390 	7132 	7994 	9289 	 
0 	1565 	1984 	2216 	4662 	5205 	5296 	5640 	6314 	7624 	7687 	8361 	8684 	8688 	9731 	 
0 	226 	2266 	2751 	5295 	9741 	 
0 	517 	1585 	2846 	3817 	4437 	4737 	5341 	5651 	7855 	8035 	8244 	9238 	9899 	9937 	 
0 	961 	1245 	1435 	1893 	4504 	5626 	6206 	6596 	7513 	8883 	 
0 	167 	557 	2852 	3630 	3785 	6657 	7048 	7138 	 
0 	71 	201 	5683 	5747 	6019 	6333 	6554 	6681 	8273 	8495 	8642 	8965 	9083 	 
0 	1727 	2424 	3857 	4752 	4804 	6170 	8527 	9565 	9921 	 
0 	32 	915 	1218 	1456 	1976 	2692 	2748 	2890 	4575 	4900 	5856 	6777 	9309 	9533 	 
0 	2261 	2624 	5784 	5904 	6763 	7721 	7759 	7803 	9428 	 
0 	511 	1606 	1718 	3122 	4977 	5042 	5068 	6391 	7357 	7576 	 
0 	574 	2780 	3073 	5121 	6486 	7603 	7865 	9465 	9772 	 
0 	530 	1387 	1446 	2714 	2981 	3190 	3345 	6130 	8563 	8932 	 
0 	1406 	4013 	5434 	5647 	6249 	7786 	9588 	 
0 	1024 	2333 	2519 	3012 	3186 	6344 	7882 	9169 	9716 	 
0 	1587 	2052 	3751 	4214 	4472 	8501 	 
0 	1027 	1370 	3613 	4137 	4927 	5296 	6818 	 
0 	3551 	3976 	4748 	4906 	5086 	5816 	7167 	7688 	8858 	9690 	 
0 	285 	313 	1107 	1123 	4183 	4400 	4751 	5610 	6867 	7227 	7312 	 
0 	3274 	3930 	4124 	4309 	5103 	5430 	5728 	6202 	6824 	8089 	8906 	9799 	 
0 	206 	719 	2113 	3988 	4749 	5409 	5569 	6038 	6323 	7494 	9413 	9508 	 
0 	528 	2613 	3487 	4321 	5414 	5545 	6052 	7196 	9695 	 
0 	574 	2406 	5434 	5608 	6559 	8427 	8907 	 
0 	564 	935 	2111 	3246 	6202 	6860 	7534 	7951 	8475 	9255 	9488 	 
0 	420 	1688 	3137 	4199 	5197 	5495 	7368 	8249 	8929 	9202 	9979 	 
0 	175 	194 	372 	516 	2465 	2791 	3325 	3958 	4069 	4316 	4664 	4705 	4902 	6948 	9394 	9996 	 
0 	697 	1606 	3317 	3465 	3582 	5212 	5430 	6754 	8226 	 
0 	251 	1134 	1684 	1947 	4249 	5185 	8581 	 
0 	689 	795 	1613 	1693 	2115 	2310 	5668 	6228 	8963 	 
0 	1885 	2946 	4679 	5550 	6188 	 
0 	762 	960 	1409 	1602 	1926 	2022 	2560 	2626 	2672 	2697 	3673 	7527 	7642 	 
0 	57 	459 	3186 	3485 	3934 	5464 	6488 	9226 	9370 	9690 	 
0 	1650 	2925 	4226 	5193 	8842 	9664 	 
0 	469 	616 	4648 	4988 	5656 	6180 	8198 	9390 	9471 	 
0 	1486 	2008 	3893 	5000 	6683 	9820 	9990 	 
0 	59 	2490 	3341 	4897 	5411 	5812 	6274 	6290 	6571 	7619 	8999 	9488 	 
0 	661 	1402 	2687 	3175 	4113 	5100 	5200 	5217 	5665 	6606 	6687 	6975 	7240 	7442 	8015 	 
0 	1730 	2537 	3201 	4164 	4415 	4737 	7212 	8104 	8691 	8827 	 
0 	42 	4710 	5035 	5242 	5354 	5402 	6697 	7201 	7370 	8130 	8537 	9432 	 
0 	88 	3418 	4558 	5031 	5253 	6052 	6230 	6987 	7343 	7978 	8100 	9052 	9852 	 
0 	761 	1627 	2082 	4828 	5051 	6026 	6332 	6592 	7165 	7826 	9791 	 
0 	1114 	1389 	2178 	3262 	3301 	4496 	4646 	5342 	6383 	 
0 	2311 	3220 	3423 	5332 	5418 	 
0 	1544 	1584 	3586 	4096 	6649 	6674 	8373 	9328 	9877 	 
0 	649 	753 	1540 	1785 	2198 	2766 	2922 	3252 	7007 	7354 	8574 	9266 	 
0 	781 	1223 	2100 	3516 	6548 	7420 	7676 	9440 	 
0 	112 	218 	252 	1073 	3975 	6405 	7427 	8608 	 
0 	52 	362 	2956 	6067 	7044 	7055 	8903 	 
0 	430 	1020 	1113 	3016 	3366 	3418 	6423 	6772 	6848 	7077 	8145 	9631 	 
0 	706 	1658 	4480 	4608 	4627 	5093 	6572 	7098 	7115 	7680 	8187 	8830 	 
0 	1056 	1935 	1999 	5137 	6640 	6658 	7934 	7958 	8016 	8697 	9459 	 
0 	1831 	4791 	8324 	8728 	9185 	 
0 	692 	1416 	1717 	2601 	3727 	4575 	4721 	4838 	5783 	8689 	8743 	9224 	9876 	 
0 	351 	855 	2919 	3082 	3786 	4170 	4684 	6966 	7724 	7821 	8799 	9557 	 
0 	809 	1403 	2043 	2986 	3891 	7137 	8136 	8441 	 
0 	49 	309 	314 	2390 	3393 	4292 	4533 	5915 	6192 	7442 	7496 	8850 	9831 	9854 	 
0 	1147 	2471 	2942 	3599 	3607 	4259 	4900 	7394 	9001 	9343 	 
0 	1279 	1288 	2606 	3635 	5227 	7485 	7758 	9722 	 
0 	187 	261 	1070 	2646 	2838 	3214 	3912 	5169 	6181 	6595 	8061 	8598 	8955 	9681 	 
0 	794 	2619 	3666 	5602 	5800 	5890 	6406 	6560 	 
0 	495 	675 	3417 	5097 	5428 	5655 	5730 	9217 	 
0 	746 	6348 	7139 	9037 	 
0 	1039 	1161 	1848 	3724 	3900 	4266 	4490 	6547 	6770 	9146 	9746 	 
0 	201 	668 	713 	1086 	1634 	2308 	5121 	6122 	8366 	 
0 	6 	959 	1315 	2249 	3549 	3887 	5608 	6077 	7130 	 
0 	2054 	4334 	9579 	 
0 	1370 	2440 	3899 	4084 	4240 	4539 	4543 	4639 	6208 	7132 	7178 	7502 	7627 	7863 	9672 	 
0 	498 	788 	1842 	2549 	3550 	5529 	6126 	6211 	7303 	7701 	8832 	9957 	 
0 	1162 	1537 	2329 	3078 	4161 	7222 	7282 	9244 	9408 	 
0 	349 	4672 	6371 	6391 	7552 	8057 	8740 	8857 	 
0 	2135 	3166 	5010 	6367 	9192 	9993 	 
0 	1424 	1898 	2483 	2872 	2936 	3273 	3795 	5138 	6509 	6515 	6603 	7582 	9679 	 
0 	44 	2067 	6519 	7040 	8272 	9760 	9845 	 
0 	2148 	2740 	3625 	3763 	6536 	8314 	9233 	9489 	9734 	 
0 	2119 	2236 	4357 	5452 	8024 	8809 	9038 	9373 	 
0 	2567 	3172 	3321 	3872 	4016 	5917 	8364 	9069 	9133 	9432 	 
0 	56 	1195 	1897 	3338 	4469 	4496 	8836 	 
0 	118 	1639 	2160 	2588 	2858 	3100 	4424 	4831 	5354 	6017 	6198 	6322 	7230 	7743 	7871 	9750 	 
0 	3210 	5536 	5780 	6558 	7245 	7292 	7610 	 
0 	1828 	1908 	2775 	3509 	5827 	8330 	9643 	 
0 	2994 	3492 	3718 	4178 	4993 	5402 	6842 	8235 	8954 	 
0 	1736 	2023 	2663 	4376 	6326 	8324 	8849 	 
0 	715 	3143 	4051 	4062 	7710 	9840 	9967 	 
0 	145 	2816 	2859 	3248 	3643 	6584 	7720 	9962 	 
0 	1226 	1744 	1829 	2030 	2772 	4832 	5421 	6143 	6525 	7528 	7529 	8996 	9894 	 
0 	2086 	2871 	3838 	3964 	4034 	5616 	7967 	8464 	 
0 	382 	439 	2082 	2855 	3245 	7184 	8388 	9545 	 
0 	517 	2898 	3564 	3851 	4287 	5770 	6555 	7239 	9333 	9541 	9647 	9954 	 
0 	2285 	2383 	2884 	4779 	5060 	 
0 	430 	585 	685 	1954 	7395 	7419 	7824 	8379 	8474 	 
0 	33 	818 	1691 	2430 	3636 	4263 	4576 	5826 	7849 	7924 	9207 	 
0 	562 	2428 	3242 	5001 	6453 	6783 	6896 	7234 	7481 	7953 	 
0 	685 	1784 	5165 	6021 	6555 	7160 	7302 	8654 	9180 	 
0 	1667 	2380 	2680 	2852 	3478 	4346 	4358 	5100 	5248 	6979 	8496 	9393 	9398 	9564 	 
0 	759 	1536 	1683 	2220 	3584 	3651 	4212 	4384 	6444 	7760 	 
0 	624 	1135 	1609 	3957 	4641 	4937 	5781 	5853 	5899 	5925 	6468 	9051 	9290 	9330 	 
0 	72 	229 	1020 	2012 	2742 	3248 	3942 	4406 	5357 	5483 	7058 	7157 	8050 	8170 	8343 	8829 	8880 	9935 	 
0 	538 	6897 	6906 	8419 	9599 	 
0 	688 	2119 	4583 	4884 	6476 	6876 	7691 	 
0 	602 	1930 	2270 	2478 	2500 	3136 	3652 	4708 	5786 	6257 	7878 	8221 	8543 	9801 	9857 	 
0 	217 	577 	1858 	4022 	4046 	4432 	4639 	8541 	8620 	8924 	 
0 	337 	683 	1265 	1879 	5561 	6751 	7569 	8277 	9147 	9316 	 
0 	611 	1676 	2718 	4426 	5734 	5856 	5932 	5974 	6932 	6998 	7233 	8602 	 
0 	153 	2452 	2971 	3456 	3600 	4173 	6460 	6606 	9146 	 
0 	1683 	2389 	2592 	4962 	6864 	7050 	8211 	8619 	9380 	 
0 	277 	2465 	3983 	4372 	4628 	7063 	7953 	8271 	8977 	 
0 	2111 	2229 	2596 	2664 	3269 	5871 	 
0 	1617 	2167 	3676 	3689 	4601 	4709 	5871 	6639 	7327 	8342 	8411 	9386 	9545 	 
0 	943 	2185 	2830 	3759 	4912 	7041 	7331 	8147 	8386 	9738 	9851 	 
0 	206 	234 	901 	1676 	2124 	2131 	3232 	4451 	4863 	6527 	8928 	9213 	 
0 	635 	1015 	2280 	2922 	4616 	6755 	7698 	8232 	 
0 	724 	1367 	6080 	6340 	6470 	6903 	8504 	8859 	9386 	9970 	 
0 	994 	1989 	2478 	2626 	3283 	3934 	6485 	7794 	 
0 	3268 	4202 	4337 	4542 	5534 	5888 	5943 	6142 	6228 	6747 	8114 	9179 	9986 	 
0 	1738 	2851 	3072 	5210 	5438 	7432 	8114 	 
0 	1236 	1423 	2067 	2222 	3912 	5945 	6486 	7155 	7561 	7693 	8839 	9809 	 
0 	1163 	4128 	6893 	7248 	8977 	9234 	 
0 	2774 	4236 	5866 	6753 	7109 	7386 	 
0 	3853 	3858 	3884 	4661 	6031 	7057 	8660 	 
0 	571 	1409 	1879 	4421 	4863 	7413 	8877 	9379 	9821 	 
0 	169 	1226 	1360 	1738 	1978 	2678 	4208 	5189 	5416 	5473 	7926 	8121 	 
0 	40 	105 	433 	730 	1012 	1848 	1950 	3333 	3858 	4547 	5047 	6637 	7665 	8340 	 
0 	2105 	2163 	2472 	4104 	5977 	6960 	7909 	9645 	 
0 	1626 	1672 	3991 	4362 	4612 	4734 	7007 	7144 	 
0 	670 	984 	1684 	1760 	1884 	2123 	2906 	3712 	5275 	7410 	 
0 	892 	971 	1400 	1963 	4644 	6274 	6579 	7679 	8350 	8569 	9243 	9508 	9634 	 
0 	994 	1800 	2650 	3991 	4321 	4796 	4876 	7265 	7449 	8107 	8136 	8434 	9967 	 
0 	149 	1298 	2150 	3159 	3620 	6787 	7211 	9780 	 
0 	68 	499 	854 	3679 	3702 	5336 	5699 	5972 	7062 	7711 	9038 	9412 	9811 	9976 	 
0 	455 	530 	706 	1573 	1706 	1930 	2170 	3354 	3919 	7983 	9174 	 
0 	956 	1109 	1815 	2361 	2458 	3733 	4030 	6794 	6846 	7932 	8590 	 
0 	2344 	4453 	4739 	5819 	5987 	6088 	6458 	7704 	7998 	 
0 	1489 	1650 	2627 	3025 	3812 	4601 	5440 	6110 	6784 	6905 	7674 	8400 	8911 	9364 	 
0 	1362 	2683 	4076 	4389 	4800 	5536 	5579 	6304 	9474 	 
0 	467 	3301 	3783 	5298 	7234 	8176 	8659 	8785 	9269 	9286 	9697 	 
0 	433 	4807 	6317 	6862 	7535 	7584 	8490 	8723 	9160 	9378 	9624 	 
0 	398 	1463 	1762 	5731 	6006 	6046 	6523 	8752 	 
0 	756 	1162 	2752 	4123 	4294 	5509 	6224 	6512 	8469 	8521 	 
0 	87 	957 	1743 	2675 	2839 	4510 	5133 	5276 	5447 	6397 	6965 	7690 	7939 	8583 	8859 	 
0 	1869 	2678 	6491 	6690 	9099 	9832 	 
0 	4971 	6084 	6569 	6788 	6833 	8342 	8918 	 
0 	1479 	2431 	4233 	4833 	5335 	5949 	6679 	8285 	8448 	9268 	 
0 	754 	810 	1448 	2261 	4961 	6486 	7006 	 
0 	33 	1264 	1559 	4435 	5506 	5539 	6213 	7347 	9422 	 
0 	284 	438 	1766 	2498 	4396 	4646 	5227 	6095 	8379 	9579 	 
0 	169 	1023 	1350 	1377 	2383 	2461 	3091 	4975 	5756 	6029 	6457 	7690 	7784 	9068 	9151 	 
0 	1242 	1939 	4000 	4201 	4806 	5509 	6661 	6985 	7660 	 
0 	1130 	1598 	1808 	5040 	5970 	6975 	7762 	 
0 	758 	1566 	2551 	3757 	3860 	4283 	5682 	6184 	6924 	7888 	9754 	 
0 	871 	2336 	2816 	3310 	5972 	9187 	 
0 	1022 	1623 	2324 	3458 	3709 	3840 	4037 	4451 	4793 	8085 	 
0 	2670 	3622 	3967 	4906 	6876 	7950 	8134 	 
0 	492 	3387 	4140 	4939 	5448 	6849 	7810 	7833 	 
0 	1704 	2097 	2109 	2228 	3074 	4005 	6443 	6586 	6838 	7691 	8072 	8436 	8707 	8709 	9096 	 
0 	134 	135 	854 	1466 	1913 	2305 	2354 	2676 	4063 	4637 	5496 	6304 	6915 	8477 	 
0 	682 	3051 	3866 	6128 	6194 	8207 	9086 	9716 	 
0 	3279 	3583 	4086 	5461 	6987 	7655 	7961 	8566 	 
0 	42 	96 	146 	958 	1608 	3547 	3647 	4340 	4520 	5181 	5270 	5874 	6514 	8480 	8662 	9450 	 
0 	275 	320 	430 	987 	2324 	2767 	3590 	5779 	5817 	6396 	8862 	8986 	 
0 	37 	2384 	2598 	3831 	6040 	6388 	6649 	8909 	9041 	9643 	 
0 	724 	949 	2407 	3500 	4438 	4632 	5042 	6004 	7345 	 
0 	763 	941 	2248 	2532 	2899 	5746 	8174 	9544 	9692 	 
0 	29 	1511 	2028 	2671 	4760 	5169 	6213 	6465 	9803 	 
0 	662 	667 	911 	2651 	2863 	2945 	4165 	4922 	5189 	5760 	8863 	9786 	9845 	 
0 	499 	1481 	2654 	4505 	6270 	6600 	8409 	9167 	9221 	 
0 	247 	2092 	2202 	4386 	4849 	7508 	9291 	9366 	 
0 	2028 	2655 	3205 	3234 	3400 	4038 	5187 	5758 	6316 	 
0 	4034 	4804 	4815 	5402 	5538 	6115 	7257 	7393 	8084 	8645 	 
0 	2153 	2839 	3471 	3583 	3842 	3981 	6979 	7179 	9871 	 
0 	78 	2928 	3128 	5179 	5972 	7329 	7372 	8131 	8690 	9470 	9485 	 
0 	1303 	1485 	2025 	2122 	4171 	4835 	5442 	6400 	6521 	7284 	7975 	9213 	 
0 	178 	1444 	2184 	3203 	4454 	4957 	7157 	8145 	9579 	 
0 	755 	1371 	2754 	3266 	6264 	6558 	9626 	9981 	9983 	 
0 	21 	64 	1027 	1620 	1755 	2491 	4695 	5657 	6221 	6741 	6777 	9462 	 
0 	263 	1264 	1937 	2198 	2439 	2644 	2885 	4496 	4541 	6969 	8290 	8321 	9053 	 
0 	106 	1236 	1659 	2135 	4167 	4272 	5533 	6205 	6715 	6762 	9271 	 
0 	362 	1299 	1643 	1723 	1781 	2738 	5884 	5901 	 
0 	1086 	1252 	3219 	5432 	6654 	7859 	9524 	9613 	 
0 	1185 	1987 	5445 	5923 	6210 	7150 	7941 	 
0 	434 	2045 	2055 	2942 	3646 	3936 	4031 	5032 	7560 	8733 	9980 	 
0 	306 	1287 	2092 	2634 	2695 	3687 	4328 	4688 	5450 	6291 	6340 	6458 	8998 	9752 	 
0 	463 	611 	671 	1874 	2054 	2835 	3313 	6885 	7162 	7812 	8689 	9156 	9365 	9519 	9773 	 
0 	981 	2745 	4118 	4326 	5626 	6167 	6326 	6399 	7558 	9319 	9697 	9843 	 
0 	1354 	1523 	1927 	3132 	3380 	3592 	6585 	7273 	8247 	9563 	 
0 	186 	191 	1342 	3508 	3567 	3794 	5119 	5915 	8060 	8172 	9668 	 
0 	94 	933 	3392 	4145 	7423 	8424 	8869 	9162 	 
0 	2007 	2999 	3264 	3578 	3690 	4784 	4876 	5531 	7443 	8983 	9039 	9812 	 
0 	1100 	1111 	1843 	1847 	4397 	5107 	7519 	7738 	9409 	 
0 	283 	334 	1772 	2658 	2801 	3944 	4211 	5169 	5582 	5679 	6638 	6973 	8639 	9960 	 
0 	357 	5498 	5519 	6804 	7411 	8543 	9906 	 
0 	2544 	4455 	4570 	5328 	6697 	7519 	7656 	8002 	8039 	 
0 	71 	104 	2630 	4259 	4523 	5030 	6656 	6827 	6865 	7683 	 
0 	624 	2297 	3289 	4093 	4356 	4560 	4978 	6408 	7423 	8642 	8829 	9288 	9372 	 
0 	101 	502 	1047 	2309 	4012 	6396 	 
0 	1614 	1644 	1710 	1882 	3495 	4303 	4835 	5860 	6038 	6343 	6484 	7546 	9390 	 
0 	887 	3820 	3962 	6294 	7943 	8266 	9038 	 
0 	2221 	3234 	3955 	4651 	7096 	7670 	8460 	9332 	9362 	 
0 	50 	905 	2380 	2437 	3312 	4004 	5915 	6148 	8144 	8659 	8864 	9826 	 
0 	3356 	5644 	7687 	7923 	7980 	 
0 	1013 	1774 	1852 	2597 	6156 	8992 	 
0 	4239 	4802 	5019 	5053 	6685 	7041 	8236 	8402 	 
0 	3134 	3692 	5092 	5500 	6029 	6153 	7944 	8216 	8570 	8984 	9320 	 
0 	374 	1013 	1855 	3730 	4622 	4665 	5301 	5618 	6064 	8590 	9942 	 
0 	464 	1708 	2584 	4012 	4374 	5338 	5433 	6603 	8373 	8965 	9964 	 
0 	59 	557 	1614 	2563 	2753 	4717 	4996 	6032 	6093 	7783 	8197 	 
0 	96 	878 	907 	2303 	2485 	3132 	3502 	4106 	4830 	7636 	8433 	8707 	9981 	 
0 	285 	313 	409 	1202 	2762 	4614 	5734 	8879 	9250 	 
0 	322 	1332 	1538 	1748 	1830 	4463 	5038 	6009 	6472 	7313 	 
0 	99 	436 	1193 	2145 	3323 	3768 	4145 	4462 	4761 	4953 	5212 	6500 	7718 	9151 	9427 	 
0 	1087 	1380 	1697 	2027 	2185 	3547 	6046 	6400 	7779 	7782 	 
0 	479 	2518 	2877 	2934 	4338 	4395 	4558 	5259 	5536 	5669 	5704 	7442 	7634 	8249 	 
0 	1991 	2561 	2868 	4220 	6412 	7046 	7372 	8333 	9328 	 
0 	113 	581 	883 	3795 	4239 	4519 	5203 	6116 	6227 	6328 	6752 	7061 	8312 	9563 	 
0 	256 	292 	1957 	2091 	3704 	3920 	7953 	9618 	 
0 	137 	198 	351 	1544 	1874 	5161 	5745 	8927 	 
0 	2376 	4500 	4701 	4836 	6373 	6633 	8025 	8194 	8274 	8654 	8890 	 
0 	156 	796 	1303 	1661 	2483 	3059 	3401 	3819 	4269 	6126 	6336 	6389 	6571 	6704 	6770 	7553 	7860 	8828 	 
0 	123 	512 	1448 	1651 	2161 	2284 	2880 	7051 	7219 	7674 	8645 	 
0 	47 	997 	1118 	4033 	4703 	4856 	5710 	5907 	5923 	6474 	6658 	7234 	7956 	9571 	9973 	 
0 	68 	1345 	2430 	3685 	4487 	5317 	5886 	6163 	6747 	7713 	8638 	8813 	 
0 	3652 	3757 	4040 	5599 	7314 	7794 	9444 	9460 	 
0 	7796 	9717 	 
0 	569 	2307 	3641 	4479 	4607 	4853 	5768 	8041 	9374 	 
0 	136 	2939 	3204 	3463 	3578 	3836 	5305 	5739 	5840 	7964 	8518 	9005 	9697 	 
0 	3420 	3974 	5321 	5647 	7465 	8948 	9163 	9381 	 
0 	936 	1047 	2291 	5038 	5136 	6632 	7136 	8934 	9913 	 
0 	939 	3705 	4251 	4906 	6010 	6614 	7458 	7589 	8241 	9104 	 
0 	824 	3727 	4624 	5534 	6450 	8018 	9944 	 
0 	366 	440 	1980 	3758 	4349 	6480 	7467 	8212 	9798 	 
0 	1124 	2773 	3137 	3689 	5149 	6008 	6591 	7263 	8415 	 
0 	253 	701 	1193 	1253 	1875 	2333 	4227 	6610 	7017 	7894 	8573 	9145 	9442 	9504 	 
0 	190 	1289 	1555 	4504 	6939 	7626 	7820 	9367 	9438 	9512 	 
0 	82 	771 	1119 	2456 	5662 	6205 	 
0 	1056 	1089 	1657 	2502 	2648 	2819 	5095 	5874 	6659 	7131 	7507 	8130 	9372 	9479 	 
0 	1109 	1304 	3137 	3975 	5094 	5128 	5770 	5895 	6533 	7095 	8867 	 
0 	1806 	1851 	2703 	2738 	6233 	6507 	7843 	9372 	9685 	 
0 	365 	554 	1038 	2011 	4959 	6233 	6930 	7179 	7947 	8900 	9208 	 
0 	396 	1834 	2836 	3443 	3457 	3702 	4618 	4701 	4871 	5568 	5569 	6032 	7053 	7486 	7607 	7784 	7813 	9616 	9968 	 
0 	1445 	3524 	4240 	5062 	5401 	7031 	7076 	7643 	7904 	9514 	 
0 	1716 	1813 	2392 	7444 	9625 	 
0 	632 	884 	940 	3001 	3048 	3707 	4311 	5359 	5494 	6402 	8015 	8126 	8208 	9172 	9465 	9539 	 
0 	453 	1729 	2728 	3928 	4729 	8162 	8329 	8861 	9107 	9736 	9965 	 
0 	235 	478 	2152 	3487 	3981 	4503 	5146 	5576 	6018 	7617 	 
0 	723 	2768 	4279 	4435 	4751 	6093 	6736 	7861 	 
0 	633 	1223 	3405 	3790 	4839 	6116 	6150 	6944 	7214 	8923 	9580 	9975 	 
0 	5725 	6921 	8273 	8635 	9536 	9770 	 
0 	2870 	5506 	6216 	7257 	7471 	8278 	8409 	8453 	9225 	9340 	 
0 	84 	100 	852 	1423 	1732 	2585 	2840 	3109 	4674 	5797 	6122 	6162 	6323 	7172 	8280 	9726 	 
0 	875 	1010 	1880 	2114 	5777 	6496 	6620 	6748 	7185 	 
0 	129 	763 	4356 	4942 	6292 	9385 	 
0 	247 	2865 	3986 	4290 	4573 	5847 	6785 	6827 	7242 	7670 	9261 	9817 	 
0 	2299 	2419 	3743 	4333 	4540 	4816 	4869 	5022 	5327 	5504 	6391 	6687 	7039 	 
0 	82 	428 	809 	2340 	2963 	3105 	3236 	4031 	5876 	6404 	6789 	6921 	7157 	7506 	8776 	9862 	 
0 	1519 	2919 	3727 	5046 	5227 	6957 	7829 	8019 	8333 	8548 	 
0 	94 	1059 	1547 	3153 	4164 	4469 	5795 	6203 	7778 	8519 	 
0 	312 	1729 	2028 	4721 	4779 	5403 	7718 	8938 	9302 	 
0 	382 	2214 	3088 	4881 	6356 	7093 	7708 	8094 	 
0 	1402 	2948 	4120 	5534 	5806 	6421 	6518 	6932 	7294 	7316 	7405 	8805 	9374 	9902 	9963 	 
0 	528 	1310 	3187 	3285 	3300 	3533 	5090 	6014 	6286 	8814 	 
0 	2017 	2030 	7994 	8922 	9731 	 
0 	668 	991 	2171 	2421 	3625 	4242 	5563 	5668 	6504 	7186 	7191 	7478 	 
0 	158 	2514 	2735 	3731 	4566 	5191 	5815 	7158 	7538 	8901 	 
0 	2437 	3211 	3486 	4956 	5207 	7028 	7495 	7561 	7962 	8705 	8914 	9311 	 
0 	63 	451 	981 	1335 	1684 	2450 	2671 	3335 	3555 	4780 	5605 	7853 	8047 	8190 	9097 	 
0 	950 	1538 	1675 	2788 	4579 	4699 	7907 	8161 	8265 	9947 	 
0 	657 	1665 	3295 	3309 	5044 	5993 	7016 	7140 	7407 	7532 	8598 	 
0 	1454 	1833 	1948 	3410 	4068 	5241 	5730 	 
0 	208 	1381 	3357 	4939 	5172 	5513 	7889 	8276 	 
0 	687 	793 	2535 	3416 	4768 	4878 	5435 	8256 	9221 	9526 	 
0 	1843 	3259 	4183 	5544 	6500 	 
0 	495 	778 	1570 	2144 	2223 	4597 	4701 	5035 	6968 	7221 	7696 	 
0 	134 	173 	814 	1403 	1655 	2454 	3629 	3637 	3709 	4714 	5084 	6072 	7332 	7768 	 
0 	792 	2094 	2333 	2640 	2900 	3463 	5472 	6165 	6826 	6941 	7606 	9113 	9322 	 
0 	445 	944 	1162 	1945 	6080 	6281 	7185 	8726 	8734 	9776 	 
0 	1305 	1535 	1748 	2511 	2544 	2866 	2932 	3299 	3645 	3805 	4594 	5121 	5173 	5777 	6538 	6835 	7881 	8121 	8427 	 
0 	1291 	1300 	1749 	2557 	4265 	5219 	5976 	6237 	7361 	7474 	7955 	8157 	8628 	9508 	 
0 	110 	309 	1811 	3214 	6341 	7117 	7569 	8200 	8271 	8736 	8757 	 
0 	214 	1612 	1739 	1973 	3481 	4590 	5896 	5902 	6947 	7895 	 
0 	304 	1266 	1744 	1810 	2043 	4223 	4691 	4891 	4945 	5793 	6099 	8254 	8785 	 
0 	1226 	1397 	2663 	4429 	4576 	6051 	6541 	7064 	7133 	8098 	8156 	9652 	9749 	 
0 	1328 	1508 	3396 	4083 	4248 	7843 	8827 	9220 	 
0 	309 	1090 	2018 	3043 	6450 	6535 	7773 	9692 	 
0 	761 	967 	1750 	2109 	2254 	2275 	3235 	5547 	5613 	5614 	6064 	6744 	8647 	9139 	9527 	 
0 	434 	1264 	2310 	4425 	4525 	4637 	6885 	7004 	8166 	 
0 	160 	1367 	2317 	3749 	5194 	6732 	8417 	8659 	9840 	 
0 	545 	1917 	2587 	3025 	3269 	6141 	7085 	7256 	7415 	7472 	 
0 	135 	157 	842 	900 	1750 	2447 	3585 	4246 	5809 	5810 	7292 	8496 	8698 	9426 	 
0 	1796 	2204 	3217 	4609 	4968 	5019 	6958 	8131 	9446 	 
0 	252 	399 	1838 	3133 	3353 	3824 	4620 	4984 	5678 	6091 	6747 	7365 	9293 	9333 	9870 	 
0 	204 	221 	449 	789 	835 	2498 	3292 	4110 	4289 	4389 	6335 	6458 	8132 	8632 	 
0 	3763 	4706 	5084 	6922 	7190 	7409 	7594 	9420 	 
0 	1234 	1314 	2015 	2637 	3724 	4149 	4638 	5263 	5436 	6271 	6313 	8321 	8613 	9206 	9889 	 
0 	185 	1925 	2145 	2274 	4078 	4306 	5184 	5268 	5640 	5756 	6381 	6454 	7777 	 
0 	1209 	5642 	5974 	7740 	7769 	7784 	 
0 	235 	336 	407 	977 	1159 	2570 	2604 	3730 	5401 	6414 	8271 	8747 	9377 	9697 	 
0 	1069 	1254 	2846 	2876 	3064 	3700 	5310 	7175 	7407 	7979 	8062 	8436 	8679 	9769 	 
0 	945 	1055 	1448 	1662 	2905 	3771 	4582 	4750 	5227 	7512 	8398 	9542 	9728 	9789 	 
0 	1154 	1755 	2361 	3132 	3581 	7405 	8321 	8692 	9573 	 
0 	284 	1182 	1609 	1815 	1840 	2076 	5484 	6139 	6210 	6236 	6412 	6865 	7302 	9068 	 
0 	87 	130 	800 	5033 	5794 	6246 	6705 	8143 	9472 	 
0 	161 	180 	1141 	2468 	5555 	5865 	6223 	7027 	7063 	 
0 	808 	1925 	2106 	2770 	6077 	6823 	6972 	7066 	8305 	8633 	 
0 	31 	637 	1924 	2180 	3853 	6914 	8373 	8832 	 
0 	1669 	1758 	2369 	2758 	6226 	6968 	7281 	8406 	 
0 	1066 	1846 	4834 	5513 	6137 	7636 	 
0 	131 	688 	1400 	2174 	2355 	2368 	3487 	3720 	4255 	4296 	5198 	5892 	8511 	9722 	9755 	 
0 	431 	2243 	2464 	6154 	6217 	6721 	7820 	8613 	9623 	 
0 	73 	561 	647 	797 	1999 	3605 	4277 	4526 	7515 	7622 	9013 	 
0 	14 	364 	2731 	3496 	4317 	5678 	5998 	6700 	7567 	8905 	9138 	9564 	9742 	 
0 	4336 	4702 	6145 	6153 	6198 	8538 	9001 	9323 	9846 	9854 	 
0 	2315 	4493 	4588 	4791 	4981 	5970 	6390 	6500 	6649 	8807 	9668 	 
0 	1142 	2703 	3388 	6207 	6875 	7502 	 
0 	965 	5543 	6651 	7143 	7192 	8015 	8825 	9944 	 
0 	98 	973 	1506 	1762 	2227 	3259 	4014 	4129 	4613 	6663 	7211 	8092 	8099 	9250 	 
0 	1444 	1699 	2470 	5163 	5425 	6127 	7631 	8996 	9753 	9990 	 
0 	60 	345 	2066 	4806 	4868 	5608 	6163 	8167 	9021 	9244 	 
0 	209 	2559 	4354 	4689 	5375 	8806 	9579 	9842 	 
0 	1898 	3812 	4353 	5290 	5750 	6272 	7214 	7542 	8445 	9251 	 
0 	90 	812 	1487 	1631 	2088 	2291 	2293 	4753 	5070 	5828 	7091 	7301 	8030 	8949 	9928 	9961 	 
0 	217 	1760 	2068 	2106 	3490 	4039 	6468 	7530 	8440 	9746 	 
0 	602 	1080 	1458 	2615 	3100 	3169 	3220 	5247 	6866 	7061 	7113 	 
0 	1062 	1720 	1872 	4489 	7020 	7250 	7525 	 
0 	407 	2743 	2789 	2965 	5747 	6173 	6371 	6853 	6875 	7320 	7603 	8176 	 
0 	100 	243 	687 	1703 	1788 	4222 	4400 	4775 	7964 	8434 	9155 	9402 	 
0 	150 	1226 	1491 	1846 	2425 	9737 	 
0 	420 	1333 	1435 	1720 	1855 	2169 	2504 	3251 	3273 	3549 	3779 	7161 	7227 	7356 	9183 	 
0 	332 	594 	2105 	3527 	3971 	4161 	9746 	9966 	 
0 	259 	546 	835 	2209 	3785 	6561 	7080 	7262 	8442 	9950 	 
0 	105 	1495 	2065 	3751 	5543 	6427 	9517 	 
0 	646 	1498 	2146 	4937 	5286 	5912 	6168 	7340 	7516 	7730 	8566 	8577 	9191 	 
0 	1471 	2995 	6470 	7884 	9219 	 
0 	2377 	3222 	3699 	3803 	4756 	4871 	5934 	6244 	6541 	7971 	8045 	8126 	8660 	 
0 	430 	1318 	2316 	2583 	4543 	4794 	5004 	5308 	6855 	7360 	7947 	9019 	 
0 	684 	949 	1723 	1896 	2107 	2183 	2354 	3519 	4368 	4965 	5510 	5565 	5997 	7226 	8141 	8607 	9963 	 
0 	101 	3326 	4195 	5974 	7011 	7407 	9087 	 
0 	2723 	3475 	4759 	5835 	5856 	7089 	8454 	 
0 	20 	902 	1081 	3241 	4070 	5699 	6746 	8826 	 
0 	816 	1438 	4011 	4685 	5135 	6851 	9139 	 
0 	1267 	2049 	2579 	3393 	3453 	3651 	7889 	9881 	 
0 	2135 	2644 	2799 	3101 	3311 	5074 	6223 	6391 	8049 	8411 	9206 	9663 	9723 	 
0 	1832 	2805 	3405 	5303 	5808 	5976 	8989 	9390 	9749 	 
0 	1450 	2037 	3101 	4365 	6178 	6397 	6504 	6687 	7150 	7561 	7862 	 
0 	21 	245 	867 	1271 	1609 	2665 	3659 	4683 	7435 	8720 	8722 	9570 	 
0 	1097 	3501 	4135 	4467 	6134 	6838 	 
0 	824 	883 	3425 	3530 	4208 	5036 	6476 	 
0 	693 	1191 	1691 	2119 	4810 	4840 	6608 	7988 	8671 	9764 	 
0 	642 	1374 	2793 	5095 	9714 	 
0 	1453 	1957 	2494 	3177 	4456 	6061 	6688 	7528 	 
0 	418 	930 	956 	1548 	1732 	2474 	3408 	4513 	5912 	6838 	6949 	8482 	9423 	 
0 	218 	2281 	2568 	3095 	3354 	4036 	6142 	6619 	 
0 	160 	1405 	2249 	2260 	2817 	2904 	4187 	4222 	4320 	4993 	6414 	 
0 	749 	1506 	1722 	2837 	3098 	3623 	4098 	5524 	6165 	8020 	 
0 	240 	2227 	4802 	6419 	6722 	6729 	6896 	8245 	9047 	9717 	 
0 	850 	1350 	1805 	2036 	3955 	6330 	7308 	7587 	8632 	 
0 	2541 	4361 	7463 	8728 	 
0 	275 	778 	1432 	6153 	6232 	6389 	7004 	7698 	8169 	8417 	9790 	 
0 	1339 	1425 	2586 	3825 	7124 	7793 	9970 	 
0 	498 	2000 	2558 	3521 	3749 	4086 	4388 	6811 	7210 	8369 	9086 	 
0 	2363 	2431 	2786 	4150 	4377 	4846 	5018 	5100 	5291 	6408 	7308 	7932 	8143 	8393 	8761 	8805 	 
0 	625 	1480 	2601 	3920 	4310 	5887 	9466 	 
0 	452 	2001 	2949 	3551 	4975 	6325 	6470 	6684 	7042 	8279 	9178 	9889 	 
0 	490 	1419 	1961 	4070 	5850 	6432 	6840 	7616 	8016 	8544 	8713 	9755 	 
0 	942 	2409 	3480 	5593 	5622 	8218 	9683 	 
0 	1385 	3075 	3446 	4143 	5894 	5978 	6499 	6869 	7206 	 
0 	222 	1913 	2093 	2228 	2783 	3190 	4284 	8827 	9497 	 
0 	988 	2594 	3958 	4678 	4968 	9007 	9042 	9164 	 
0 	360 	1451 	2870 	3472 	6198 	6501 	8767 	9688 	9825 	 
0 	779 	1034 	1545 	1751 	2309 	4494 	4862 	5049 	6852 	7079 	8742 	 
0 	403 	941 	1419 	2177 	2951 	3748 	4040 	5260 	7077 	8763 	9283 	9768 	9928 	 
0 	1766 	6940 	6957 	7029 	7777 	8796 	 
0 	919 	2919 	3141 	5563 	5735 	6785 	7107 	9267 	 
0 	192 	5394 	6598 	6766 	7314 	7498 	9686 	 
0 	955 	2385 	3838 	5349 	5409 	6105 	6439 	7129 	7465 	7487 	7512 	9005 	9788 	 
0 	239 	881 	1773 	2043 	2555 	3087 	4358 	4913 	5503 	5586 	5706 	6999 	 
0 	92 	2001 	2116 	3684 	4303 	5250 	5459 	6139 	7460 	7951 	8209 	8544 	8573 	 
0 	1056 	1355 	2900 	3249 	4822 	5141 	6443 	6464 	6566 	6758 	8350 	9814 	 
0 	841 	2219 	2462 	6033 	7876 	8533 	9205 	9704 	 
0 	71 	944 	1734 	3519 	4337 	4818 	5974 	6269 	8228 	8980 	9232 	 
0 	1876 	2629 	2955 	5063 	5561 	5953 	7900 	 
0 	256 	454 	2211 	2249 	3087 	3502 	3642 	3988 	4429 	5898 	5956 	6565 	7165 	7244 	9161 	9250 	 
0 	979 	990 	2078 	2210 	2819 	3428 	4453 	6273 	6563 	6585 	6597 	6803 	7001 	 
0 	423 	1318 	2029 	3147 	3927 	5050 	5201 	5558 	5700 	7880 	8119 	8415 	9312 	 
0 	214 	2374 	3521 	6318 	6447 	 
0 	385 	1648 	2244 	2335 	2456 	2732 	3465 	3492 	5705 	5871 	6617 	7446 	7901 	8140 	 
0 	192 	406 	1934 	1936 	4837 	5566 	7050 	7673 	7886 	8582 	 
0 	1050 	5445 	5606 	5865 	7969 	9537 	9683 	 
0 	936 	1908 	1968 	6820 	7477 	8636 	8848 	9659 	 
0 	1962 	3214 	3505 	4028 	4201 	4816 	5408 	6170 	6175 	6322 	6650 	8740 	9887 	 
0 	433 	644 	650 	2138 	2796 	3153 	3316 	3398 	3916 	5248 	6393 	6883 	7161 	7529 	7549 	7655 	8031 	8624 	 
0 	903 	3155 	3160 	3358 	3780 	4702 	4775 	5024 	5194 	5438 	6756 	6767 	6884 	6966 	7738 	9137 	9962 	 
0 	17 	1002 	4052 	4670 	4858 	5771 	6214 	6380 	6773 	 
0 	135 	1687 	2721 	2858 	4054 	6312 	8229 	8823 	8901 	9248 	9483 	9966 	 
0 	1199 	2203 	2451 	4121 	6745 	7115 	8627 	9117 	9373 	9618 	 
0 	193 	391 	714 	1989 	3047 	3348 	3465 	4212 	5023 	7118 	8282 	8756 	9012 	9731 	9845 	 
0 	580 	1025 	2775 	2784 	2934 	4397 	6748 	7110 	8022 	8969 	 
0 	1426 	2884 	4320 	5237 	6669 	7235 	8327 	9784 	 
0 	2913 	3601 	4259 	5205 	6273 	8634 	8685 	 
0 	1403 	1599 	2165 	2203 	4212 	4478 	8493 	9144 	 
0 	1199 	1426 	1640 	2618 	2656 	3117 	5362 	6250 	8225 	8715 	 
0 	414 	915 	1579 	3517 	4810 	5242 	6032 	 
0 	32 	2098 	2325 	3063 	3977 	6910 	7087 	8479 	9083 	9642 	9951 	 
0 	2877 	4267 	4953 	7245 	7329 	8104 	8582 	8930 	9297 	9618 	 
0 	404 	540 	980 	2962 	3428 	4858 	5076 	8168 	8911 	 
0 	487 	1807 	1935 	2009 	2658 	4105 	9599 	 
0 	492 	578 	968 	1042 	2072 	4801 	4985 	5465 	5669 	6865 	8622 	 
0 	86 	1117 	1421 	1727 	2967 	3264 	7995 	 
0 	655 	867 	1472 	2324 	4903 	5503 	6405 	8492 	8957 	9278 	9735 	 
0 	306 	1097 	1481 	1718 	2872 	2944 	4111 	5848 	8384 	8525 	9624 	9742 	 
0 	585 	630 	937 	1651 	2007 	3947 	4091 	6071 	6745 	8318 	8361 	8440 	8777 	8929 	9566 	 
0 	296 	532 	2655 	3407 	3732 	5445 	7557 	8165 	8298 	8882 	 
0 	880 	1616 	2908 	2969 	2999 	3584 	5494 	6164 	7085 	7615 	8368 	8795 	9068 	 
0 	1945 	2717 	3451 	3786 	5204 	5685 	5909 	6162 	7531 	8434 	8556 	 
0 	817 	1328 	3274 	4185 	4356 	6338 	6807 	7474 	9175 	 
0 	2783 	3111 	4713 	5585 	6536 	8745 	9923 	 
0 	1561 	1655 	3263 	3545 	3593 	4338 	5571 	5612 	5653 	6193 	6532 	6655 	6692 	7780 	7878 	8528 	 
0 	736 	3532 	6830 	8361 	8842 	9231 	9334 	 
0 	716 	1276 	3102 	3194 	3851 	3866 	4631 	6303 	6410 	6595 	8108 	9898 	 
0 	113 	1296 	1505 	3058 	3410 	4024 	4031 	5353 	5590 	5609 	6078 	6220 	6335 	6772 	7489 	7789 	7983 	8057 	8530 	9104 	 
0 	1585 	1757 	3082 	4992 	5548 	5672 	6694 	7465 	8744 	9040 	9800 	 
0 	98 	705 	1055 	1863 	2013 	2341 	2381 	2428 	4764 	4952 	4984 	5645 	6632 	 
0 	387 	835 	4407 	5323 	5849 	5932 	7031 	8304 	9597 	 
0 	441 	610 	1789 	3648 	6137 	7242 	7385 	8371 	 
0 	1544 	1781 	3153 	3974 	4740 	5379 	6215 	7562 	9730 	 
0 	624 	1337 	1763 	1837 	2338 	5180 	5226 	5837 	7036 	7239 	7253 	7356 	 
0 	724 	1183 	1243 	2514 	2824 	4336 	6720 	9019 	 
0 	91 	1544 	1931 	2392 	3145 	3772 	3912 	8920 	 
0 	1058 	1249 	3381 	3625 	5118 	8306 	 
0 	654 	2019 	2378 	3273 	3335 	3492 	3788 	4396 	4822 	5977 	6678 	7238 	7483 	8505 	9295 	 
0 	1235 	1668 	1730 	2590 	5320 	5989 	6049 	6185 	7282 	7828 	7884 	9184 	9269 	9747 	 
0 	709 	719 	818 	3640 	4154 	4198 	4836 	4842 	8874 	 
0 	579 	1190 	2621 	3115 	3229 	4236 	4425 	7194 	7476 	7840 	8299 	 
0 	39 	1390 	1585 	2372 	5149 	7254 	7346 	7690 	8694 	 
0 	387 	710 	2596 	5977 	6265 	6360 	8084 	8264 	8661 	9732 	 
0 	191 	324 	4410 	4630 	4683 	5173 	8569 	8944 	9244 	9615 	 
0 	236 	922 	5048 	5958 	6120 	7509 	7921 	8331 	 
0 	212 	416 	3299 	3306 	3546 	5829 	6154 	6486 	7156 	8722 	8763 	9516 	 
0 	371 	4442 	4669 	4862 	6625 	7301 	7702 	8924 	9646 	 
0 	691 	1644 	3359 	4244 	5962 	6139 	6575 	8399 	8716 	 
0 	976 	1545 	4871 	5785 	6688 	6726 	7053 	9040 	 
0 	10 	696 	4971 	6388 	6404 	6884 	8555 	9541 	 
0 	2994 	4046 	4938 	5193 	8681 	9354 	 
0 	4144 	7261 	9207 	 
0 	9 	39 	478 	1214 	3701 	4456 	5017 	6078 	7262 	7337 	7923 	8696 	8779 	9553 	 
0 	798 	3511 	5484 	6273 	6969 	8943 	9426 	 
0 	278 	644 	824 	1856 	3130 	4423 	5129 	6330 	9399 	9688 	 
0 	1893 	2398 	3846 	6447 	8038 	 
0 	2168 	4740 	6023 	6515 	7218 	7445 	7495 	9758 	 
0 	484 	1225 	1656 	2300 	3140 	3207 	7614 	9599 	 
0 	1112 	1658 	1685 	2486 	3214 	3355 	3944 	4420 	4672 	7173 	9528 	 
0 	339 	511 	698 	2788 	3263 	4011 	6973 	8677 	9284 	 
0 	235 	1990 	3255 	3959 	4725 	6244 	6484 	6970 	7624 	7847 	8496 	9743 	 
0 	689 	859 	2055 	3079 	4416 	5433 	6562 	7314 	7322 	8720 	9734 	 
0 	455 	697 	1765 	3119 	6715 	 
0 	1124 	4016 	6468 	6614 	6799 	8361 	8404 	9241 	9360 	 
0 	306 	723 	2763 	3165 	3387 	4954 	5126 	5370 	6278 	8274 	8567 	8626 	9703 	 
0 	502 	869 	1951 	2406 	4253 	4278 	4960 	5311 	5705 	5924 	7035 	7495 	9267 	9860 	 
0 	1874 	3931 	4834 	5035 	5705 	6880 	7195 	9370 	9685 	9892 	 
0 	2569 	5634 	7440 	 
0 	715 	1980 	2996 	4928 	5341 	5752 	6438 	6909 	8185 	8649 	8906 	9837 	 
0 	3605 	3757 	3971 	4910 	5029 	5130 	5327 	5335 	6651 	7345 	7356 	7946 	8397 	9449 	9533 	 
0 	1625 	2763 	2805 	2973 	3106 	7722 	7815 	8009 	8631 	8632 	9004 	 
0 	1492 	2576 	4368 	6324 	6516 	6897 	7445 	7561 	8185 	8249 	8370 	9623 	 
0 	416 	2232 	2896 	4195 	5658 	6982 	7635 	8419 	9637 	9732 	 
0 	1014 	1498 	2376 	2495 	2858 	3998 	4433 	7854 	8147 	9015 	 
0 	841 	1587 	3114 	4731 	5251 	5631 	5717 	5983 	6346 	7009 	7304 	8238 	8345 	8646 	 
0 	688 	689 	5107 	5320 	6513 	6835 	7046 	8267 	8408 	9861 	 
0 	788 	4269 	4954 	 
0 	1902 	2877 	2940 	3091 	3103 	4459 	9049 	9315 	 
0 	898 	1821 	3209 	4352 	7516 	8238 	9670 	 
0 	484 	973 	2811 	3616 	5582 	5819 	8280 	8342 	 
0 	1174 	1370 	2600 	3262 	4256 	6944 	6994 	8625 	9452 	9762 	 
0 	431 	542 	4687 	6007 	6203 	6499 	6552 	7299 	8242 	8416 	9158 	 
0 	95 	686 	2614 	2734 	3418 	4383 	4688 	7440 	9190 	 
0 	776 	2225 	3081 	3286 	3461 	3739 	5225 	5503 	5554 	5676 	7061 	7195 	 
0 	1716 	2451 	4434 	5100 	6653 	7324 	8351 	8409 	9070 	9663 	 
0 	2176 	2766 	5607 	7704 	8126 	 
0 	1534 	3042 	4348 	5216 	6434 	6630 	7494 	7574 	9328 	9403 	 
0 	1126 	2265 	2902 	3344 	5138 	7132 	8111 	8356 	8431 	8498 	8655 	8934 	9524 	 
0 	308 	932 	1275 	2846 	3869 	4373 	5460 	5838 	6010 	8352 	8620 	 
0 	709 	1708 	1974 	2808 	7092 	 
0 	636 	5250 	5788 	6688 	6968 	9309 	9949 	 
0 	1070 	1588 	2113 	4020 	4195 	5000 	6607 	6761 	7452 	7841 	8146 	9056 	9507 	9539 	 
0 	365 	595 	1184 	1623 	1675 	3436 	4251 	5767 	7520 	7878 	8021 	9105 	9830 	 
0 	208 	5540 	5970 	6151 	8477 	8654 	9220 	9874 	9987 	 
0 	3242 	3297 	3853 	4579 	6439 	8321 	8763 	9173 	9989 	 
0 	87 	121 	1032 	2133 	2593 	3013 	3973 	4562 	5361 	5682 	6581 	8261 	 
0 	248 	255 	320 	764 	1796 	1861 	3088 	4306 	5249 	5386 	6534 	6573 	6676 	7094 	7540 	8917 	9510 	 
0 	213 	419 	2402 	2605 	5259 	6406 	6584 	8619 	9028 	9452 	9556 	 
0 	393 	1107 	1464 	4115 	6974 	8824 	9588 	 
0 	263 	1069 	1535 	2052 	3035 	3098 	4076 	5900 	7370 	7481 	7968 	7991 	8727 	9388 	9622 	 
0 	205 	1651 	2683 	4111 	4699 	 
0 	1282 	1479 	1953 	2218 	3404 	4300 	4429 	6242 	9717 	 
0 	2463 	2514 	2589 	2651 	2816 	3820 	4437 	6117 	6379 	6652 	7977 	 
0 	2275 	3073 	4212 	4246 	4917 	5783 	6970 	8004 	9935 	 
0 	573 	1057 	1145 	2539 	2634 	3474 	5140 	5416 	7807 	8375 	9463 	 
0 	883 	931 	2672 	3275 	3317 	4241 	4889 	7251 	 
0 	1666 	2081 	2787 	3949 	4057 	4803 	5568 	5867 	5895 	6280 	8276 	8563 	8564 	8638 	 
0 	221 	500 	2664 	2870 	3714 	4059 	5367 	5916 	6488 	6653 	6756 	6889 	7737 	9402 	 
0 	238 	687 	2125 	4271 	4815 	5068 	5960 	6623 	 
0 	2182 	3939 	5852 	7375 	7748 	8615 	9825 	 
0 	368 	1128 	2041 	2159 	2673 	2937 	3007 	4187 	4290 	5072 	 
0 	900 	1593 	4907 	5648 	6268 	7187 	8123 	9264 	 
0 	231 	1178 	4179 	5652 	5678 	6071 	7133 	7877 	8231 	9610 	9928 	 
0 	324 	3074 	3467 	5749 	6724 	8335 	8383 	8918 	 
0 	844 	1622 	1792 	2242 	2970 	3262 	5015 	6316 	7752 	7980 	9067 	 
0 	72 	2732 	3676 	4342 	5570 	5815 	6075 	6547 	8744 	9320 	9678 	9976 	 
0 	2661 	3720 	4975 	5079 	6602 	6778 	8054 	9300 	 
0 	1165 	1374 	3278 	4814 	5775 	6043 	6051 	6336 	8415 	8910 	9731 	 
0 	247 	360 	823 	935 	1859 	1886 	2670 	3686 	4736 	5738 	5907 	6274 	7349 	7841 	 
0 	825 	856 	2609 	3909 	4140 	6310 	8873 	9355 	9456 	 
0 	346 	811 	1191 	1439 	2254 	6589 	6672 	8440 	9760 	 
0 	317 	1254 	1951 	2595 	2953 	5598 	7235 	7949 	9409 	9429 	 
0 	174 	2979 	3148 	5115 	6099 	8179 	 
0 	129 	892 	1853 	1947 	2520 	6771 	7355 	7388 	9297 	9867 	 
0 	1310 	2012 	2884 	2958 	3613 	3731 	4080 	5181 	6365 	8102 	8721 	9301 	9698 	9853 	 
0 	1673 	3001 	3260 	3985 	4264 	5442 	6640 	7270 	7639 	8791 	9065 	9188 	9657 	 
0 	697 	1777 	1882 	4147 	4821 	5622 	7086 	7302 	7556 	8547 	9213 	 
0 	49 	571 	1436 	1843 	2030 	2173 	2900 	3369 	3827 	6764 	7082 	8687 	 
0 	88 	398 	769 	1002 	2922 	3730 	4171 	5204 	6869 	9486 	 
0 	345 	571 	2860 	4348 	4746 	5778 	5914 	5925 	6182 	6190 	7919 	8329 	 
0 	779 	1721 	2264 	2342 	2862 	3927 	4916 	6254 	6348 	6526 	8356 	8574 	9334 	 
0 	1842 	2139 	2142 	5540 	5995 	6587 	7957 	8496 	9735 	 
0 	967 	1188 	2590 	4043 	6447 	6726 	7275 	8056 	8333 	 
0 	4582 	5150 	6686 	7591 	7702 	8170 	8513 	8896 	 
0 	462 	1152 	2012 	2115 	2134 	2243 	3473 	4536 	5120 	5767 	6285 	8765 	 
0 	1696 	3506 	6065 	8573 	9749 	 
0 	32 	100 	283 	1325 	1677 	2425 	4215 	4594 	4850 	6989 	7746 	9344 	9353 	 
0 	3279 	6666 	7408 	7472 	8653 	8965 	 
0 	2146 	4050 	4393 	4983 	5826 	6027 	6585 	7621 	7886 	7901 	8390 	8951 	9422 	9793 	 
0 	653 	1429 	1589 	1979 	2192 	2926 	3349 	3929 	4965 	5284 	7777 	 
0 	630 	743 	2720 	5437 	5704 	6377 	7624 	8305 	9169 	9614 	 
0 	305 	791 	847 	1437 	5452 	5637 	6191 	9052 	9709 	 
0 	412 	1271 	2777 	3450 	3933 	4511 	4973 	5995 	7521 	8280 	 
0 	296 	1403 	1709 	2225 	2684 	2841 	2849 	4175 	4879 	6705 	6974 	9310 	9935 	 
0 	556 	667 	855 	1506 	1612 	2238 	2324 	2757 	3618 	4816 	6064 	6075 	7430 	8499 	9026 	9815 	 
0 	1021 	1480 	2134 	3832 	5008 	5262 	5693 	6362 	8024 	 
0 	1045 	4790 	7381 	7589 	8203 	8390 	9117 	9690 	 
0 	501 	2050 	2545 	3665 	4488 	4579 	4806 	5997 	6627 	6745 	7108 	7794 	9025 	 
0 	970 	1925 	2707 	2826 	4199 	7023 	7403 	7986 	8163 	8582 	 
0 	555 	636 	1392 	2640 	3393 	4483 	5476 	5570 	7971 	 
0 	439 	952 	1392 	2173 	3929 	5044 	6862 	8627 	8641 	 
0 	1158 	1341 	2288 	3272 	4617 	5084 	5317 	6285 	7403 	8072 	8433 	8992 	9189 	9251 	9496 	 
0 	3779 	4326 	4618 	5010 	6931 	7557 	8362 	8466 	8961 	 
0 	957 	2569 	3227 	4462 	5490 	5663 	8926 	9673 	 
0 	183 	1812 	2608 	4886 	6289 	6702 	6823 	8463 	9798 	9819 	 
0 	146 	1178 	1826 	4424 	8665 	 
0 	282 	1999 	2341 	2456 	6306 	6969 	7175 	7519 	7738 	7746 	9771 	 
0 	64 	928 	2066 	2115 	5571 	5617 	6180 	8931 	9046 	9339 	9906 	 
0 	355 	639 	1505 	3266 	3654 	6870 	7137 	7435 	9262 	9520 	 
0 	107 	2818 	3075 	3807 	3867 	4319 	4962 	5201 	5275 	7649 	7856 	7982 	8735 	9573 	 
0 	609 	1390 	2266 	2384 	2719 	3793 	3998 	5840 	6091 	7858 	7868 	 
0 	525 	592 	1808 	2279 	2410 	2591 	3937 	4986 	6798 	7233 	7646 	7997 	8692 	9179 	9461 	 
0 	1709 	2053 	2705 	2798 	3100 	3723 	5196 	5601 	6019 	6157 	7378 	7695 	 
0 	78 	273 	488 	1039 	1325 	2171 	3796 	4410 	4636 	5095 	 
0 	1168 	1247 	1253 	1603 	4896 	5067 	6269 	6629 	6749 	7311 	8075 	 
0 	1191 	4135 	4361 	4383 	4416 	6825 	8960 	9711 	 
0 	947 	1674 	2103 	2394 	2889 	4455 	4535 	5249 	5358 	5851 	6082 	6422 	6985 	9154 	 
0 	794 	1053 	4364 	7731 	8226 	 
0 	205 	513 	1182 	1347 	1419 	1990 	2535 	3224 	5891 	5923 	5997 	7358 	7710 	9108 	 
0 	3151 	4171 	4867 	5015 	5275 	5438 	6247 	7273 	9003 	9501 	 
0 	769 	1378 	1600 	4436 	4982 	5170 	5795 	5958 	8111 	9662 	 
0 	2226 	3051 	3121 	3165 	4920 	5722 	6273 	7177 	8897 	 
0 	229 	590 	2867 	3437 	3989 	4245 	4952 	5743 	6143 	7038 	7072 	9907 	 
0 	4253 	5366 	9592 	 
0 	1824 	2349 	3030 	4184 	6302 	9842 	 
0 	552 	1703 	2907 	5083 	6134 	6501 	7376 	8328 	9131 	9144 	9775 	 
0 	1182 	6618 	7533 	8990 	 
0 	329 	480 	894 	921 	1115 	2587 	3913 	4559 	5655 	6045 	6618 	8966 	9525 	 
0 	4417 	4874 	5867 	6338 	6777 	8746 	8984 	9872 	9895 	 
0 	2863 	3686 	6266 	6976 	7174 	8006 	 
0 	3797 	4719 	4782 	5998 	6340 	6475 	7781 	 
0 	125 	304 	532 	534 	623 	1048 	2019 	2571 	4074 	4350 	7027 	8348 	8696 	9018 	 
0 	133 	902 	2908 	4859 	5124 	5577 	7645 	8902 	9251 	9363 	 
0 	2214 	3957 	4716 	6330 	6980 	 
0 	472 	1137 	1633 	1767 	1875 	1963 	2677 	3884 	4967 	5245 	5596 	6091 	6568 	7619 	7770 	 
0 	276 	1063 	1177 	1827 	1931 	1976 	4198 	4401 	6362 	6399 	6636 	6910 	 
0 	353 	761 	1095 	1451 	1672 	2177 	3058 	3701 	4800 	5023 	5325 	5379 	6393 	8296 	 
0 	147 	2575 	3005 	3369 	4047 	5871 	8054 	8079 	8940 	9352 	9428 	9854 	9955 	 
0 	1317 	2360 	2808 	4009 	5348 	5984 	6965 	7348 	7868 	8159 	8452 	9533 	 
0 	816 	1222 	3450 	4040 	4046 	4596 	5164 	 
0 	557 	1043 	1412 	4924 	5682 	7139 	7500 	8977 	9360 	 
0 	2566 	5074 	5321 	6842 	7210 	8461 	 
0 	1018 	1113 	1517 	1769 	2210 	2335 	2435 	3757 	6516 	7232 	 
0 	1411 	1530 	1539 	2290 	4387 	5067 	5581 	5752 	6248 	6618 	9537 	9609 	 
0 	601 	2316 	2674 	3416 	5337 	7196 	8939 	9575 	 
0 	346 	598 	671 	958 	1812 	3254 	3501 	4055 	4610 	4925 	 
0 	29 	1331 	1864 	5104 	5113 	5150 	5806 	7912 	9694 	 
0 	1063 	1620 	2177 	2431 	2600 	2605 	4813 	5079 	5488 	5502 	5933 	8634 	8737 	9235 	9467 	9570 	 
0 	481 	1241 	2153 	2163 	2176 	2574 	3204 	3761 	3986 	4269 	6025 	6601 	7172 	7970 	8149 	8774 	8961 	9780 	 
0 	206 	1134 	1222 	1360 	1565 	2160 	2593 	3253 	5237 	5312 	6273 	6458 	6922 	8337 	8602 	9386 	 
0 	1849 	2937 	3140 	3589 	3732 	4654 	4760 	6021 	8411 	9051 	9373 	 
0 	176 	1580 	1916 	2395 	2564 	2977 	4149 	4183 	6011 	6711 	8555 	8607 	 
0 	53 	939 	2808 	3845 	3949 	6137 	6515 	8606 	9318 	9735 	 
0 	14 	1026 	3324 	4277 	5311 	5603 	7047 	8467 	 
0 	1706 	2724 	4568 	4592 	5227 	8533 	9902 	 
0 	397 	886 	1785 	5246 	5963 	7065 	9019 	9323 	 
0 	821 	831 	1709 	2331 	2700 	6999 	 
0 	384 	551 	1628 	2968 	5195 	6818 	7593 	8453 	9571 	 
0 	548 	1120 	8208 	8626 	8751 	 
0 	626 	887 	2249 	5022 	5043 	5339 	5678 	6426 	6986 	 
0 	553 	964 	1661 	2240 	3318 	4665 	8463 	9587 	9615 	 
0 	122 	172 	1757 	2965 	3075 	3324 	3415 	7974 	7980 	8203 	8665 	8729 	 
0 	1290 	1365 	1678 	2630 	3087 	4163 	6258 	8362 	8427 	8907 	9809 	 
0 	1290 	2656 	2855 	3893 	3985 	4166 	4875 	6997 	7067 	7477 	7981 	9447 	 
0 	1200 	1897 	1979 	2442 	3392 	3692 	3693 	3746 	4442 	5053 	5225 	5485 	8045 	8764 	 
0 	3459 	4132 	4164 	4389 	5431 	6346 	7740 	8007 	8812 	8860 	9119 	9284 	9834 	 
0 	582 	1545 	2102 	3550 	3790 	4079 	4153 	5180 	6089 	6261 	6822 	8013 	 
0 	1074 	1376 	1633 	2717 	3090 	4132 	4464 	4939 	6204 	6655 	6694 	7482 	8350 	9445 	 
0 	421 	887 	987 	1698 	2807 	3270 	3423 	4970 	5114 	6965 	 
0 	1273 	1439 	2056 	2902 	4894 	4988 	7278 	7565 	7699 	9283 	 
0 	2072 	2318 	4107 	4477 	9714 	 
0 	1059 	1437 	1459 	3751 	4988 	7201 	7282 	7386 	8510 	8574 	8873 	 
0 	3459 	3754 	4814 	5853 	6008 	6116 	6523 	6629 	8519 	8884 	 
0 	168 	2141 	3258 	3360 	3502 	4481 	6112 	6702 	7818 	9988 	 
0 	535 	570 	677 	2643 	2880 	4308 	4736 	 
0 	1560 	2491 	3305 	4040 	4354 	7925 	8164 	 
0 	6040 	6418 	7435 	9672 	 
0 	526 	2802 	6299 	7029 	7124 	8740 	 
0 	200 	461 	3247 	4565 	4844 	5452 	5806 	6621 	7143 	7145 	7250 	8130 	8664 	9796 	9928 	 
0 	1807 	2439 	2686 	3120 	3365 	3842 	3852 	5613 	5933 	6807 	7992 	8515 	9993 	 
0 	117 	3207 	3343 	4768 	4831 	5577 	5670 	5808 	6168 	6875 	7130 	7682 	9127 	 
0 	1085 	1819 	2418 	2783 	3611 	9303 	 
0 	59 	829 	985 	1101 	1781 	4414 	4766 	5632 	7660 	8351 	 
0 	1453 	3231 	3438 	3963 	6898 	7700 	9100 	9927 	 
0 	208 	482 	643 	691 	764 	3472 	3617 	6457 	7770 	8818 	9703 	 
0 	2794 	3991 	6970 	7272 	 
0 	1206 	1615 	1652 	1825 	2809 	3493 	5070 	6209 	6519 	6590 	7830 	8285 	 
0 	1125 	1504 	2620 	2894 	3632 	4144 	5499 	7007 	9711 	 
0 	233 	692 	1016 	2488 	3277 	5713 	6449 	8907 	9280 	 
0 	308 	481 	1680 	4469 	4535 	5849 	5997 	6418 	8650 	8786 	9479 	 
0 	553 	1770 	3321 	4856 	5096 	5405 	5424 	6686 	9239 	9804 	 
0 	55 	526 	717 	1614 	2235 	3952 	4004 	4130 	7774 	8021 	 
0 	1534 	3568 	4028 	5075 	5346 	5983 	7587 	7804 	8144 	 
0 	1872 	4234 	4401 	8745 	9777 	 
0 	1031 	1326 	3405 	3431 	4100 	4409 	5421 	6082 	6664 	7065 	7687 	9035 	9554 	9574 	 
0 	2662 	3321 	7506 	7805 	7893 	 
0 	320 	1133 	1457 	1653 	4716 	6082 	6227 	6688 	6989 	9747 	 
0 	1357 	5594 	6065 	6142 	6764 	8675 	 
0 	521 	665 	1518 	1823 	2867 	3037 	3379 	3850 	4332 	5124 	5132 	6082 	6138 	6276 	9240 	9380 	 
0 	414 	470 	1147 	1929 	5157 	8783 	8880 	 
0 	675 	2279 	3399 	4906 	5029 	5363 	6500 	7197 	7976 	8335 	8574 	 
0 	1864 	2432 	2531 	5451 	 
0 	932 	5813 	9226 	9693 	 
0 	1364 	3493 	3789 	5915 	9035 	 
0 	464 	1032 	2170 	2269 	4682 	5108 	6208 	6374 	6991 	7990 	9135 	 
0 	2230 	3045 	3549 	4197 	4456 	5692 	5899 	6605 	6673 	9277 	 
0 	277 	1257 	1737 	2971 	4024 	6412 	8410 	8487 	8902 	8922 	9681 	 
0 	14 	212 	1438 	2800 	4296 	5533 	6100 	6211 	6355 	6846 	7075 	8283 	8431 	9397 	 
0 	1432 	1476 	1800 	2033 	2341 	2835 	2921 	4478 	5878 	6503 	6826 	6956 	7026 	7382 	7453 	7685 	8273 	8360 	 
0 	475 	2614 	2636 	5789 	6774 	6910 	 
0 	1162 	2041 	4272 	5127 	6125 	6370 	8452 	 
0 	268 	741 	2496 	3079 	4109 	5491 	5918 	6686 	7167 	7863 	9259 	9854 	 
0 	1318 	3499 	3689 	3901 	5388 	6012 	8166 	9575 	 
0 	1049 	2410 	2742 	3626 	5996 	6285 	6581 	6986 	7072 	7359 	7659 	8327 	9362 	9662 	9774 	 
0 	532 	548 	2052 	3699 	4279 	4722 	5046 	5753 	5981 	6803 	7120 	7722 	8769 	 
0 	1313 	4550 	4987 	8523 	8748 	9144 	 
0 	1662 	2374 	4346 	4498 	5184 	5283 	5295 	5587 	 
0 	47 	1589 	2720 	2879 	3645 	3969 	4642 	8382 	8676 	9986 	 
0 	274 	507 	2725 	3347 	3732 	4153 	4313 	6294 	6395 	8404 	8717 	8992 	 
0 	3098 	5393 	5445 	5635 	5708 	5818 	 
0 	63 	4081 	4292 	4461 	4683 	5557 	7268 	8287 	8922 	9596 	 
0 	667 	870 	2470 	2899 	4281 	5222 	5704 	6062 	7455 	7760 	8658 	9476 	 
0 	1038 	1783 	2363 	2713 	2809 	3027 	3092 	6372 	6911 	7235 	 
0 	1791 	4920 	6155 	6400 	6551 	7497 	8304 	8447 	9450 	 
0 	76 	1453 	1812 	2886 	3203 	4090 	4491 	4545 	7123 	7125 	7162 	9944 	 
0 	670 	3437 	5328 	8084 	8226 	9600 	9821 	9838 	9953 	 
0 	773 	1264 	4053 	5761 	6138 	6414 	8566 	 
0 	64 	281 	1108 	1231 	1528 	3228 	4733 	4837 	5479 	5825 	8054 	8337 	8494 	9969 	 
0 	4040 	4653 	4758 	5017 	5791 	5907 	6339 	6843 	 
0 	264 	633 	1540 	2362 	4313 	4644 	6397 	7992 	9932 	 
0 	4010 	4397 	4533 	4680 	5273 	6484 	7184 	9106 	9826 	 
0 	549 	1197 	1670 	1845 	5944 	5960 	6671 	8171 	8257 	8824 	9749 	 
0 	358 	1441 	4523 	5245 	6608 	7040 	7362 	9865 	 
0 	495 	547 	573 	1335 	1762 	2314 	2583 	7330 	8383 	8431 	8629 	8797 	 
0 	2284 	2379 	3384 	5529 	5962 	6165 	6337 	8410 	8602 	8688 	9292 	 
0 	1842 	1893 	2443 	2488 	4662 	5079 	6637 	8736 	 
0 	518 	2679 	4521 	4573 	6911 	7992 	8611 	9974 	 
0 	509 	1061 	1190 	3330 	6141 	6623 	6937 	7541 	7899 	8040 	8325 	8988 	 
0 	122 	993 	2051 	2381 	3414 	4826 	4887 	5571 	5613 	7264 	 
0 	2313 	3115 	3606 	3759 	7452 	 
0 	3016 	4824 	5736 	6353 	7381 	7847 	8958 	9053 	9742 	 
0 	325 	944 	1586 	1595 	4144 	7192 	8219 	8995 	9037 	9491 	 
0 	4004 	4186 	5897 	7390 	 
0 	242 	525 	1015 	1935 	2233 	2344 	3040 	3561 	5234 	9336 	9352 	 
0 	998 	2155 	3434 	4351 	6908 	7016 	 
0 	1781 	2194 	2567 	2842 	3239 	4223 	4766 	5026 	5192 	7187 	8877 	9066 	9583 	 
0 	1825 	2933 	3211 	4230 	5451 	5490 	5552 	9067 	9324 	9506 	 
0 	1750 	2155 	2525 	3063 	4287 	7760 	9834 	 
0 	233 	464 	993 	1252 	2132 	2809 	3284 	4450 	4602 	5555 	7239 	8008 	8796 	 
0 	259 	375 	1813 	4316 	4340 	5430 	5673 	7719 	7745 	7942 	9000 	9730 	 
0 	315 	801 	1650 	1864 	4361 	4575 	6613 	6832 	7855 	7863 	7970 	8080 	8628 	8737 	8864 	 
0 	287 	815 	2249 	4530 	4813 	4986 	7053 	7499 	8393 	9304 	 
0 	356 	578 	1252 	2222 	2254 	3076 	3220 	4198 	4858 	5190 	8361 	8868 	 
0 	110 	166 	3447 	4390 	5822 	5974 	6712 	7355 	8117 	8431 	8815 	9183 	9357 	 
0 	775 	888 	2293 	2345 	2701 	4491 	5225 	6117 	7931 	8503 	 
0 	1869 	5573 	7140 	8018 	8857 	8929 	9016 	 
0 	3034 	3943 	4575 	5153 	6422 	7413 	7784 	8499 	8945 	9597 	 
0 	455 	1626 	2611 	2955 	3431 	3580 	6973 	8798 	 
0 	3579 	4764 	6360 	6366 	6386 	6586 	6849 	6857 	8374 	8580 	8636 	8824 	9756 	9992 	 
0 	308 	1344 	2177 	2857 	3045 	3046 	3069 	3502 	4086 	5692 	6064 	6730 	7661 	 
0 	52 	240 	2723 	2944 	3464 	4077 	4504 	5622 	5700 	8849 	9297 	9597 	 
0 	100 	1079 	2582 	3132 	3149 	3587 	5292 	6334 	9227 	9305 	9673 	 
0 	3 	1478 	1513 	3416 	7050 	7352 	 
0 	30 	3262 	3851 	4311 	6567 	7457 	7530 	8218 	8576 	8855 	 
0 	208 	226 	1814 	2503 	4672 	5658 	5913 	6020 	6999 	7557 	7618 	7680 	9602 	9704 	 
0 	3998 	5300 	7784 	8154 	9032 	 
0 	724 	911 	1567 	2451 	3621 	6256 	7305 	9637 	9790 	 
0 	597 	1235 	2836 	4368 	5495 	5569 	5896 	6381 	6640 	7218 	7582 	9962 	 
0 	1331 	2574 	3064 	3120 	3398 	5492 	6136 	8190 	9158 	 
0 	31 	703 	1861 	2322 	3360 	3371 	3879 	6358 	7417 	8228 	 
0 	1177 	2016 	2421 	2666 	2686 	4364 	4776 	5579 	5674 	5837 	6463 	6734 	8827 	9388 	 
0 	466 	1093 	1297 	2304 	6631 	6902 	7327 	8427 	9481 	 
0 	442 	1723 	2166 	2716 	2736 	4536 	4548 	4838 	6406 	8463 	 
0 	2982 	3287 	4718 	8203 	8769 	 
0 	2072 	3734 	3912 	7107 	7267 	7283 	9089 	9708 	9797 	9979 	 
0 	190 	478 	1205 	3496 	3928 	7121 	8616 	9562 	9898 	 
0 	2973 	3216 	3535 	4513 	4582 	5168 	6549 	9151 	 
0 	1034 	4255 	4265 	7133 	7722 	8422 	8564 	9720 	 
0 	676 	1476 	1914 	4108 	5862 	9828 	 
0 	218 	2118 	2370 	2801 	3164 	4889 	5102 	6553 	8954 	9389 	 
0 	1134 	2938 	5289 	6609 	8332 	8947 	9484 	 
0 	812 	1226 	1507 	1695 	3282 	3799 	4705 	5976 	6764 	6811 	8535 	 
0 	247 	648 	809 	1892 	3091 	4025 	4461 	5208 	7385 	8386 	 
0 	1436 	1938 	2033 	2565 	2607 	2621 	2868 	4397 	5114 	5378 	6153 	6335 	7786 	7982 	8015 	 
0 	36 	1648 	2198 	7245 	7906 	 
0 	1836 	3801 	4383 	4477 	4584 	4878 	6302 	7066 	7383 	8192 	 
0 	1738 	2135 	3772 	3788 	5998 	6327 	7012 	7426 	7713 	9095 	9158 	9985 	 
0 	27 	1934 	2141 	3403 	3461 	6091 	6140 	9954 	 
0 	3398 	3444 	4714 	8728 	9203 	 
0 	105 	1718 	3007 	3167 	4749 	5326 	6316 	6783 	7356 	7403 	7595 	8247 	8760 	9744 	 
0 	127 	1428 	1531 	1815 	3295 	3490 	4272 	4332 	5690 	6082 	6535 	7116 	8608 	9580 	 
0 	355 	1599 	2280 	3339 	3519 	3923 	5579 	6744 	7441 	9600 	 
0 	968 	4414 	4871 	5373 	6586 	8851 	 
0 	1346 	1454 	2014 	3866 	4679 	6944 	7288 	7870 	 
0 	343 	1645 	2173 	2841 	4026 	5193 	5721 	8521 	9892 	 
0 	145 	1202 	2895 	3594 	4402 	5318 	8121 	9060 	9494 	9653 	 
0 	2208 	2724 	3351 	3525 	5335 	5960 	7683 	8623 	9613 	9780 	9907 	 
0 	292 	1496 	2018 	5520 	7983 	 
0 	491 	1701 	3685 	3686 	4244 	5557 	5583 	6475 	7910 	 
0 	945 	1220 	2138 	4901 	5229 	5293 	7658 	8888 	9641 	 
0 	2440 	3580 	4690 	6146 	7009 	7520 	7624 	7679 	7879 	8588 	9655 	9855 	 
0 	131 	633 	4824 	6157 	6687 	7158 	7217 	7972 	8655 	9717 	9967 	9975 	 
0 	597 	662 	1427 	1503 	2089 	2254 	2447 	3399 	3433 	3517 	6644 	 
0 	115 	2195 	3005 	4114 	4641 	4865 	5513 	5683 	6643 	8068 	9428 	9870 	 
0 	837 	1283 	1492 	3392 	3764 	5530 	6079 	6764 	8349 	 
0 	951 	2388 	2436 	2592 	4104 	4424 	6577 	7278 	7929 	7984 	8469 	 
0 	751 	3406 	3997 	4000 	5833 	6469 	7062 	7303 	9563 	 
0 	834 	923 	3423 	5305 	5897 	8616 	9256 	9677 	 
0 	35 	4755 	5358 	8056 	8746 	 
0 	2043 	2392 	5203 	5476 	5647 	7221 	8716 	 
0 	399 	417 	1451 	1556 	2243 	3955 	4700 	5721 	6059 	8195 	8897 	9240 	 
0 	91 	1127 	2183 	2711 	4181 	5051 	5330 	5425 	6055 	6635 	9694 	 
0 	70 	1127 	2156 	2807 	5121 	7599 	9529 	 
0 	500 	2169 	3127 	3156 	3734 	4131 	4145 	5438 	8580 	8631 	8900 	9901 	 
0 	161 	985 	1472 	2430 	4154 	4202 	5265 	6091 	7850 	8802 	 
0 	4885 	5460 	5946 	5955 	6129 	6207 	8089 	8250 	 
0 	1452 	2970 	3295 	3871 	4171 	9512 	 
0 	3235 	3346 	4552 	6671 	6716 	7383 	8162 	9149 	 
0 	423 	743 	3008 	5141 	6368 	6494 	6751 	8348 	9159 	 
0 	39 	1003 	3757 	5726 	5789 	5798 	5982 	6241 	6465 	7626 	8044 	8740 	 
0 	636 	873 	1645 	2083 	2335 	2819 	4163 	4297 	4372 	4786 	5027 	5169 	5242 	5488 	5595 	5766 	6655 	7374 	8014 	8835 	 
0 	614 	872 	1874 	4647 	6337 	8954 	9455 	 
0 	128 	2532 	2817 	3281 	6120 	7798 	8185 	8342 	8827 	 
0 	484 	1154 	2351 	2729 	3450 	3619 	3814 	4933 	7565 	8237 	9400 	 
0 	414 	901 	2430 	3763 	4605 	5156 	5788 	6041 	6221 	6321 	7516 	 
0 	936 	1588 	2989 	3322 	4094 	5080 	5358 	5430 	5647 	7611 	 
0 	989 	4254 	5345 	6501 	7278 	7754 	8569 	9099 	 
0 	46 	273 	961 	2072 	3078 	4064 	4519 	5267 	5398 	7068 	7583 	7613 	8552 	8847 	 
0 	198 	1203 	1224 	2615 	3094 	3404 	5443 	6366 	6743 	8106 	8121 	 
0 	2271 	5302 	6040 	7005 	7641 	7929 	8060 	8241 	8956 	9387 	 
0 	1513 	2402 	2539 	3474 	4019 	4666 	5656 	5665 	6654 	7016 	7074 	8268 	9415 	9883 	 
0 	786 	2618 	2898 	2914 	4639 	4971 	5184 	6183 	6346 	6430 	6484 	6862 	7892 	8223 	9075 	9937 	 
0 	998 	3680 	6478 	8233 	9973 	 
0 	2221 	3244 	3366 	3378 	3758 	6114 	6753 	6889 	7099 	 
0 	148 	984 	2774 	3884 	4046 	4707 	4809 	5086 	5392 	5602 	5970 	7949 	9024 	9639 	 
0 	1180 	1572 	1747 	2416 	2695 	3496 	3557 	3633 	3983 	6582 	6650 	9135 	9799 	 
0 	463 	3959 	4309 	5776 	9257 	9701 	 
0 	447 	1337 	3652 	5312 	5378 	5680 	5954 	8444 	8630 	9305 	9520 	 
0 	161 	356 	1586 	2010 	2495 	3184 	3770 	3948 	4726 	7422 	8624 	9139 	 
0 	2624 	4116 	4731 	5644 	5690 	5820 	6024 	6455 	7612 	7795 	8315 	8563 	9715 	 
0 	1396 	1533 	5791 	6146 	6635 	9134 	9538 	9940 	 
0 	607 	958 	985 	3137 	4162 	5166 	5740 	5989 	6927 	8034 	8728 	8774 	 
0 	483 	694 	946 	1959 	3079 	3468 	3608 	3995 	4604 	6443 	7080 	8912 	9951 	 
0 	653 	1315 	2504 	3517 	5651 	6091 	9441 	9956 	 
0 	205 	584 	766 	2634 	3201 	5709 	5746 	6256 	6504 	7308 	7924 	8092 	8807 	8911 	 
0 	114 	494 	696 	1062 	1380 	1401 	3005 	5149 	5757 	8474 	 
0 	962 	1160 	2314 	5843 	7512 	7816 	8679 	9265 	 
0 	208 	569 	597 	810 	1880 	3789 	4909 	5266 	6464 	6675 	7630 	8234 	8955 	 
0 	476 	743 	1676 	1981 	2063 	3351 	3559 	6056 	7008 	7722 	7770 	8977 	9178 	9253 	 
0 	1741 	5541 	5960 	8367 	8527 	9706 	 
0 	1141 	2061 	3596 	3978 	5318 	5373 	7392 	 
0 	1902 	1925 	2778 	3020 	3078 	3223 	3288 	3614 	4071 	4241 	4475 	5029 	5924 	6161 	6549 	7022 	7269 	 
0 	451 	1478 	2452 	3000 	3298 	4586 	5182 	5361 	5621 	5781 	6996 	7693 	8209 	 
0 	994 	2388 	3501 	3774 	4298 	4413 	4753 	5227 	6130 	6359 	6446 	7171 	7196 	8455 	9349 	 
0 	1867 	2563 	3606 	6999 	7118 	7511 	8435 	9795 	 
0 	3878 	4025 	4122 	5299 	6595 	6864 	6987 	8037 	9198 	 
0 	2909 	4395 	5015 	6411 	7775 	8898 	9600 	 
0 	2242 	2384 	2615 	5926 	6125 	6624 	6876 	7986 	7992 	8351 	8425 	9114 	9596 	9806 	 
0 	824 	1268 	2201 	2551 	2929 	3136 	5157 	5504 	5620 	5675 	5799 	6924 	7154 	7544 	7907 	8353 	 
0 	277 	1389 	2009 	2218 	2909 	3027 	3690 	3893 	4424 	5522 	6843 	7274 	7584 	9488 	 
0 	743 	2862 	6743 	7303 	7403 	 
0 	860 	2161 	5817 	6309 	6310 	7564 	7915 	8752 	8875 	8948 	9894 	9972 	 
0 	1676 	1690 	2740 	5266 	5594 	6805 	6818 	8030 	 
0 	949 	7301 	8643 	9205 	9340 	9648 	 
0 	99 	170 	521 	598 	619 	836 	3668 	3805 	5893 	6836 	7445 	7954 	9137 	9288 	 
0 	373 	2245 	6694 	7274 	8810 	8975 	 
0 	431 	502 	1369 	1608 	2767 	4565 	4708 	5744 	6247 	7111 	7268 	8350 	 
0 	4354 	4547 	5420 	6401 	6776 	7293 	7397 	7605 	8296 	 
0 	234 	784 	2030 	2140 	3249 	4600 	4612 	6969 	6974 	7462 	7474 	8404 	8525 	9457 	9490 	 
0 	126 	907 	1228 	2319 	3022 	3554 	3936 	4086 	5535 	6542 	7358 	7444 	7814 	7860 	7914 	9691 	 
0 	2746 	2779 	4408 	5339 	5523 	6467 	6709 	 
0 	2487 	3420 	4317 	5008 	5101 	5920 	6258 	7470 	9014 	9063 	 
0 	848 	965 	975 	3689 	6145 	7567 	 
0 	287 	968 	1332 	1394 	1978 	2435 	2512 	3744 	4037 	4382 	5427 	8209 	8736 	9343 	9601 	 
0 	1239 	2578 	3090 	3254 	3324 	4601 	5035 	9332 	9629 	9750 	 
0 	2051 	2625 	2812 	3934 	4288 	5399 	6720 	7000 	9861 	 
0 	1745 	2653 	4250 	4695 	6047 	6349 	7035 	8593 	9056 	 
0 	734 	1561 	2993 	3972 	5909 	5920 	6222 	7587 	7623 	8144 	9406 	 
0 	1276 	1380 	1736 	2253 	2540 	2896 	5587 	7566 	8616 	8680 	9722 	 
0 	2655 	2702 	2998 	3674 	4479 	4675 	7247 	7908 	8103 	8659 	8720 	9041 	9649 	 
0 	106 	1363 	1717 	2056 	2825 	3223 	9152 	9182 	9721 	 
0 	526 	1297 	1889 	3019 	3754 	4720 	5521 	5610 	6876 	8394 	8753 	9005 	9098 	9491 	9513 	9606 	 
0 	105 	553 	2002 	2022 	2318 	3706 	4433 	4511 	7293 	9119 	9531 	 
0 	1964 	2337 	3361 	5588 	6066 	7569 	 
0 	1350 	3563 	3641 	4754 	7035 	8103 	 
0 	748 	806 	1506 	2441 	2889 	3433 	4286 	4585 	4917 	5150 	5314 	5672 	6977 	 
0 	1573 	2600 	3543 	4027 	5270 	6042 	8393 	9028 	9642 	 
0 	146 	1171 	4678 	6713 	7580 	8745 	 
0 	332 	1696 	2595 	3855 	3955 	4106 	6138 	6364 	7865 	 
0 	0 	1034 	2497 	2687 	3738 	4122 	4291 	4506 	4652 	7011 	9146 	9606 	9690 	 
0 	427 	471 	515 	797 	2512 	5339 	5417 	5656 	5810 	5854 	6613 	7292 	8384 	9743 	 
0 	396 	680 	1799 	2047 	2447 	3065 	3665 	3899 	4156 	5897 	5907 	6223 	6453 	8947 	 
0 	883 	941 	1117 	1442 	2452 	4078 	4338 	7783 	8203 	9675 	 
0 	246 	1977 	2472 	3211 	5296 	6836 	7203 	7242 	 
0 	821 	2054 	5376 	5508 	5929 	6192 	6899 	 
0 	1357 	1611 	1778 	4456 	6361 	6711 	7528 	7821 	 
0 	867 	1248 	2062 	3052 	4706 	5413 	5499 	5797 	6563 	6715 	8546 	8951 	9074 	9501 	9772 	 
0 	615 	2032 	2042 	2721 	3692 	4112 	4674 	5293 	7913 	7989 	8124 	 
0 	360 	4434 	4565 	5661 	6473 	6509 	7688 	8146 	8194 	9030 	9202 	9706 	 
0 	2454 	3093 	4550 	5095 	6476 	6753 	8653 	9533 	 
0 	1832 	4697 	4837 	5796 	7471 	7675 	9350 	9491 	 
0 	273 	739 	789 	3730 	4801 	7114 	7371 	7666 	7832 	8027 	9275 	 
0 	1497 	2041 	2815 	4179 	4755 	4757 	6054 	7652 	8814 	9660 	9749 	 
0 	684 	3778 	5031 	5929 	7314 	7680 	8760 	9524 	9569 	 
0 	1501 	1931 	2075 	3343 	3873 	3992 	5872 	5917 	6588 	6963 	9258 	9693 	 
0 	509 	1386 	1450 	1512 	3963 	7327 	7828 	7886 	8071 	9944 	 
0 	3 	657 	1259 	2040 	3649 	4564 	8227 	9554 	 
0 	480 	3047 	4226 	4496 	5961 	6328 	7109 	9622 	9991 	 
0 	1303 	3332 	3571 	5903 	6115 	6561 	6765 	8034 	8242 	8612 	9100 	9964 	 
0 	1030 	5206 	9849 	 
0 	1321 	1729 	2995 	3511 	3642 	4350 	6509 	6931 	6956 	6973 	9182 	9241 	9291 	9336 	 
0 	215 	600 	670 	899 	1949 	2165 	2384 	2956 	3015 	3574 	5637 	6109 	6127 	6794 	7235 	8019 	8154 	8733 	 
0 	1681 	1847 	3862 	5976 	6089 	6558 	7550 	7688 	8850 	 
0 	811 	1411 	3365 	5154 	 
