0 	255 	1145 	2164 	2681 	3072 	3599 	9674 	 
0 	166 	1274 	6849 	7415 	9565 	9853 	 
0 	547 	729 	1260 	2034 	6781 	 
0 	1072 	1324 	1843 	4121 	5938 	7148 	7759 	9245 	9616 	 
0 	2043 	4306 	5026 	8616 	9841 	 
0 	842 	1459 	1697 	2493 	7824 	8177 	9819 	 
0 	235 	1289 	1693 	2274 	3554 	4282 	6535 	6827 	7008 	7465 	7897 	8050 	9421 	9787 	 
0 	1479 	1984 	3843 	4617 	5051 	5354 	5730 	6211 	6490 	6634 	6698 	6819 	8139 	9077 	9161 	9242 	 
0 	1302 	1686 	1818 	4375 	4758 	5783 	7078 	7255 	8235 	 
0 	327 	1046 	4115 	4353 	5732 	6955 	8179 	8714 	8734 	8898 	9669 	 
0 	1048 	1053 	2642 	2752 	4372 	4624 	6264 	7508 	8213 	8901 	9212 	 
0 	828 	1216 	1994 	2107 	3029 	4737 	5330 	6287 	6983 	8646 	8926 	9097 	 
0 	2286 	4798 	5145 	6490 	6585 	9685 	 
0 	802 	2239 	2797 	2832 	4105 	5234 	6888 	8724 	9278 	 
0 	223 	300 	565 	593 	1046 	3072 	3835 	4404 	5040 	5300 	5802 	6874 	7368 	8686 	8807 	9532 	 
0 	2 	243 	1729 	3848 	5256 	6645 	7059 	7480 	8363 	8384 	8525 	8971 	9178 	9217 	9297 	9416 	 
0 	403 	690 	1312 	1883 	3945 	3975 	8195 	8855 	9348 	 
0 	411 	808 	4223 	6609 	7276 	8252 	8542 	 
0 	11 	454 	1855 	3896 	4014 	4388 	8250 	8712 	9280 	 
0 	1032 	4152 	4698 	5783 	6035 	6218 	7179 	7557 	8963 	9780 	 
0 	2141 	2707 	2965 	3433 	3982 	4850 	6343 	8069 	8666 	 
0 	1440 	1747 	1825 	2617 	4041 	4238 	4736 	6081 	7185 	7718 	7960 	8700 	8792 	9629 	 
0 	695 	2303 	2614 	6212 	6705 	7190 	8283 	9904 	9966 	 
0 	438 	995 	1750 	2682 	3924 	4592 	5139 	7955 	 
0 	3276 	4925 	6756 	7959 	9496 	 
0 	1466 	2266 	4734 	6355 	6378 	6505 	7677 	8458 	8689 	9662 	9759 	 
0 	606 	695 	2054 	4186 	6684 	6827 	7358 	9964 	 
0 	1568 	2446 	4674 	5102 	6317 	8406 	8895 	9141 	9678 	 
0 	1829 	2730 	5309 	6779 	7241 	7362 	8091 	 
0 	133 	332 	3626 	4291 	4347 	5769 	5887 	6433 	6683 	6787 	7133 	7995 	8251 	9098 	 
0 	476 	771 	2309 	2854 	3192 	5297 	5755 	6845 	7213 	8705 	 
0 	438 	728 	781 	1036 	1065 	3131 	3202 	4264 	5191 	5494 	6196 	6386 	6984 	7719 	 
0 	275 	707 	3498 	3511 	4350 	4383 	4545 	5737 	5805 	9040 	 
0 	157 	1255 	2215 	2811 	3549 	3733 	3791 	4108 	4522 	5126 	5255 	5727 	6455 	7668 	8152 	8784 	9068 	 
0 	432 	866 	2769 	2828 	5253 	5610 	6242 	6571 	9339 	9630 	 
0 	801 	1234 	5427 	6019 	7663 	8085 	8367 	8395 	9122 	 
0 	2505 	5979 	6344 	6845 	6995 	7272 	7431 	7744 	8041 	9543 	9598 	9927 	 
0 	3808 	5330 	5504 	5983 	6536 	6756 	7881 	8122 	8142 	8284 	8909 	 
0 	1558 	1643 	3746 	4166 	4340 	5817 	6217 	6892 	7258 	8073 	8521 	9536 	 
0 	611 	740 	2334 	2351 	2594 	7218 	7521 	 
0 	400 	3280 	3548 	3720 	4305 	4762 	4915 	5607 	5770 	6227 	6854 	6956 	8487 	 
0 	593 	1027 	1438 	3286 	4910 	5445 	6707 	7309 	7779 	9588 	9835 	 
0 	825 	1525 	2033 	3276 	4972 	5286 	5500 	6478 	7118 	7977 	9070 	9203 	 
0 	1603 	1879 	4653 	5208 	6395 	7005 	7050 	7194 	7707 	8542 	8865 	 
0 	340 	881 	4008 	5713 	6846 	9997 	 
0 	551 	1022 	1621 	2136 	2848 	3965 	4068 	4713 	5259 	7101 	9416 	9918 	 
0 	965 	1897 	2709 	3533 	4282 	4355 	5266 	6528 	7524 	7670 	8368 	9777 	 
0 	368 	583 	745 	1355 	2481 	3051 	3203 	4962 	7057 	7113 	9254 	9282 	9504 	9649 	 
0 	221 	1338 	2641 	5858 	7693 	9227 	9672 	 
0 	144 	320 	2253 	2646 	2946 	4574 	6572 	6695 	6987 	7979 	9569 	 
0 	887 	1693 	3607 	9812 	 
0 	1153 	1979 	3974 	4425 	4653 	6427 	6654 	6773 	6878 	8319 	8873 	9488 	9993 	 
0 	4167 	4185 	6998 	7611 	8931 	9148 	9814 	 
0 	1243 	3329 	3680 	6260 	7592 	7766 	8014 	8190 	9147 	9721 	 
0 	828 	1656 	2115 	2414 	4988 	5718 	5753 	7931 	 
0 	932 	987 	1331 	3521 	3930 	4897 	5003 	5352 	7517 	9669 	 
0 	363 	862 	1898 	2869 	4934 	5030 	5262 	5575 	7036 	7068 	9148 	 
0 	765 	934 	1870 	2340 	3187 	5231 	7844 	8045 	 
0 	950 	1868 	1912 	5251 	6650 	8475 	8492 	8966 	9819 	9991 	 
0 	3533 	4896 	5521 	5862 	5971 	6564 	 
0 	463 	1134 	1988 	5699 	8153 	8291 	8417 	9273 	 
0 	1788 	2749 	3175 	4493 	5601 	7404 	8199 	8907 	9094 	9100 	9399 	9721 	 
0 	471 	773 	2102 	2757 	3079 	3951 	4807 	6841 	8213 	8525 	9990 	 
0 	1343 	1414 	2954 	3527 	3531 	6498 	8078 	9381 	9554 	 
0 	2130 	2414 	3615 	4348 	4428 	4680 	4845 	5176 	5351 	6295 	6326 	9646 	 
0 	711 	887 	3014 	4671 	4783 	6785 	7260 	8818 	 
0 	165 	1991 	3743 	4969 	5040 	5420 	5905 	6278 	6464 	6922 	7230 	7492 	7647 	9951 	 
0 	3633 	3760 	4193 	5065 	5329 	5654 	5832 	8078 	8523 	8677 	9082 	9354 	9626 	 
0 	1103 	1316 	2115 	3767 	3904 	5348 	5653 	6121 	7091 	8885 	 
0 	1026 	1029 	2522 	2763 	5134 	6832 	9474 	9846 	9960 	 
0 	704 	1332 	5972 	6766 	8449 	9500 	 
0 	1780 	1899 	2238 	2935 	3246 	3840 	3955 	4554 	4648 	5575 	6430 	8120 	8437 	8499 	9286 	 
0 	369 	1108 	2043 	4417 	6441 	6477 	6969 	7192 	8880 	9993 	 
0 	1072 	3679 	5185 	5686 	7790 	8231 	9162 	9786 	 
0 	792 	1827 	2518 	5306 	6087 	6957 	8048 	8504 	8661 	 
0 	596 	4651 	4680 	5112 	5444 	5752 	5786 	6931 	7088 	7196 	7715 	9114 	9312 	 
0 	1009 	1436 	1559 	1999 	3697 	3796 	5475 	6379 	6651 	7016 	7050 	7058 	7295 	7854 	8729 	9360 	 
0 	545 	3157 	3268 	4210 	4447 	5143 	5558 	5788 	5796 	9383 	 
0 	141 	1092 	1753 	2246 	4563 	4588 	5573 	5798 	5961 	6673 	7217 	7558 	 
0 	784 	1925 	2919 	4890 	5915 	7723 	8617 	 
0 	62 	392 	3119 	3432 	4257 	4419 	8475 	9348 	 
0 	179 	191 	575 	1370 	2150 	2818 	3469 	3650 	4095 	6021 	6588 	7362 	8031 	8039 	9077 	9412 	9458 	9542 	9608 	 
0 	3334 	4702 	4780 	4782 	4784 	4876 	8801 	9148 	9656 	9671 	 
0 	609 	1211 	1504 	2623 	5000 	5574 	5788 	7138 	 
0 	2003 	2056 	2321 	2641 	2659 	4286 	5422 	7385 	8997 	 
0 	128 	847 	5804 	8635 	8713 	 
0 	354 	1320 	2753 	3631 	3725 	3844 	5008 	6236 	6632 	6826 	7226 	8190 	8231 	 
0 	1003 	1269 	1914 	2253 	3311 	6074 	9008 	9097 	 
0 	2706 	4277 	5187 	6679 	7005 	7286 	8403 	9360 	9556 	9632 	 
0 	61 	236 	2096 	2394 	3472 	4752 	4998 	5176 	5727 	5918 	7038 	7924 	8875 	 
0 	1062 	1752 	1924 	1957 	2600 	2859 	3390 	5660 	6648 	6750 	7213 	8211 	 
0 	378 	586 	881 	1012 	1020 	2221 	4033 	4434 	4696 	4720 	4873 	4900 	4929 	5735 	6228 	6369 	6775 	8669 	8867 	9100 	9327 	 
0 	830 	988 	1578 	1830 	2362 	2809 	3740 	5584 	5585 	7651 	8284 	9675 	9859 	 
0 	327 	474 	1106 	3653 	4350 	4389 	5272 	7014 	9477 	9908 	 
0 	730 	1614 	1657 	2476 	3416 	3859 	4036 	6128 	6737 	7221 	7737 	7867 	7944 	8627 	8719 	8853 	9842 	 
0 	353 	609 	1164 	2060 	2508 	4290 	5052 	5395 	6494 	7568 	7921 	8272 	8781 	9881 	 
0 	1636 	2577 	6318 	7854 	9129 	 
0 	2297 	4051 	6218 	7456 	9009 	 
0 	375 	1855 	2962 	5089 	5305 	6198 	7762 	8107 	9508 	 
0 	1908 	2335 	4424 	4658 	5219 	5423 	5676 	5727 	7355 	7680 	9768 	 
0 	186 	1539 	1772 	2529 	4793 	6756 	6764 	7964 	8298 	8364 	 
0 	142 	1890 	2371 	5312 	6448 	6721 	9138 	9657 	 
0 	37 	464 	3851 	5628 	8215 	8977 	 
0 	332 	1499 	1937 	1978 	2062 	2988 	6523 	7750 	9360 	9496 	9500 	9914 	 
0 	48 	79 	1375 	1970 	2145 	3562 	7558 	9525 	 
0 	291 	1700 	1956 	3349 	3370 	4518 	6313 	8692 	9781 	 
0 	2471 	2956 	5095 	7566 	9068 	9197 	 
0 	3113 	5814 	6243 	6420 	6506 	7896 	 
0 	98 	122 	285 	561 	1089 	2852 	5944 	7170 	7360 	7469 	8035 	9375 	 
0 	1030 	4997 	6352 	8015 	 
0 	134 	531 	1134 	4278 	5451 	6846 	7028 	7549 	8907 	 
0 	680 	2181 	2870 	2871 	3203 	6395 	6712 	7831 	7904 	9032 	 
0 	550 	2043 	2084 	3166 	3669 	4759 	5252 	5496 	6188 	8071 	8384 	9142 	9518 	 
0 	596 	900 	5055 	8205 	8642 	 
0 	2658 	3480 	3615 	3676 	4080 	4919 	6749 	8350 	9278 	 
0 	1680 	2573 	3100 	4313 	4994 	5267 	6213 	 
0 	315 	876 	1573 	2308 	2385 	3783 	4358 	4390 	4758 	5541 	6151 	7495 	9676 	 
0 	455 	2922 	3092 	3810 	4638 	4840 	5914 	6752 	6783 	9408 	 
0 	880 	1662 	3264 	6890 	9447 	 
0 	1033 	5062 	5411 	6537 	8333 	9074 	 
0 	475 	526 	982 	1282 	2260 	2694 	4014 	4580 	4908 	5106 	5508 	7786 	8072 	8747 	 
0 	1514 	1986 	5859 	5860 	6068 	6591 	6679 	6873 	7087 	7152 	7774 	8623 	 
0 	198 	872 	1424 	2094 	2733 	3909 	4209 	4393 	5308 	6228 	7344 	7586 	8072 	9565 	 
0 	218 	1242 	1413 	2546 	2630 	3579 	5032 	5731 	7794 	8487 	9055 	 
0 	904 	2376 	2413 	2984 	5956 	9651 	 
0 	486 	1199 	1338 	1425 	2510 	2604 	3334 	4796 	4943 	7640 	8471 	8489 	8896 	 
0 	344 	1766 	2156 	3780 	4066 	4213 	4362 	5266 	9546 	 
0 	643 	1224 	1505 	1914 	2005 	2234 	2317 	2611 	4460 	4997 	6366 	9194 	 
0 	354 	660 	977 	2099 	3318 	4301 	6094 	6199 	6368 	6836 	6841 	8097 	8953 	 
0 	1231 	4901 	5273 	8668 	9230 	 
0 	927 	4158 	4939 	5799 	6222 	6599 	8064 	8469 	9476 	 
0 	7974 	9057 	 
0 	88 	1905 	2333 	3591 	3910 	4031 	4045 	6237 	6770 	7054 	7489 	7541 	8246 	9341 	 
0 	467 	3119 	6259 	6532 	7072 	8275 	9153 	9691 	 
0 	150 	377 	427 	609 	1968 	2478 	2641 	3755 	4489 	4711 	5562 	6207 	6255 	6438 	7329 	7379 	7715 	9880 	9995 	 
0 	1387 	3061 	3373 	5399 	5725 	6199 	7954 	8027 	9092 	9636 	 
0 	1924 	2023 	2195 	2840 	3713 	3807 	4092 	4854 	6508 	6608 	6738 	 
0 	1250 	1884 	2451 	3724 	4450 	4567 	4738 	5429 	5809 	6174 	 
0 	121 	182 	248 	1122 	2411 	4784 	4812 	4974 	5003 	5422 	6273 	7483 	9526 	 
0 	123 	3533 	4444 	4520 	4583 	8594 	9604 	 
0 	1014 	2904 	4873 	5894 	9684 	 
0 	2940 	4431 	4823 	5021 	5624 	6539 	6894 	7192 	8914 	 
0 	472 	968 	1178 	1200 	1354 	2424 	4259 	4495 	4783 	5249 	6370 	6509 	7606 	8436 	9164 	9165 	9252 	 
0 	186 	350 	730 	1514 	2569 	3527 	3730 	4077 	4230 	4708 	6513 	7144 	7405 	9520 	 
0 	542 	2744 	3542 	5377 	6426 	7579 	8768 	9073 	 
0 	1814 	3508 	4455 	4958 	6467 	6700 	6760 	6896 	7797 	9936 	 
0 	2802 	4886 	4926 	7805 	8001 	8727 	9070 	 
0 	370 	1396 	1466 	1684 	2048 	2583 	2906 	3305 	3406 	3948 	5111 	6226 	8836 	 
0 	726 	784 	1136 	1407 	1933 	2807 	3931 	4343 	5618 	6191 	7136 	8118 	9674 	 
0 	1082 	5261 	9490 	 
0 	725 	1474 	1987 	2572 	2582 	4390 	5693 	6689 	 
0 	468 	2357 	2936 	4038 	4629 	5776 	5899 	6116 	6827 	7809 	8340 	 
0 	1117 	1805 	3589 	3977 	7727 	7906 	8996 	 
0 	170 	401 	444 	1267 	1309 	2074 	4347 	4455 	4501 	4869 	6815 	7428 	7810 	9552 	9570 	 
0 	675 	1412 	3155 	3979 	4452 	4581 	5510 	7294 	7657 	9763 	9846 	 
0 	926 	2100 	3323 	4809 	5301 	5569 	7149 	7335 	8321 	8611 	8810 	9461 	9472 	9542 	 
0 	642 	2079 	2333 	3474 	4345 	6551 	7830 	8494 	8670 	 
0 	1289 	2027 	2314 	2704 	3057 	3278 	3471 	3902 	4698 	4887 	6368 	6843 	7303 	7653 	8911 	9012 	9162 	 
0 	196 	637 	798 	1016 	1672 	2582 	3312 	3353 	3983 	5201 	5641 	5781 	9947 	 
0 	190 	820 	2962 	3303 	3840 	7993 	8470 	8884 	 
0 	1846 	3899 	6473 	7738 	8511 	 
0 	634 	1373 	1824 	2279 	2610 	2941 	4937 	5035 	5455 	7259 	8168 	9052 	 
0 	1163 	2749 	3796 	3842 	4393 	4557 	5138 	5592 	5965 	7745 	8194 	8356 	9749 	 
0 	1076 	1112 	1246 	2108 	2669 	2838 	2895 	3889 	4365 	4461 	5013 	5062 	7789 	7905 	8828 	9865 	 
0 	1181 	2001 	2297 	4556 	5015 	6315 	8788 	9035 	9811 	 
0 	4418 	4497 	4820 	6697 	7879 	8002 	 
0 	1816 	7982 	 
0 	111 	1761 	4109 	4328 	6515 	9127 	 
0 	38 	307 	2202 	2534 	2958 	3812 	4475 	4766 	5166 	6654 	6809 	8312 	9724 	 
0 	1982 	2579 	3459 	3494 	5722 	5813 	7191 	7723 	8013 	8119 	9350 	9804 	 
0 	157 	830 	992 	2201 	2482 	3151 	3229 	4153 	4533 	5050 	5631 	6556 	8913 	 
0 	171 	202 	888 	1029 	5416 	5736 	6756 	7488 	8812 	9628 	 
0 	215 	439 	1509 	2334 	6230 	6602 	7127 	8269 	8334 	9423 	9905 	9947 	 
0 	1 	1419 	2636 	3337 	3883 	3924 	4468 	5212 	7297 	8152 	8907 	8997 	9424 	 
0 	1575 	2479 	2970 	4110 	6137 	6598 	6908 	7386 	7895 	8010 	8121 	8690 	9404 	9419 	 
0 	656 	4533 	5810 	6382 	6714 	7711 	7851 	 
0 	2076 	2619 	2838 	3185 	3611 	3688 	5224 	5477 	8359 	 
0 	3538 	5015 	6461 	7159 	8438 	8514 	8979 	9066 	 
0 	1446 	2263 	3590 	4112 	4487 	6979 	 
0 	112 	190 	437 	1140 	1616 	1761 	1912 	3927 	5686 	7098 	9092 	9367 	9973 	 
0 	1300 	2536 	2976 	3283 	3327 	4179 	4693 	5162 	5477 	7491 	 
0 	44 	57 	4204 	7010 	7236 	7699 	8566 	 
0 	1816 	2731 	3363 	3628 	3844 	3950 	4665 	5724 	8468 	8737 	8828 	9201 	9595 	 
0 	140 	808 	1378 	2101 	2726 	3690 	4060 	4917 	5820 	6581 	 
0 	853 	2028 	4294 	7335 	8598 	 
0 	875 	1528 	2408 	2488 	3138 	4574 	5488 	7144 	7221 	7723 	7835 	9014 	9329 	9646 	9845 	 
0 	153 	714 	792 	1246 	5386 	5608 	5796 	5831 	6414 	6472 	6839 	6976 	7017 	7811 	7917 	7947 	8570 	8823 	9168 	9458 	9990 	 
0 	215 	278 	1601 	1844 	1885 	2748 	2892 	3673 	5834 	6229 	9162 	9639 	9681 	9936 	 
0 	1276 	1554 	1962 	2726 	3357 	3838 	4175 	6112 	6588 	9319 	 
0 	1533 	2636 	3897 	5231 	5761 	6191 	6822 	7478 	9563 	 
0 	2410 	4665 	7038 	7828 	9174 	 
0 	7 	442 	578 	2729 	3806 	4677 	5722 	6148 	6189 	6674 	7427 	7477 	7786 	8288 	8494 	9084 	9397 	9758 	 
0 	4142 	4201 	4980 	5651 	6953 	8785 	 
0 	135 	2032 	2177 	2428 	3311 	4560 	5364 	6584 	6819 	8002 	8023 	8586 	9809 	 
0 	41 	1509 	2209 	2919 	4301 	5208 	7482 	7766 	8050 	8644 	9616 	 
0 	942 	1185 	1571 	3881 	5071 	7461 	7920 	8324 	9057 	9133 	9902 	 
0 	375 	1194 	5175 	6031 	6432 	7839 	8708 	9966 	 
0 	201 	229 	661 	3651 	5026 	7153 	7883 	8736 	9025 	 
0 	1008 	1332 	2234 	4081 	4223 	4455 	4512 	5022 	5156 	5306 	6098 	7434 	7480 	8793 	9561 	 
0 	129 	337 	1120 	3507 	3787 	6128 	6135 	8400 	 
0 	819 	872 	2373 	3701 	4033 	5142 	5322 	5791 	6867 	6912 	8796 	8805 	9223 	9932 	 
0 	1029 	1189 	1614 	2426 	3645 	4081 	5749 	8010 	8954 	9147 	9214 	 
0 	999 	1842 	1992 	2356 	2677 	2991 	3577 	3813 	4165 	4169 	7802 	8215 	8394 	9158 	 
0 	5 	1814 	1995 	2174 	3404 	4400 	4617 	5480 	7307 	7486 	 
0 	887 	3413 	4753 	7274 	7384 	8236 	 
0 	469 	993 	1196 	1511 	1715 	2250 	4321 	4378 	6351 	7196 	7764 	9309 	9434 	9562 	 
0 	212 	2381 	2613 	2700 	3713 	4150 	8466 	 
0 	121 	815 	1084 	1568 	1824 	1883 	3475 	3659 	4457 	4901 	5084 	5221 	6134 	6386 	6887 	9532 	 
0 	56 	70 	230 	240 	838 	1624 	4212 	4790 	5090 	5380 	6880 	8004 	9051 	9187 	9250 	 
0 	1439 	1739 	2275 	2360 	4772 	5933 	9933 	 
0 	879 	1529 	1833 	1977 	2224 	3773 	4324 	4444 	5127 	5542 	6441 	6820 	8268 	9744 	 
0 	1297 	1308 	1497 	1549 	1624 	1976 	2607 	4213 	4793 	5565 	6007 	7049 	9332 	 
0 	1049 	2084 	2396 	3528 	3656 	6022 	6722 	8342 	 
0 	789 	797 	4289 	4308 	6115 	7997 	 
0 	878 	2625 	4536 	7432 	7735 	8035 	8514 	9578 	 
0 	311 	1355 	1583 	1719 	2911 	3733 	4568 	6458 	7289 	8148 	8922 	 
0 	12 	940 	2112 	2250 	2616 	3730 	4032 	4392 	5029 	5635 	6741 	7348 	7830 	9800 	 
0 	1267 	2983 	3932 	4452 	5008 	6038 	7433 	8146 	9132 	9548 	 
0 	2928 	3390 	3547 	5619 	6019 	6097 	7664 	8461 	8964 	9587 	 
0 	142 	5138 	5666 	7349 	8364 	 
0 	414 	962 	2397 	3534 	3774 	4563 	5284 	5963 	 
0 	330 	2530 	2548 	4319 	4910 	7285 	7307 	8416 	9905 	 
0 	599 	1565 	2130 	2648 	3244 	3346 	4963 	5651 	6130 	6635 	8745 	9620 	 
0 	528 	2891 	4446 	4485 	4977 	6619 	9533 	 
0 	189 	3016 	4283 	5286 	5710 	8854 	8993 	9254 	9636 	9663 	 
0 	832 	1471 	1795 	2212 	3430 	5002 	5100 	5151 	5560 	7781 	7838 	8685 	 
0 	410 	1646 	2024 	2548 	3239 	3384 	3436 	4032 	4449 	6147 	7576 	7581 	8245 	8421 	9617 	 
0 	204 	1279 	2845 	3069 	3127 	3246 	3395 	4358 	4782 	5660 	5991 	6040 	6307 	7121 	9142 	9749 	 
0 	761 	1149 	1282 	1537 	2190 	2612 	3832 	3977 	4174 	4259 	5671 	6091 	6122 	7166 	7438 	9783 	 
0 	1522 	1923 	5061 	5967 	6187 	8448 	 
0 	385 	2728 	2975 	3775 	4185 	6172 	6510 	7656 	7667 	8425 	8954 	 
0 	48 	1592 	2102 	2392 	3712 	5068 	5962 	 
0 	280 	385 	504 	2474 	2529 	2622 	3224 	4501 	5006 	6527 	6684 	7533 	 
0 	1003 	1271 	1584 	2793 	2862 	3934 	4381 	4382 	5918 	7677 	7832 	8011 	8348 	9347 	 
0 	63 	1059 	1146 	2092 	4091 	5719 	6698 	7636 	9111 	9143 	 
0 	2228 	6266 	8549 	9130 	9174 	 
0 	3257 	3426 	3778 	4444 	5244 	6086 	6416 	 
0 	4061 	4421 	6132 	6305 	6917 	7146 	8910 	9248 	9507 	9682 	 
0 	533 	656 	770 	3683 	5519 	6747 	7791 	8031 	8747 	8937 	 
0 	809 	1367 	1919 	2094 	2561 	2637 	5588 	6776 	9312 	9426 	 
0 	549 	1476 	2943 	3351 	3911 	6357 	8388 	8983 	 
0 	219 	490 	2292 	2497 	3723 	4905 	5841 	8150 	8738 	 
0 	63 	248 	2267 	3824 	4637 	6034 	6344 	6724 	6826 	7932 	8725 	8731 	9118 	9270 	9367 	9922 	 
0 	390 	2844 	3321 	6107 	6311 	6480 	7618 	8467 	8587 	 
0 	250 	693 	4477 	4596 	5655 	5739 	5809 	6462 	6708 	7897 	 
0 	869 	3959 	5122 	6373 	8745 	8877 	9710 	 
0 	158 	1179 	2243 	3232 	4445 	5403 	6440 	6620 	7202 	8285 	9252 	 
0 	1131 	2265 	2635 	2900 	3339 	3454 	4705 	4952 	5065 	5165 	5740 	6893 	6993 	7538 	8045 	8514 	8968 	9369 	 
0 	14 	1419 	1757 	2241 	3655 	4729 	6263 	6782 	6983 	7276 	7384 	8104 	 
0 	879 	2469 	3897 	4109 	4159 	5103 	5170 	5233 	5337 	9022 	9625 	 
0 	527 	1269 	2220 	3004 	3478 	4544 	5979 	6417 	8433 	8802 	9832 	 
0 	1091 	3367 	5009 	5518 	5944 	7521 	7919 	8250 	9868 	 
0 	201 	702 	783 	1353 	2100 	2721 	3800 	5133 	5335 	7475 	7489 	7940 	8294 	8416 	 
0 	453 	587 	647 	1028 	1454 	3288 	3790 	6436 	6644 	7907 	8398 	9316 	 
0 	2659 	3112 	3163 	4666 	6808 	7304 	8883 	9097 	 
0 	442 	715 	1599 	3566 	4135 	6134 	6737 	7941 	8468 	8479 	8490 	8986 	 
0 	36 	965 	3879 	4852 	4930 	6722 	8704 	9210 	9749 	 
0 	2543 	2900 	3059 	3186 	3531 	3677 	4245 	6439 	7045 	8154 	9085 	9320 	9974 	 
0 	882 	1657 	2370 	2447 	2967 	3396 	4748 	4957 	6690 	8672 	9191 	9634 	9705 	9794 	 
0 	803 	1014 	2078 	2578 	3637 	5291 	5739 	6133 	6822 	7008 	8725 	9188 	 
0 	1020 	1627 	1681 	1846 	1951 	3110 	3413 	3625 	6053 	6418 	6697 	6938 	8059 	 
0 	238 	771 	1200 	1749 	1842 	2205 	4752 	6764 	6881 	9191 	 
0 	772 	1502 	6604 	6813 	6975 	8118 	8385 	8411 	 
0 	137 	808 	1308 	1459 	2063 	3231 	3885 	6248 	6871 	7826 	8457 	 
0 	1882 	1923 	4318 	5318 	6010 	7192 	8585 	 
0 	91 	274 	378 	1267 	1556 	3872 	4578 	5389 	7328 	9191 	9260 	9592 	 
0 	178 	186 	982 	1691 	2835 	3193 	3855 	4715 	6235 	6574 	 
0 	2093 	2606 	2788 	3759 	3888 	6866 	9487 	 
0 	261 	567 	825 	1199 	1386 	1412 	1901 	4647 	8513 	8683 	8718 	9331 	9700 	 
0 	67 	4523 	4700 	5926 	6507 	7140 	9610 	 
0 	2117 	3615 	4310 	6509 	6793 	8438 	8560 	 
0 	1296 	1391 	2144 	4437 	5580 	6880 	8234 	9767 	9879 	9973 	 
0 	533 	1935 	2809 	4463 	5447 	8196 	8881 	 
0 	909 	1794 	1969 	2401 	3460 	4526 	4542 	4589 	4707 	4735 	5423 	6138 	6756 	8709 	8879 	8916 	9518 	9814 	 
0 	1426 	1553 	3236 	3339 	3343 	3927 	4181 	4271 	4654 	6747 	9613 	 
0 	92 	2634 	2765 	2947 	3203 	3776 	4003 	5454 	5566 	6783 	7113 	8326 	9864 	 
0 	102 	2775 	3994 	4784 	5017 	7915 	8937 	8950 	9534 	 
0 	212 	1144 	1821 	2165 	3012 	4001 	6327 	6589 	6939 	7231 	7942 	8107 	9148 	 
0 	289 	773 	822 	1344 	1543 	3403 	4127 	4600 	5137 	6066 	7603 	8550 	9542 	9682 	 
0 	135 	289 	1299 	2184 	2208 	2438 	3173 	3473 	4067 	7749 	8114 	8235 	8452 	9014 	 
0 	238 	420 	493 	971 	3077 	3766 	4642 	5436 	6375 	6463 	6596 	8259 	8452 	8748 	9083 	9525 	9650 	 
0 	458 	2178 	2599 	2950 	3055 	4419 	6485 	7501 	8133 	8178 	8227 	9080 	9093 	9163 	9540 	 
0 	119 	335 	1021 	1036 	2191 	6467 	 
0 	213 	5177 	5295 	5763 	6655 	6800 	7020 	7557 	7577 	8923 	 
0 	1085 	1854 	3210 	5986 	7953 	9645 	9980 	 
0 	1085 	1252 	1565 	1772 	3383 	3410 	4670 	4687 	4799 	6888 	7407 	8364 	8504 	8515 	9304 	9482 	9825 	 
0 	186 	316 	488 	506 	1407 	1630 	1695 	2984 	3232 	3247 	4091 	4404 	5340 	5562 	5634 	6844 	8503 	 
0 	1048 	1124 	2397 	3069 	3688 	5650 	6011 	6295 	6625 	7628 	7972 	9604 	 
0 	336 	2609 	2981 	3466 	6979 	7677 	8009 	8484 	8775 	8820 	 
0 	8 	678 	1474 	1993 	4690 	5059 	5976 	6437 	6844 	7976 	8115 	9068 	9323 	9566 	 
0 	814 	928 	3413 	4121 	4181 	6866 	7572 	8826 	9986 	 
0 	1000 	1194 	3425 	4126 	4326 	5240 	7538 	7942 	 
0 	597 	971 	1250 	3187 	3882 	4395 	7033 	8493 	 
0 	67 	107 	1223 	2047 	2049 	2684 	3831 	6835 	7223 	8110 	8942 	8994 	9148 	 
0 	36 	1061 	1840 	1967 	2119 	4341 	4804 	9614 	 
0 	1006 	3654 	3908 	5346 	5355 	6064 	6287 	6997 	7528 	7965 	8071 	8644 	9220 	9431 	9986 	 
0 	730 	2676 	2720 	3618 	5927 	6375 	6488 	7041 	7097 	7381 	8095 	 
0 	548 	2029 	2048 	3178 	3550 	5290 	8139 	9578 	 
0 	1218 	5392 	8059 	9111 	9128 	 
0 	111 	1287 	2419 	4763 	6947 	7260 	8403 	9985 	 
0 	102 	895 	1651 	2745 	5239 	9576 	9606 	 
0 	103 	602 	1041 	6458 	6652 	6935 	7445 	9063 	 
0 	2055 	2215 	2525 	2902 	3895 	4710 	4871 	5296 	7067 	7719 	7972 	8291 	8536 	8552 	9260 	9716 	 
0 	1076 	1800 	1982 	2474 	4562 	5113 	6666 	7580 	7583 	8481 	9357 	9442 	 
0 	864 	3272 	4279 	4300 	5264 	6397 	7708 	8107 	9232 	 
0 	178 	1237 	1640 	3739 	6237 	6307 	7066 	8382 	9004 	9859 	 
0 	1187 	2070 	2115 	2541 	3418 	4692 	5398 	6347 	6868 	7086 	7715 	8792 	 
0 	2005 	2076 	2158 	6227 	6305 	6987 	7376 	8189 	8201 	8454 	9886 	 
0 	351 	3594 	3731 	4035 	5217 	6453 	9095 	9662 	9815 	 
0 	640 	1009 	2184 	3291 	3834 	4947 	5714 	5788 	7708 	8736 	9449 	 
0 	450 	1319 	1807 	2110 	2688 	4655 	4947 	6663 	6946 	7073 	7645 	8508 	8746 	 
0 	362 	618 	785 	965 	2366 	2782 	3327 	5901 	6243 	6326 	9091 	 
0 	201 	810 	2374 	3220 	3389 	4046 	4537 	6995 	7445 	7535 	9228 	9661 	 
0 	1152 	1232 	1524 	2460 	2836 	4437 	5594 	6105 	8281 	8498 	9628 	 
0 	188 	259 	712 	1927 	2233 	3300 	4147 	8915 	 
0 	2168 	6164 	6881 	6977 	7251 	7608 	7794 	8116 	8831 	9763 	 
0 	332 	1032 	2372 	4312 	4650 	4875 	5983 	6762 	8846 	8915 	9256 	 
0 	376 	1236 	3246 	4281 	5148 	6027 	7145 	7191 	 
0 	366 	3442 	3684 	4528 	5577 	6096 	6724 	6818 	 
0 	165 	767 	5980 	7443 	7762 	7955 	8826 	 
0 	7 	468 	1537 	2079 	2316 	2491 	6775 	8214 	8668 	 
0 	1902 	3319 	4910 	5401 	5849 	7244 	8025 	8136 	8478 	8590 	9912 	 
0 	1536 	1648 	2347 	3857 	4223 	4533 	5484 	6902 	8065 	8784 	9130 	 
0 	380 	396 	792 	2693 	2794 	3885 	3983 	4166 	4393 	5233 	8059 	9466 	9515 	 
0 	48 	84 	1054 	2985 	3541 	3824 	4607 	5169 	5898 	6385 	7806 	7932 	8133 	8807 	8968 	9607 	9615 	 
0 	1976 	3040 	3890 	3942 	4506 	5031 	5604 	9919 	 
0 	3 	377 	1754 	3385 	4227 	4328 	6064 	6311 	6793 	6966 	7832 	9048 	9306 	9436 	9936 	 
0 	1727 	2669 	2807 	2981 	3332 	3643 	3878 	4872 	6277 	7496 	7545 	7926 	8509 	9718 	9886 	 
0 	1852 	2317 	2743 	4358 	4993 	6563 	6996 	7464 	8897 	 
0 	45 	1816 	2993 	3908 	4018 	5119 	5125 	5929 	7158 	7839 	8258 	9759 	 
0 	4499 	4590 	4719 	5314 	6716 	7872 	8221 	8253 	9063 	9785 	 
0 	1267 	1455 	1473 	2136 	2757 	2797 	3647 	3877 	6356 	 
0 	266 	2409 	3837 	4186 	5641 	5902 	6841 	 
0 	794 	1346 	2983 	3508 	4152 	5207 	6660 	8545 	8772 	8868 	9081 	9494 	 
0 	1533 	1539 	2746 	4847 	5964 	7480 	7705 	9054 	 
0 	579 	2655 	4045 	4435 	4563 	4869 	6549 	7427 	8959 	8969 	 
0 	135 	938 	3985 	4362 	4653 	6823 	7260 	7477 	8743 	9780 	 
0 	2580 	3333 	4820 	4907 	8197 	9040 	 
0 	773 	1072 	1538 	2131 	3177 	3258 	3901 	4558 	4714 	8366 	8687 	9604 	 
0 	299 	1538 	1804 	4814 	5321 	6952 	7119 	8667 	8967 	9055 	 
0 	951 	2236 	4069 	4257 	4326 	4716 	7450 	8558 	9083 	9591 	 
0 	23 	745 	2738 	3255 	3763 	4422 	8494 	8507 	8872 	9428 	9648 	 
0 	850 	1641 	1896 	2135 	2321 	2783 	3836 	5044 	5865 	6892 	7870 	9127 	9266 	 
0 	1185 	1220 	3476 	4340 	5321 	5728 	5860 	6020 	6412 	6745 	6764 	7222 	7625 	9518 	 
0 	1492 	2364 	4160 	5494 	6036 	6242 	6917 	7896 	8581 	8899 	9056 	 
0 	3331 	5372 	8161 	8881 	9265 	9266 	 
0 	1063 	1101 	1503 	1859 	2296 	2984 	3149 	3240 	4610 	4751 	4917 	7670 	8007 	8208 	8257 	 
0 	1226 	1819 	5364 	5912 	6306 	6712 	7648 	7893 	8716 	 
0 	3121 	3388 	3498 	4207 	4666 	5236 	7125 	8857 	9074 	9172 	 
0 	472 	782 	1425 	3540 	4962 	5600 	5883 	6419 	7836 	8169 	9323 	 
0 	149 	1312 	1518 	1581 	2056 	2643 	2688 	3027 	3955 	5541 	7107 	8193 	9746 	9903 	 
0 	299 	3716 	5732 	6205 	6910 	7563 	9756 	 
0 	392 	1110 	3020 	4092 	6109 	8497 	 
0 	1326 	3245 	3756 	4826 	5095 	5217 	6698 	7696 	9319 	 
0 	891 	1960 	2789 	2911 	4093 	7630 	7723 	8335 	9138 	9903 	 
0 	578 	782 	1220 	1694 	3049 	3216 	3391 	4793 	5897 	6025 	7612 	7928 	 
0 	933 	1181 	4402 	5212 	6331 	6392 	8295 	8481 	8705 	 
0 	655 	1258 	1272 	2979 	4014 	5591 	6240 	7616 	8922 	8977 	9520 	 
0 	802 	830 	1154 	1646 	2812 	2969 	3967 	4855 	5068 	5175 	5532 	6931 	7740 	 
0 	270 	1566 	4939 	6671 	7882 	8070 	 
0 	606 	863 	1060 	2024 	2304 	3570 	3682 	3763 	3940 	4578 	4844 	7762 	8098 	8117 	8648 	9892 	 
0 	213 	519 	559 	704 	1733 	2370 	2650 	2757 	3098 	4981 	5812 	5954 	6397 	6693 	7125 	7464 	7626 	 
0 	1473 	1934 	2342 	2797 	4681 	4721 	5771 	9004 	 
0 	538 	970 	1601 	6541 	7359 	 
0 	2412 	2683 	3168 	3902 	4974 	6880 	9687 	9747 	 
0 	1180 	1872 	2031 	2845 	4660 	7316 	7835 	8728 	 
0 	91 	1201 	2150 	2949 	4844 	4914 	5083 	6127 	6770 	 
0 	3694 	4216 	5427 	6562 	6631 	7175 	7385 	8767 	9768 	 
0 	290 	715 	1559 	2330 	2441 	2803 	2983 	4904 	5645 	5988 	6128 	6157 	6730 	7196 	8272 	8950 	9394 	 
0 	1436 	2260 	2703 	2961 	3145 	5009 	5155 	5777 	6091 	8181 	9354 	 
0 	871 	1281 	2755 	4120 	4796 	5693 	6142 	6452 	6512 	7004 	9985 	 
0 	4215 	4468 	6905 	7512 	8433 	8602 	 
0 	476 	708 	2881 	4808 	5413 	5673 	7243 	7711 	9024 	9426 	 
0 	148 	554 	689 	783 	1552 	2184 	2638 	4089 	4361 	6245 	6819 	8503 	8537 	 
0 	1823 	2735 	4126 	4790 	6831 	8140 	8422 	8851 	8852 	8922 	9187 	9326 	9598 	 
0 	283 	634 	2042 	2211 	2638 	3747 	6280 	6296 	7025 	7308 	 
0 	202 	2008 	2164 	3117 	3575 	3864 	6525 	 
0 	412 	1686 	3115 	4676 	5074 	5565 	5697 	6876 	8602 	9481 	9634 	 
0 	1064 	2663 	2829 	3162 	6025 	8412 	9252 	 
0 	600 	2062 	3408 	4638 	5560 	6076 	7485 	7626 	9950 	 
0 	548 	970 	1723 	3274 	4536 	9089 	 
0 	301 	776 	945 	1079 	1825 	1903 	2083 	2644 	2950 	2974 	3409 	3638 	4438 	4853 	5492 	5708 	6621 	9776 	 
0 	488 	2175 	6175 	6599 	7233 	9981 	 
0 	297 	1094 	1151 	1451 	1869 	3173 	4187 	6954 	7427 	9679 	9691 	 
0 	45 	465 	689 	1349 	9202 	 
0 	3336 	5059 	6324 	8844 	9326 	 
0 	2080 	2843 	3095 	4844 	6031 	6207 	7048 	8456 	8583 	9050 	 
0 	26 	926 	944 	988 	2138 	5387 	5969 	7553 	7915 	8600 	9091 	 
0 	1202 	2570 	2618 	3007 	4305 	4585 	 
0 	381 	2127 	2195 	2451 	3139 	3287 	4007 	4129 	4362 	4501 	5404 	8153 	8602 	8634 	9409 	 
0 	2413 	4456 	5655 	6614 	9631 	 
0 	394 	3304 	4124 	4156 	4215 	4397 	4485 	5710 	7147 	7222 	7970 	9009 	9111 	9735 	 
0 	227 	1979 	2363 	2581 	3113 	3391 	6356 	7855 	7978 	8119 	8510 	9137 	9700 	 
0 	829 	1654 	1665 	2535 	3023 	3254 	3258 	4534 	4722 	6416 	7577 	9572 	 
0 	2557 	2578 	3363 	4115 	5995 	7584 	8713 	9759 	9887 	9914 	 
0 	1380 	1616 	2908 	4092 	4804 	5338 	6043 	6111 	7187 	7504 	7561 	8676 	9509 	 
0 	595 	847 	2390 	2871 	3368 	3547 	4304 	4339 	7507 	8302 	9094 	9411 	 
0 	1694 	2909 	3983 	4284 	4487 	4815 	6304 	6361 	8261 	8384 	8662 	9324 	 
0 	198 	2032 	2810 	3220 	7854 	7927 	8112 	 
0 	688 	4328 	4721 	 
0 	684 	689 	888 	1281 	1887 	3014 	4017 	4316 	4355 	4809 	5102 	8387 	 
0 	1198 	4953 	5181 	6532 	8828 	9011 	9282 	9780 	 
0 	1069 	2460 	2745 	4386 	5425 	7400 	7856 	8036 	 
0 	1118 	2083 	2627 	3805 	5965 	7595 	7958 	8563 	9064 	 
0 	891 	1420 	3435 	4398 	4585 	6727 	7207 	7339 	7837 	8162 	 
0 	2822 	3556 	3706 	3774 	4192 	4552 	6532 	6982 	7764 	7976 	8244 	8305 	9537 	9904 	 
0 	853 	3948 	4205 	4633 	4858 	6660 	7497 	7844 	8673 	 
0 	1157 	1872 	3617 	6738 	7754 	9842 	 
0 	2076 	3241 	4338 	4504 	5263 	7019 	7040 	7240 	7601 	8339 	8795 	9280 	 
0 	3505 	3848 	5695 	6695 	8428 	8815 	9414 	9898 	 
0 	952 	1252 	3198 	4562 	7913 	9931 	 
0 	26 	3125 	3228 	4942 	5937 	6971 	6989 	7137 	7502 	7889 	8352 	8517 	9115 	9244 	9283 	9446 	 
0 	797 	1043 	1556 	4357 	4444 	4792 	5704 	6343 	6654 	 
0 	1569 	2597 	3118 	5356 	7371 	8115 	8326 	8400 	9084 	 
0 	260 	2124 	2170 	3003 	4080 	4440 	4496 	4812 	5793 	5814 	6186 	 
0 	1239 	1788 	1804 	2212 	2317 	5143 	5290 	5547 	5772 	5845 	6602 	6878 	7288 	9995 	 
0 	1120 	1997 	2095 	2822 	3505 	3676 	5023 	6236 	6393 	7348 	7591 	8704 	9504 	9510 	 
0 	96 	2142 	3361 	3920 	5706 	6250 	6518 	7883 	9359 	 
0 	7 	676 	3219 	4762 	4775 	6260 	6784 	6792 	7024 	7769 	 
0 	125 	1266 	1824 	2198 	2258 	4498 	6349 	6630 	6900 	7866 	8134 	8368 	8578 	9567 	9815 	 
0 	420 	700 	749 	3736 	3998 	6107 	6790 	7226 	7392 	 
0 	725 	950 	1958 	2322 	2745 	3515 	4403 	 
0 	1808 	2383 	3303 	4702 	4842 	5721 	8242 	8848 	 
0 	570 	809 	1168 	2812 	3701 	4194 	7178 	7189 	7551 	8573 	8984 	9188 	9690 	 
0 	167 	1647 	1731 	1823 	1837 	2292 	3043 	6771 	6798 	7429 	9294 	9354 	9966 	 
0 	237 	284 	908 	967 	1577 	2089 	3164 	3467 	7527 	8291 	9089 	9491 	9548 	 
0 	78 	736 	999 	1993 	2751 	4745 	5640 	5765 	6144 	7332 	8364 	8861 	8891 	 
0 	248 	357 	1645 	1752 	2870 	3054 	3219 	3814 	4035 	4474 	6051 	7974 	8039 	8811 	 
0 	123 	688 	968 	5819 	8036 	8067 	8097 	8773 	8980 	 
0 	2241 	2594 	5650 	6801 	8075 	8109 	8249 	 
0 	1588 	2609 	4917 	5595 	6071 	7966 	8572 	8644 	9431 	 
0 	577 	833 	1919 	2710 	3229 	3493 	3800 	4056 	5752 	6661 	7594 	8866 	9451 	9682 	 
0 	681 	1629 	1849 	1872 	2337 	3125 	3222 	4507 	5331 	5832 	6196 	6940 	9770 	 
0 	863 	1942 	2148 	2567 	2930 	2964 	3997 	5134 	5205 	5778 	6029 	8553 	9242 	9258 	9520 	9738 	 
0 	299 	1555 	4118 	4622 	6973 	7222 	7421 	7820 	8313 	8561 	 
0 	1013 	1031 	1260 	1492 	1899 	2022 	3428 	5993 	6882 	 
0 	104 	1837 	1924 	2125 	3143 	3536 	6253 	7133 	9026 	9702 	 
0 	690 	1643 	2426 	3482 	5666 	6289 	9095 	9947 	 
0 	547 	1019 	1095 	1585 	2422 	4604 	5257 	6134 	7904 	8032 	8246 	9760 	 
0 	1029 	1430 	2677 	2691 	4518 	4630 	5761 	6257 	7027 	7199 	7485 	8566 	9386 	9653 	9860 	 
0 	2506 	3499 	5265 	6246 	7677 	 
0 	560 	1661 	6072 	6210 	6845 	6873 	7479 	7853 	7909 	8982 	 
0 	717 	3693 	5091 	7605 	 
0 	885 	3101 	3897 	4299 	4521 	4928 	5681 	6869 	 
0 	577 	1125 	1203 	3317 	3751 	4240 	6655 	8478 	9964 	 
0 	3082 	3724 	3967 	7195 	8308 	8359 	9478 	 
0 	331 	734 	2410 	3359 	3377 	3822 	4939 	6872 	7168 	9874 	 
0 	965 	1070 	1763 	2839 	2968 	4528 	4591 	4668 	6761 	7447 	8562 	 
0 	438 	635 	735 	749 	839 	938 	1012 	6101 	7700 	9238 	 
0 	714 	792 	1475 	2191 	2813 	4774 	5690 	6983 	7649 	8600 	9234 	9783 	 
0 	300 	600 	1940 	2172 	2473 	2732 	3521 	3672 	4373 	4427 	8389 	8818 	9629 	 
0 	781 	831 	948 	1037 	2845 	3068 	3154 	 
0 	1072 	2273 	2392 	3378 	3927 	4050 	5150 	5358 	6370 	8177 	8449 	9211 	 
0 	773 	2403 	3244 	3405 	4237 	4977 	5117 	6308 	6504 	6931 	8178 	 
0 	605 	1215 	2967 	4438 	6552 	6872 	8316 	9377 	 
0 	66 	467 	907 	1104 	1793 	3483 	4925 	5845 	6033 	6579 	7350 	 
0 	701 	1042 	1780 	2450 	3853 	7530 	7844 	9248 	9265 	9977 	 
0 	856 	1544 	2786 	3158 	3824 	4291 	4770 	5906 	 
0 	353 	438 	2623 	2788 	3035 	4277 	4326 	4435 	4735 	6215 	6301 	7383 	8007 	8472 	8675 	 
0 	258 	680 	1697 	2345 	2407 	4059 	5122 	5599 	7217 	7805 	8830 	9998 	 
0 	1768 	4249 	5490 	5658 	5928 	6934 	7377 	7705 	9518 	9710 	 
0 	1311 	1942 	2126 	2215 	2361 	2647 	3453 	6177 	7674 	7975 	8545 	 
0 	172 	1427 	3802 	4081 	6244 	6489 	8669 	 
0 	1475 	1908 	4856 	5029 	5849 	6280 	7216 	 
0 	63 	1018 	2285 	2490 	2861 	3336 	4521 	4933 	5555 	6066 	6841 	7040 	7075 	7301 	 
0 	39 	2542 	3565 	4308 	4905 	7021 	8154 	8357 	8437 	 
0 	1102 	1431 	2011 	2979 	7324 	8346 	8884 	8990 	9074 	9075 	 
0 	783 	1018 	2012 	2739 	3233 	3511 	3665 	4050 	4956 	6145 	6282 	7558 	8858 	 
0 	37 	740 	1210 	3632 	3964 	4241 	4465 	4599 	5581 	7940 	 
0 	409 	1591 	1611 	2992 	3925 	4892 	5477 	5730 	7765 	8311 	 
0 	904 	1797 	1853 	2795 	3315 	3416 	4257 	4476 	4506 	5751 	8439 	8662 	8782 	 
0 	2208 	3342 	3574 	3767 	4022 	5015 	6664 	6997 	7603 	9787 	9890 	 
0 	214 	699 	3917 	4353 	5912 	6186 	8230 	8860 	9255 	 
0 	2354 	2604 	3260 	3602 	3735 	4984 	5570 	6160 	8522 	 
0 	2316 	2690 	2755 	3316 	3367 	3429 	3524 	4364 	5035 	5860 	6733 	7298 	9406 	 
0 	1561 	1872 	3670 	3865 	4716 	4884 	6891 	7523 	8373 	9224 	9244 	9308 	 
0 	1887 	2763 	2815 	4244 	4490 	4985 	5762 	6625 	9609 	 
0 	850 	912 	1658 	2214 	3663 	3717 	6072 	8016 	9064 	9259 	9941 	 
0 	1833 	1910 	2687 	3142 	4918 	5263 	5470 	6042 	8499 	9497 	9748 	9912 	 
0 	135 	853 	7350 	8073 	8281 	8415 	 
0 	138 	249 	287 	1020 	1326 	2616 	3366 	4374 	5228 	6243 	7199 	8495 	9707 	 
0 	212 	3784 	7679 	 
0 	1414 	4050 	5862 	6737 	7301 	8716 	9855 	 
0 	406 	575 	1908 	3216 	3498 	5748 	7054 	7814 	8103 	8625 	8962 	 
0 	2795 	3383 	4340 	4596 	4816 	4917 	8088 	 
0 	1713 	1857 	3178 	3375 	4258 	5237 	6281 	7479 	7698 	8915 	9652 	 
0 	222 	2617 	2680 	2884 	2944 	4157 	4261 	4288 	4581 	6533 	6879 	7548 	7652 	8147 	8390 	8480 	8499 	9271 	 
0 	1331 	1936 	2487 	2940 	8263 	8475 	 
0 	2231 	2339 	3784 	3870 	4177 	4643 	5590 	6296 	7166 	7194 	8214 	9507 	 
0 	5693 	6462 	7176 	7247 	7432 	7434 	8644 	8696 	8781 	9147 	9442 	9883 	 
0 	442 	708 	1654 	2846 	2964 	3477 	4017 	4033 	5636 	6007 	6012 	7144 	9108 	9231 	9605 	 
0 	2823 	4285 	7418 	7506 	9972 	 
0 	159 	171 	664 	1034 	1674 	5239 	7155 	7352 	 
0 	3381 	7317 	7951 	8098 	8200 	9614 	 
0 	105 	396 	1520 	2063 	2836 	4904 	6095 	6868 	7179 	8059 	8686 	 
0 	549 	1739 	2075 	2941 	3038 	5049 	5437 	7976 	9111 	9263 	 
0 	621 	1679 	4394 	6769 	8273 	9397 	9485 	 
0 	69 	619 	1742 	2744 	3651 	3827 	3913 	3943 	7050 	 
0 	602 	5587 	6063 	6955 	7709 	8223 	 
0 	174 	861 	1913 	1963 	2254 	2456 	2646 	3533 	3780 	3930 	4509 	4617 	5248 	6792 	7151 	8506 	 
0 	231 	2411 	4354 	4415 	4456 	4786 	6715 	7132 	7230 	8307 	8318 	9034 	9062 	9963 	 
0 	1228 	1795 	3250 	4512 	4711 	4912 	5674 	7566 	7623 	7988 	8292 	8603 	9154 	 
0 	2802 	2937 	3444 	5624 	7376 	8208 	9386 	9495 	 
0 	51 	864 	2981 	4794 	5753 	8377 	 
0 	1658 	4406 	4487 	4930 	6453 	7258 	7390 	8225 	9349 	9531 	 
0 	290 	3890 	6025 	6905 	8001 	8014 	8698 	9535 	 
0 	2000 	3548 	5004 	5415 	5611 	6107 	6543 	9102 	9504 	9755 	 
0 	1547 	2126 	3230 	3322 	3356 	3639 	4381 	6269 	7240 	8615 	9046 	 
0 	2015 	2518 	2884 	3198 	3706 	4103 	5136 	5473 	6136 	7412 	8196 	8336 	8760 	 
0 	822 	998 	1149 	1213 	1832 	4217 	4984 	4996 	5789 	5861 	6142 	6270 	8050 	8052 	8841 	 
0 	648 	1241 	1389 	1751 	1855 	2358 	2743 	3276 	3564 	5223 	5750 	6230 	6798 	7014 	7294 	8106 	9082 	 
0 	362 	1443 	1992 	2497 	3586 	5040 	6607 	7197 	7540 	 
0 	35 	1149 	1243 	2115 	2483 	2640 	3652 	4283 	5250 	6370 	7654 	7741 	9248 	 
0 	81 	1535 	2748 	4611 	6143 	6609 	9039 	 
0 	2303 	3171 	3624 	4005 	4303 	7567 	8084 	8298 	8688 	9333 	9519 	 
0 	770 	782 	2062 	2094 	2269 	2412 	2583 	3233 	3345 	3386 	4217 	4592 	4738 	5708 	6167 	6682 	7030 	7751 	8499 	 
0 	1453 	3485 	4607 	4728 	5316 	5631 	7101 	8047 	8405 	 
0 	452 	803 	1420 	1462 	2725 	3151 	3748 	5316 	5747 	8147 	8335 	8944 	9670 	 
0 	418 	453 	2610 	2625 	3574 	4105 	4403 	6417 	6943 	7183 	 
0 	611 	2224 	2297 	2315 	2578 	3238 	3816 	4061 	4218 	4772 	5392 	6864 	8080 	8985 	9433 	 
0 	889 	2188 	2200 	2380 	3073 	3527 	5168 	6872 	6923 	7289 	 
0 	574 	1675 	2786 	3526 	4316 	5307 	5396 	6539 	7439 	8489 	 
0 	585 	2799 	3962 	5980 	6727 	6739 	9472 	 
0 	1995 	2387 	2533 	3550 	4026 	4282 	4758 	5167 	5484 	6103 	8625 	 
0 	251 	1976 	2793 	3685 	7234 	7657 	8174 	9316 	9398 	9695 	 
0 	29 	103 	169 	277 	1082 	4141 	4230 	6376 	6545 	6612 	6704 	7767 	9970 	 
0 	0 	544 	890 	1115 	1252 	1547 	3376 	4666 	5371 	6807 	7067 	7217 	7925 	8804 	9369 	9532 	 
0 	775 	1539 	2368 	3442 	3923 	4255 	6232 	6702 	7350 	7565 	9388 	9840 	 
0 	90 	2956 	3160 	6046 	7047 	7834 	8354 	8570 	 
0 	325 	1526 	1760 	2649 	2665 	2857 	3606 	5386 	5586 	7391 	7779 	9633 	 
0 	1630 	2846 	2978 	5492 	8370 	9272 	9342 	 
0 	255 	401 	1106 	1136 	1382 	4090 	5722 	5943 	7238 	8633 	 
0 	54 	1153 	2460 	3388 	4560 	6133 	6401 	6405 	6643 	6958 	7265 	7322 	 
0 	1875 	2002 	3634 	4380 	5492 	6486 	6680 	8397 	8547 	8918 	9583 	9766 	 
0 	2066 	2460 	2520 	3461 	4632 	6989 	8265 	9285 	 
0 	346 	1110 	1796 	2656 	2925 	3392 	4427 	4876 	6006 	 
0 	247 	479 	1016 	1100 	2389 	3045 	4094 	4219 	4559 	5175 	6037 	6562 	7058 	 
0 	1566 	1963 	6119 	6652 	7592 	7797 	7992 	 
0 	361 	1069 	1139 	1242 	1318 	1735 	1940 	4131 	4420 	5340 	7090 	8065 	8217 	9763 	 
0 	254 	1739 	6141 	6521 	7074 	7459 	7544 	9086 	9345 	 
0 	523 	1057 	2749 	3146 	5154 	 
0 	1255 	2249 	2367 	4425 	4477 	6363 	6726 	7563 	7986 	8218 	9676 	 
0 	1295 	1784 	1867 	1942 	3005 	4955 	5635 	8220 	9499 	 
0 	96 	743 	874 	1265 	2608 	3314 	3716 	6506 	7277 	7377 	7799 	7871 	8162 	8424 	9208 	9880 	 
0 	1740 	2102 	5834 	6588 	6739 	8301 	9820 	 
0 	1104 	2679 	4050 	5031 	6525 	8100 	8534 	8565 	9155 	9447 	 
0 	2374 	2377 	2870 	3125 	3576 	3899 	6750 	7094 	7698 	9757 	9862 	 
0 	2097 	2368 	2888 	3488 	3551 	3715 	4208 	4651 	5844 	6574 	7875 	 
0 	1330 	1555 	1905 	2158 	2882 	3096 	4191 	5838 	6570 	8419 	 
0 	574 	1035 	3032 	4862 	4937 	5429 	6335 	6792 	7943 	 
0 	275 	1694 	1784 	3360 	7384 	8649 	9112 	9256 	9570 	 
0 	793 	1581 	4809 	5626 	6156 	7714 	7754 	7807 	7903 	8591 	8778 	9335 	 
0 	464 	681 	686 	1435 	2835 	4617 	5120 	6454 	6609 	7778 	 
0 	409 	1098 	1799 	4865 	5004 	5290 	5331 	6981 	8148 	8228 	8525 	9503 	9930 	 
0 	368 	1982 	4152 	7975 	9593 	 
0 	540 	1706 	2119 	3532 	4233 	4238 	5320 	5611 	5957 	9178 	 
0 	1390 	3966 	4095 	5181 	6170 	7182 	9364 	9882 	 
0 	887 	936 	1666 	3656 	3936 	5795 	5950 	5955 	7361 	7706 	7821 	9485 	9944 	 
0 	454 	1018 	1227 	1548 	3117 	3324 	4224 	4318 	4998 	5509 	7388 	7554 	8269 	9185 	 
0 	1799 	1856 	2452 	3010 	3472 	4006 	4168 	5747 	6744 	7653 	7782 	8222 	8466 	8471 	 
0 	2674 	2735 	4205 	8934 	 
0 	800 	1260 	1374 	3167 	4473 	4994 	5224 	7046 	7435 	7953 	9055 	 
0 	1451 	4597 	6367 	6536 	9465 	 
0 	476 	542 	1303 	1421 	1746 	2280 	4526 	4982 	6328 	7783 	9244 	 
0 	130 	149 	1136 	1691 	1839 	3068 	3647 	6059 	6689 	8541 	 
0 	1277 	1486 	3357 	4525 	5516 	5958 	7096 	7292 	7941 	9229 	9482 	 
0 	247 	463 	2190 	2211 	2412 	4107 	4521 	5781 	9134 	 
0 	3533 	3674 	4113 	4849 	5152 	6606 	8974 	 
0 	243 	428 	1998 	3092 	3271 	4720 	6831 	6881 	7932 	 
0 	1541 	1996 	2322 	3290 	3859 	4286 	5473 	5759 	6709 	7231 	8486 	8513 	8784 	9078 	 
0 	1881 	3561 	5409 	6548 	6933 	7894 	 
0 	1029 	1391 	1906 	2106 	2371 	2400 	2979 	3023 	3138 	4181 	4362 	6034 	6991 	8406 	8608 	8953 	9295 	9616 	9617 	 
0 	155 	751 	824 	1720 	2383 	3205 	3478 	3712 	3758 	4195 	5144 	6049 	8328 	8355 	9434 	9446 	 
0 	194 	3430 	3609 	4632 	7903 	9475 	 
0 	1273 	1419 	1927 	5940 	6266 	6547 	8596 	9805 	 
0 	1676 	1801 	2851 	2989 	4583 	8797 	9701 	 
0 	566 	6835 	6861 	9120 	9484 	 
0 	185 	1223 	3676 	4052 	4143 	4891 	5887 	7716 	8671 	 
0 	181 	783 	2489 	2789 	3450 	7018 	7327 	 
0 	2023 	2747 	3121 	4271 	5507 	5706 	6455 	7643 	9845 	 
0 	1670 	2720 	5633 	5857 	 
0 	1128 	1416 	1541 	1560 	3788 	3956 	4631 	4799 	6183 	6718 	9289 	 
0 	2350 	2517 	2981 	3060 	3075 	3431 	4921 	7322 	8600 	8933 	9059 	9081 	 
0 	944 	1455 	3518 	6618 	 
0 	537 	574 	586 	874 	1383 	2546 	4112 	4229 	4633 	6193 	6854 	7992 	8407 	9266 	 
0 	3054 	4329 	4526 	4674 	5297 	6012 	7879 	9091 	 
0 	420 	2884 	4299 	4844 	4878 	5968 	7080 	 
0 	877 	903 	1404 	3549 	3833 	4667 	5787 	6814 	6943 	9222 	9585 	 
0 	343 	1712 	1965 	3504 	4990 	5108 	6081 	6188 	6544 	9307 	 
0 	228 	884 	1341 	2066 	2337 	3266 	4656 	6277 	8302 	8833 	9591 	 
0 	221 	3023 	4772 	7774 	 
0 	2688 	3196 	3439 	3728 	4375 	5798 	6121 	7414 	7676 	9006 	9292 	 
0 	486 	1154 	2769 	3619 	3865 	4186 	5013 	5236 	5721 	6898 	7193 	7550 	7608 	8775 	8815 	9364 	9421 	 
0 	2344 	2461 	2953 	4008 	5193 	5743 	6772 	7833 	8427 	8457 	 
0 	291 	2646 	2894 	3778 	5656 	7178 	9069 	 
0 	34 	1193 	1370 	2140 	2363 	3238 	3348 	4204 	4562 	4941 	8244 	9609 	 
0 	1093 	1311 	1828 	2055 	2413 	2585 	4150 	5961 	6280 	7310 	7494 	9618 	 
0 	245 	816 	1888 	2322 	4526 	5642 	8562 	8746 	8800 	9911 	 
0 	1104 	2010 	2902 	2976 	3076 	3343 	3386 	4517 	5016 	5176 	5516 	6174 	7771 	7868 	7943 	8590 	 
0 	4 	47 	493 	1318 	1533 	1594 	1734 	1800 	4093 	5911 	6130 	6382 	7005 	9254 	9966 	 
0 	137 	1774 	4310 	5701 	7652 	9321 	 
0 	1029 	2398 	2575 	4734 	5378 	9526 	 
0 	1964 	4652 	5611 	5864 	6172 	6415 	7243 	8746 	8846 	9638 	 
0 	534 	1213 	4217 	4349 	6613 	7258 	7635 	8006 	8210 	8867 	 
0 	1228 	2204 	2819 	5243 	6262 	7985 	9507 	 
0 	57 	423 	1535 	3719 	4791 	5158 	5796 	9223 	9551 	9851 	 
0 	731 	1032 	2178 	2627 	3950 	4182 	4249 	5131 	6567 	9407 	 
0 	294 	1050 	4120 	4627 	5752 	6511 	6873 	7110 	8013 	9626 	9995 	 
0 	542 	3023 	3219 	3605 	4491 	4818 	5491 	5532 	6136 	7048 	8916 	 
0 	1608 	2939 	3577 	4043 	4866 	5631 	5980 	6017 	6513 	6552 	8823 	9481 	9536 	 
0 	77 	466 	2172 	3259 	3260 	4376 	7573 	9474 	 
0 	742 	1482 	1958 	2437 	2712 	7022 	7370 	9416 	9572 	 
0 	528 	1445 	2247 	2425 	3113 	6525 	6637 	7754 	8814 	8905 	 
0 	770 	1613 	2073 	2469 	3885 	4836 	4976 	5248 	5397 	6603 	6748 	7743 	8006 	8287 	8402 	9931 	 
0 	205 	1306 	4372 	4599 	6390 	6874 	7445 	7918 	 
0 	35 	517 	761 	1625 	3580 	7285 	7351 	7893 	8484 	 
0 	217 	3048 	3424 	3512 	4111 	6732 	 
0 	602 	609 	2020 	2924 	4529 	5853 	7036 	7198 	7746 	8501 	8852 	 
0 	462 	2681 	2761 	4712 	4713 	4729 	6583 	6674 	7334 	7399 	8764 	 
0 	1213 	2173 	2616 	2781 	3569 	4097 	4137 	4495 	5452 	6223 	6741 	9044 	 
0 	1027 	1884 	3462 	4394 	6246 	6624 	6836 	9254 	 
0 	497 	2367 	2858 	3637 	3877 	4764 	5958 	6381 	7477 	8868 	 
0 	2931 	3246 	5471 	7732 	8192 	8263 	9890 	 
0 	692 	717 	1114 	1364 	2338 	2363 	2716 	3559 	4644 	4823 	5172 	5990 	6858 	7160 	8013 	 
0 	1787 	2413 	2793 	3662 	4943 	6620 	7832 	9854 	 
0 	82 	874 	1363 	2019 	4582 	5618 	6287 	6476 	6668 	7896 	8336 	8836 	9383 	9701 	 
0 	2680 	3290 	3962 	5563 	8047 	9362 	 
0 	2454 	4683 	5105 	5340 	5418 	6682 	7363 	7469 	7800 	8381 	8819 	8881 	9998 	 
0 	105 	559 	778 	2132 	2872 	3376 	5405 	7282 	7850 	7880 	8658 	8702 	9258 	 
0 	3051 	3745 	4700 	4758 	5759 	6669 	7035 	7051 	8308 	8813 	9313 	9747 	 
0 	145 	1616 	2580 	3708 	3883 	4114 	4622 	6419 	7271 	7607 	7771 	8908 	8960 	 
0 	1184 	3159 	3683 	4857 	5278 	6367 	7860 	 
0 	100 	720 	2140 	4371 	4565 	5713 	6086 	7555 	8268 	 
0 	1341 	3040 	4361 	5168 	5607 	6733 	7151 	7388 	8238 	9810 	 
0 	6007 	7735 	9483 	9830 	 
0 	918 	3563 	4897 	4926 	5167 	5864 	6222 	7363 	7703 	7875 	 
0 	288 	665 	727 	1128 	1748 	3086 	4721 	5197 	5471 	9847 	 
0 	1932 	3163 	4267 	4821 	6612 	6843 	7565 	9391 	9609 	9701 	 
0 	314 	597 	1183 	1971 	2526 	3857 	4334 	5888 	6693 	6852 	8174 	9653 	 
0 	2730 	3269 	4253 	7622 	7800 	8071 	 
0 	595 	646 	2576 	3230 	3588 	3720 	4196 	4661 	4853 	7487 	8465 	8943 	 
0 	2511 	2815 	5572 	7105 	7709 	9865 	 
0 	432 	3544 	5663 	7070 	7389 	7890 	8385 	8708 	8878 	8880 	 
0 	9 	48 	49 	601 	813 	2407 	3378 	4889 	5747 	5804 	6532 	7819 	8371 	 
0 	991 	1342 	2438 	3566 	3606 	4888 	5506 	6253 	7909 	7958 	8648 	9908 	 
0 	1274 	2130 	3149 	3369 	3883 	5503 	5936 	6015 	7510 	9267 	9537 	 
0 	172 	1158 	1476 	3660 	5464 	6755 	6903 	8168 	9757 	 
0 	3255 	3423 	3870 	5929 	6732 	7011 	7590 	7641 	7667 	7936 	8932 	 
0 	2606 	3380 	3417 	5721 	6090 	7086 	7229 	7343 	9710 	9963 	 
0 	3599 	4189 	4305 	4456 	5942 	6976 	7808 	7818 	 
0 	1053 	2108 	2751 	3146 	4533 	4921 	5667 	6058 	 
0 	1607 	2018 	3895 	3903 	4458 	4605 	5806 	6076 	8062 	8144 	 
0 	2301 	3658 	3795 	4638 	6301 	6537 	8809 	9331 	9829 	 
0 	841 	2142 	2705 	3049 	4620 	4643 	5252 	5472 	6779 	7418 	7436 	 
0 	507 	1551 	1677 	2064 	3462 	4323 	4916 	5231 	5601 	6051 	6168 	6412 	7973 	8150 	8708 	8960 	9050 	 
0 	369 	1340 	1559 	2318 	3084 	3565 	3566 	4008 	4560 	4753 	4906 	5209 	6283 	6444 	7593 	9886 	 
0 	788 	1413 	2805 	4337 	7626 	7908 	8255 	8690 	9211 	9363 	9588 	 
0 	224 	692 	2220 	3871 	4151 	5260 	5951 	6918 	7299 	7966 	8832 	9711 	9986 	 
0 	600 	1632 	3320 	4073 	4196 	4364 	6818 	9263 	 
0 	2247 	3852 	4379 	5642 	9401 	 
0 	372 	621 	916 	1765 	3480 	6333 	6406 	7156 	8354 	9631 	 
0 	166 	353 	1822 	2088 	2104 	2169 	4292 	5444 	6431 	7605 	7640 	7751 	8125 	9068 	 
0 	2096 	2790 	2818 	6992 	9378 	9872 	 
0 	39 	1045 	2817 	3362 	3576 	3792 	4069 	4459 	6310 	7589 	7740 	9184 	9362 	9481 	 
0 	436 	705 	969 	2267 	3036 	4780 	5023 	5518 	6471 	8712 	9135 	9294 	9512 	9811 	9875 	 
0 	5269 	8265 	 
0 	612 	2668 	2767 	3231 	3277 	4673 	6303 	6673 	7131 	7178 	8608 	 
0 	1086 	1537 	1559 	3638 	5740 	6833 	7229 	9772 	9789 	 
0 	1060 	1536 	3563 	3876 	4076 	4092 	5218 	5777 	6625 	8987 	 
0 	1598 	1766 	2517 	4541 	6629 	9128 	9888 	 
0 	1580 	3365 	3987 	5420 	7162 	8527 	8949 	 
0 	2060 	2322 	2980 	4817 	4903 	5390 	6359 	7432 	7469 	9918 	 
0 	1146 	1355 	4656 	6865 	7736 	8603 	8797 	 
0 	72 	422 	1485 	1775 	2378 	3119 	3227 	4791 	6078 	6666 	9220 	 
0 	1985 	2903 	3679 	4092 	4189 	5262 	5362 	5809 	6191 	6618 	7325 	8238 	8318 	8590 	 
0 	4933 	5788 	5908 	5974 	7677 	8786 	9142 	 
0 	262 	365 	1673 	2070 	2893 	4632 	6726 	6757 	7694 	7738 	8449 	9076 	 
0 	806 	1604 	3695 	5167 	5872 	9202 	 
0 	1142 	3017 	3246 	4573 	5578 	5912 	7088 	 
0 	486 	1498 	4287 	5073 	5492 	6088 	6121 	9091 	9190 	9948 	 
0 	372 	1626 	3582 	3957 	6533 	7201 	7872 	8450 	9325 	 
0 	356 	3702 	4143 	4152 	8529 	 
0 	1144 	1270 	5006 	6515 	6627 	7249 	7795 	7855 	9756 	 
0 	979 	1052 	1425 	1603 	1964 	3075 	4180 	5280 	6029 	7392 	8103 	9660 	 
0 	329 	1130 	1332 	2436 	3851 	4506 	5214 	5333 	6026 	6232 	6804 	6879 	8527 	9259 	 
0 	27 	185 	2120 	3353 	3899 	4346 	7090 	7224 	7907 	8139 	9471 	 
0 	1396 	2837 	2966 	4011 	4669 	4776 	4797 	7083 	7369 	7787 	9111 	9909 	 
0 	152 	2842 	3674 	4182 	4397 	4487 	4887 	6868 	9961 	 
0 	1797 	2077 	2182 	3484 	4493 	4584 	4626 	4782 	5887 	6994 	9921 	 
0 	327 	438 	1197 	1510 	1975 	2549 	5413 	6150 	6564 	6864 	7619 	8234 	8360 	9567 	 
0 	3831 	4285 	5549 	6258 	8609 	9619 	 
0 	1824 	2402 	3997 	5605 	7453 	7587 	 
0 	431 	2460 	4560 	 
0 	35 	1347 	1986 	4123 	4126 	5553 	6361 	6638 	7646 	7800 	8169 	8609 	9211 	9492 	9603 	9690 	9935 	 
0 	583 	1923 	2085 	4564 	4753 	4951 	7146 	7439 	7560 	8238 	8291 	9096 	9500 	 
0 	2105 	2663 	5895 	6049 	6409 	7719 	8512 	9612 	9989 	 
0 	38 	213 	2801 	3463 	5575 	5734 	5772 	5779 	8140 	9686 	 
0 	4184 	4336 	5893 	6165 	6260 	6710 	6913 	7968 	8580 	 
0 	576 	625 	4057 	5264 	6007 	6234 	6353 	7442 	8151 	8870 	 
0 	312 	373 	581 	979 	2459 	3123 	7445 	7582 	8913 	 
0 	225 	1699 	4454 	5509 	5674 	6145 	7751 	7843 	8077 	8810 	8836 	 
0 	1808 	1964 	2394 	3446 	3465 	7214 	8847 	 
0 	515 	641 	1703 	2824 	3728 	4690 	4759 	5697 	6527 	7886 	8602 	 
0 	666 	2053 	2304 	2658 	5895 	7863 	 
0 	384 	3091 	4362 	6525 	6986 	7829 	7853 	7942 	8289 	8477 	9091 	 
0 	921 	1010 	3411 	3576 	3881 	4445 	4679 	5147 	6022 	7582 	8114 	8648 	8653 	 
0 	411 	3907 	7453 	8106 	8846 	9036 	9927 	 
0 	284 	2341 	2640 	3324 	5760 	5912 	6041 	7023 	7220 	7865 	8166 	9762 	 
0 	2270 	2615 	2901 	5191 	6244 	7766 	7835 	8947 	 
0 	1380 	2868 	3641 	4956 	6569 	8206 	 
0 	5004 	5592 	6697 	6938 	7184 	7291 	8265 	9095 	9614 	 
0 	470 	2535 	2980 	4737 	4981 	5022 	5201 	5206 	5897 	8645 	8987 	 
0 	549 	2648 	4839 	5730 	6111 	6347 	8182 	9417 	9463 	 
0 	790 	988 	2808 	4017 	4973 	5593 	6846 	7064 	7404 	8508 	8897 	 
0 	730 	967 	1299 	1964 	4089 	5574 	6175 	6970 	7075 	7229 	9127 	 
0 	400 	1862 	2118 	3005 	3750 	4109 	4321 	4598 	4982 	6500 	6981 	8718 	9070 	9117 	9401 	 
0 	93 	783 	1486 	3336 	4903 	5832 	6330 	6877 	7141 	9491 	 
0 	297 	1403 	3680 	3790 	5766 	7388 	9361 	 
0 	395 	1253 	1314 	2768 	4104 	5304 	5507 	6581 	7299 	8646 	 
0 	1681 	2615 	2704 	2947 	3811 	8224 	8749 	8939 	9702 	 
0 	888 	1033 	2592 	4570 	4961 	5534 	5971 	7495 	7714 	7746 	7857 	9546 	 
0 	675 	2205 	2918 	3397 	4452 	6101 	9451 	 
0 	1755 	3429 	4498 	6212 	6256 	8676 	9640 	 
0 	3690 	9111 	 
0 	272 	4649 	5045 	5558 	6242 	6318 	8083 	8374 	9113 	9530 	9533 	9585 	 
0 	520 	681 	1298 	1689 	1731 	2625 	3396 	3575 	3878 	4033 	8928 	 
0 	284 	431 	1023 	1034 	4584 	4668 	5683 	5895 	5967 	6541 	6676 	7565 	7590 	7719 	 
0 	1462 	1530 	2341 	3516 	3750 	6404 	6522 	7478 	7774 	8897 	9090 	9643 	9859 	 
0 	50 	452 	4001 	4120 	7109 	 
0 	1410 	3779 	4498 	7063 	7424 	8006 	8393 	 
0 	6 	793 	2809 	3301 	3623 	3643 	3679 	3710 	4845 	6368 	8515 	 
0 	5157 	9302 	 
0 	198 	1060 	1708 	3142 	3654 	4029 	4430 	6616 	6647 	6870 	8108 	8132 	8403 	8489 	9619 	9934 	 
0 	393 	608 	1296 	1815 	3270 	3964 	5286 	6474 	6633 	7673 	9017 	9570 	 
0 	1936 	2999 	3234 	4856 	5141 	7144 	8436 	9212 	 
0 	1985 	3249 	3664 	5970 	7931 	8065 	9653 	 
0 	3957 	3966 	4389 	6755 	7118 	9531 	 
0 	940 	987 	2145 	3131 	3209 	3521 	5591 	5618 	6094 	6255 	6482 	9683 	9783 	 
0 	1293 	1296 	1374 	1744 	3650 	5549 	6136 	6407 	7827 	9843 	 
0 	254 	2378 	3173 	3972 	5109 	6522 	6544 	7922 	8128 	 
0 	474 	1242 	2538 	2732 	3628 	4142 	5308 	8715 	9546 	 
0 	609 	742 	770 	4319 	6216 	6619 	7286 	 
0 	543 	721 	861 	3383 	5566 	6900 	7390 	8592 	 
0 	391 	1426 	1858 	2149 	2550 	3802 	3936 	4914 	4946 	8929 	9809 	 
0 	46 	1225 	2122 	2190 	2680 	3185 	3968 	4428 	4877 	5418 	6559 	7137 	7454 	8608 	8866 	 
0 	1223 	1295 	2336 	2581 	4538 	4554 	4683 	6343 	8558 	8972 	9246 	 
0 	722 	2022 	3884 	4482 	7190 	8827 	9977 	 
0 	886 	1270 	2224 	2247 	4259 	4365 	4434 	5336 	5658 	5851 	6238 	6274 	9332 	 
0 	608 	1697 	4394 	4540 	6613 	6788 	7592 	8252 	8674 	9487 	9809 	 
0 	771 	2042 	4126 	4700 	5057 	5615 	5646 	6114 	7156 	7978 	8653 	8983 	9784 	 
0 	1332 	1832 	2042 	2046 	2791 	2870 	2910 	3183 	3249 	6090 	6546 	7432 	7530 	7880 	8880 	9009 	9558 	 
0 	863 	1484 	2841 	2885 	4247 	4904 	5058 	8201 	9140 	9332 	 
0 	725 	2802 	3391 	3743 	4358 	6117 	7250 	8135 	 
0 	493 	1286 	2307 	3935 	4263 	4919 	4985 	5831 	 
0 	185 	1643 	3019 	3069 	3539 	3540 	3761 	4172 	5533 	5965 	7359 	7371 	 
0 	71 	2074 	2482 	4256 	6646 	6736 	6898 	6954 	8112 	8162 	 
0 	257 	275 	622 	1584 	1864 	2763 	4082 	4535 	4643 	6024 	6037 	6100 	6171 	6273 	7104 	7423 	 
0 	103 	689 	1402 	2736 	5244 	6676 	6780 	9492 	9542 	 
0 	1243 	1815 	1981 	2746 	4521 	5612 	7401 	8150 	9745 	 
0 	411 	689 	1218 	1812 	3591 	7220 	9364 	 
0 	162 	295 	611 	2178 	2479 	2517 	3504 	3826 	6145 	8843 	 
0 	589 	1719 	1994 	2339 	4627 	5450 	5743 	6447 	7585 	8500 	9119 	 
0 	252 	827 	1567 	3722 	3948 	3979 	4321 	6316 	7074 	7698 	8121 	8234 	8548 	 
0 	2718 	3363 	3693 	3709 	4118 	4155 	6813 	8451 	 
0 	237 	1546 	2896 	2973 	3270 	4663 	4783 	4867 	4890 	6100 	6261 	6343 	7617 	8136 	8560 	9644 	 
0 	911 	1594 	2338 	3141 	3477 	4994 	5882 	7847 	7919 	9573 	9608 	 
0 	2015 	2731 	4517 	5181 	5394 	6070 	7138 	7983 	8360 	8928 	9156 	 
0 	810 	1706 	1928 	2186 	2856 	3007 	3283 	3818 	4535 	5707 	7031 	8302 	8668 	8673 	 
0 	16 	837 	1149 	1174 	1195 	2581 	5147 	7074 	8097 	8157 	9249 	9482 	 
0 	328 	500 	2364 	3179 	3678 	6496 	6912 	7317 	8657 	9090 	 
0 	671 	766 	995 	1913 	3141 	4208 	4362 	5494 	5868 	6132 	6366 	7047 	7794 	7972 	9702 	 
0 	577 	700 	4659 	6424 	7114 	8720 	 
0 	1791 	2000 	2525 	2688 	3254 	3916 	4102 	4194 	4563 	6593 	7626 	 
0 	909 	4536 	5798 	6051 	7133 	 
0 	125 	821 	1274 	2657 	3353 	4795 	7313 	8454 	9718 	 
0 	1155 	1505 	3243 	6091 	6320 	6873 	 
0 	1058 	2611 	2683 	3434 	3447 	4953 	5075 	5198 	5226 	5613 	5946 	6239 	6942 	7982 	8059 	9658 	 
0 	38 	1200 	2906 	3385 	4154 	4319 	4714 	5455 	7002 	8549 	8552 	8866 	 
0 	2343 	2358 	3694 	4652 	7909 	 
0 	720 	5994 	6028 	6653 	7220 	7796 	8651 	 
0 	1424 	1530 	6757 	7030 	7398 	8084 	 
0 	238 	1216 	1962 	2016 	4023 	5000 	5279 	6002 	6911 	7441 	8023 	8530 	9106 	 
0 	55 	1208 	5014 	5476 	6248 	7437 	7557 	7758 	9605 	 
0 	1509 	1619 	2908 	3480 	3622 	4237 	4875 	5179 	5183 	5566 	6117 	6275 	8676 	8828 	9104 	 
0 	1465 	1505 	3888 	4278 	5479 	5540 	6418 	8881 	8906 	 
0 	446 	656 	1515 	1672 	4396 	4516 	6065 	7293 	7684 	7783 	8453 	9166 	9623 	9826 	 
0 	1340 	1728 	2714 	2893 	3595 	3672 	5111 	7272 	9400 	9422 	9497 	 
0 	101 	560 	1151 	1381 	2532 	3696 	3894 	4273 	5384 	6029 	6890 	8516 	9408 	 
0 	294 	1495 	1831 	2496 	2762 	3242 	3374 	4286 	5682 	6748 	8626 	9277 	 
0 	26 	545 	2247 	4398 	5036 	6827 	6854 	8378 	8706 	8770 	9366 	9842 	 
0 	714 	3252 	5293 	6420 	6903 	6932 	8408 	8708 	9270 	9401 	 
0 	856 	1597 	2583 	7947 	8264 	9423 	 
0 	282 	1326 	1444 	2459 	3702 	5289 	6418 	6499 	6549 	7664 	9640 	9710 	 
0 	888 	1583 	2403 	5692 	6270 	6326 	7906 	8453 	8728 	9763 	 
0 	2060 	2670 	3416 	4276 	4997 	8393 	9529 	 
0 	1372 	2367 	3657 	5612 	7202 	7803 	7975 	9283 	 
0 	776 	1168 	1488 	2528 	2661 	3649 	4046 	7514 	9039 	9657 	 
0 	81 	309 	578 	2776 	3054 	4109 	9191 	 
0 	45 	494 	658 	1178 	1267 	1530 	3947 	4697 	6424 	6510 	7914 	8494 	 
0 	575 	2760 	4599 	7090 	8101 	8350 	 
0 	322 	643 	2798 	2822 	3128 	3259 	3479 	6283 	7113 	8957 	9331 	 
0 	1570 	2801 	3798 	5880 	6429 	9456 	 
0 	877 	2276 	3306 	3548 	5115 	5287 	6883 	7201 	7519 	8351 	9020 	9334 	9797 	 
0 	567 	3046 	4526 	4800 	5157 	5700 	7998 	8513 	8617 	8669 	 
0 	88 	634 	1073 	1141 	1285 	1294 	1394 	1583 	2482 	3903 	4335 	5544 	6684 	7052 	8269 	9655 	9742 	9756 	 
0 	434 	881 	1210 	1403 	1878 	2172 	2352 	2617 	3398 	3844 	3878 	3910 	4948 	5123 	5341 	5607 	5864 	7061 	8420 	8614 	9533 	9959 	 
0 	1105 	1424 	1560 	1783 	2922 	3209 	7331 	7742 	7975 	 
0 	1564 	3226 	3299 	3585 	4558 	4765 	6526 	7301 	8317 	9479 	 
0 	802 	2389 	2925 	5252 	6254 	7090 	7952 	9355 	 
0 	394 	1381 	3361 	3658 	3718 	4120 	6168 	8031 	 
0 	766 	1020 	3647 	3690 	5426 	5676 	5797 	7353 	7974 	8466 	8602 	 
0 	1521 	1593 	2075 	2791 	4503 	4867 	7891 	8765 	8813 	 
0 	252 	2293 	2343 	5902 	9022 	9890 	 
0 	133 	742 	1016 	1118 	1465 	2411 	3593 	6262 	6763 	7231 	8296 	 
0 	560 	1813 	1942 	2575 	5022 	5340 	5805 	6587 	7083 	 
0 	564 	611 	922 	1845 	2010 	5236 	5841 	6153 	7697 	 
0 	2442 	3866 	6931 	7951 	8149 	9315 	9660 	 
0 	430 	1787 	2178 	3436 	3597 	5969 	6858 	6882 	8085 	8706 	9214 	 
0 	252 	2074 	3249 	3659 	4111 	4162 	4743 	4948 	6318 	6658 	7073 	8072 	8444 	9367 	9563 	 
0 	586 	1404 	6007 	6193 	6373 	7865 	7914 	7977 	8066 	8075 	8255 	8288 	9822 	9886 	 
0 	513 	1630 	1814 	1995 	2151 	3953 	4532 	6210 	7036 	7681 	9265 	9289 	9735 	9960 	 
0 	92 	1307 	3101 	3968 	5614 	8493 	 
0 	1398 	1405 	1578 	3890 	4047 	4752 	5101 	5166 	5944 	6189 	6259 	7069 	8151 	 
0 	2269 	2479 	2827 	2920 	3045 	3599 	4447 	4690 	6336 	 
0 	973 	998 	1872 	2884 	3900 	4165 	5379 	6942 	8926 	 
0 	198 	403 	1240 	2028 	4701 	5043 	7994 	8475 	 
0 	1827 	4418 	4794 	5173 	5402 	6086 	6242 	8729 	9177 	9961 	 
0 	214 	1842 	2427 	2762 	4337 	4396 	5100 	5172 	5605 	5854 	6006 	6026 	6151 	6789 	7753 	 
0 	1308 	1391 	3205 	7160 	9567 	9623 	9992 	 
0 	2323 	2860 	7527 	7536 	 
0 	1091 	2717 	3134 	3499 	4561 	7730 	 
0 	811 	892 	1241 	2412 	2643 	3412 	5665 	6374 	6568 	8558 	8907 	9682 	 
0 	417 	960 	1388 	2145 	4836 	6069 	8021 	8207 	 
0 	198 	557 	690 	2549 	3500 	3679 	3839 	3949 	4286 	6667 	8188 	8895 	9360 	9502 	 
0 	905 	1006 	1070 	2287 	2747 	3424 	5537 	5934 	7374 	7393 	7742 	9456 	9549 	 
0 	921 	1778 	3606 	4420 	4611 	6293 	6576 	8487 	8605 	9265 	 
0 	238 	275 	1032 	1839 	2368 	2612 	2816 	3257 	4950 	4979 	5130 	6128 	6620 	8606 	8659 	9189 	9670 	9671 	9769 	9874 	 
0 	570 	1350 	8481 	8763 	 
0 	3734 	4299 	4489 	4494 	5976 	8162 	8797 	 
0 	715 	1072 	1201 	1326 	3558 	5286 	6186 	7743 	8866 	9755 	 
0 	1387 	1538 	1895 	3035 	3200 	3399 	3476 	4507 	7068 	7486 	9989 	 
0 	344 	899 	983 	1643 	2938 	6062 	6128 	6332 	6464 	8995 	 
0 	583 	1669 	2651 	3725 	3727 	4226 	4727 	5517 	5577 	5598 	6979 	7519 	7745 	8201 	8727 	9846 	9897 	 
0 	269 	2241 	2721 	3436 	3865 	4814 	4945 	5234 	5421 	6157 	6637 	7222 	7435 	7668 	 
0 	60 	183 	821 	2689 	2860 	3562 	5719 	6286 	6289 	7641 	9796 	9975 	9986 	 
0 	397 	742 	2025 	2624 	3549 	3856 	5037 	5747 	6030 	6036 	6441 	7392 	8312 	8480 	8523 	9508 	9901 	 
0 	920 	2641 	2952 	3621 	4276 	4793 	5166 	5935 	5974 	6044 	6110 	6713 	7267 	7346 	8780 	9744 	 
0 	2383 	7055 	7529 	9471 	9485 	9953 	 
0 	231 	414 	666 	2613 	2687 	3490 	3572 	4194 	5023 	8578 	 
0 	302 	564 	1126 	1615 	1800 	1916 	2789 	3422 	3602 	3793 	4298 	4844 	5352 	5427 	5758 	6001 	8383 	9126 	9724 	9747 	9881 	 
0 	2924 	5037 	5324 	7591 	8694 	8785 	9532 	9785 	9928 	 
0 	1232 	4483 	5833 	8715 	 
0 	2420 	2946 	4127 	4513 	5463 	6638 	8039 	 
0 	243 	564 	1141 	2983 	3433 	3504 	3890 	4468 	5305 	7318 	7359 	9201 	 
0 	45 	1403 	1503 	2749 	2883 	3270 	5074 	5854 	6040 	6584 	6789 	7093 	7099 	7838 	8819 	9473 	9513 	9809 	 
0 	2158 	4478 	8141 	9731 	 
0 	1373 	2095 	3197 	3264 	3308 	3425 	5519 	6897 	7692 	8457 	9431 	 
0 	2929 	3516 	3682 	3819 	3868 	4844 	6918 	7014 	7460 	9000 	 
0 	154 	1368 	3681 	6623 	6817 	6948 	7422 	7942 	8663 	 
0 	2891 	5029 	5851 	5992 	7021 	8131 	8785 	 
0 	574 	982 	3018 	3677 	4169 	7741 	8632 	8982 	9099 	 
0 	717 	758 	910 	992 	1838 	2272 	2883 	3125 	3152 	6576 	7009 	8889 	 
0 	491 	2331 	3139 	4062 	4281 	4686 	4917 	5393 	5721 	7871 	8773 	9018 	9491 	9780 	 
0 	499 	662 	1860 	5019 	5461 	5508 	5835 	7538 	8212 	 
0 	60 	238 	661 	3602 	4250 	4941 	5068 	5600 	6519 	6689 	7976 	 
0 	1180 	1658 	1733 	1920 	2246 	3117 	3269 	4337 	4444 	4550 	5349 	6672 	8177 	 
0 	1906 	2558 	3663 	4466 	6267 	6290 	8865 	9236 	 
0 	444 	2186 	4164 	5826 	5829 	6200 	7786 	7801 	8749 	9972 	 
0 	1240 	1248 	1250 	1394 	2181 	2224 	2465 	2624 	3266 	3558 	5351 	5533 	6306 	6494 	6687 	7357 	9942 	 
0 	1190 	1403 	1550 	2022 	3933 	4509 	4664 	5064 	6443 	8910 	9720 	9809 	 
0 	3215 	3315 	4694 	6732 	8451 	9260 	 
0 	1130 	2497 	2875 	3561 	3782 	5662 	6263 	9588 	 
0 	352 	703 	992 	1920 	3839 	5458 	6446 	6454 	6520 	7527 	7564 	9808 	 
0 	407 	2725 	3545 	6121 	6441 	6607 	6775 	9239 	9685 	 
0 	1951 	2551 	3151 	6014 	6614 	6956 	7243 	7284 	8891 	9089 	9163 	 
0 	1459 	2245 	2552 	2847 	3049 	4457 	4468 	4766 	5092 	5465 	7043 	7491 	8035 	8185 	8273 	8578 	8612 	8941 	 
0 	728 	2135 	3008 	4244 	4297 	4943 	4967 	5317 	5497 	6377 	7146 	7157 	8428 	8739 	9097 	9842 	 
0 	1069 	1934 	2107 	3474 	5146 	5771 	6716 	7223 	8623 	 
0 	19 	748 	2068 	2549 	3084 	3417 	3809 	4087 	5485 	6051 	6415 	9214 	9463 	9739 	 
0 	1498 	1718 	2405 	2875 	3018 	3693 	3952 	6486 	6684 	7267 	9031 	9542 	 
0 	632 	2812 	2969 	4602 	6208 	6271 	6364 	8325 	9206 	9514 	9968 	 
0 	617 	1777 	3124 	3934 	5432 	6261 	6315 	6568 	8440 	8480 	 
0 	1180 	2222 	5286 	5535 	6435 	6817 	6986 	7744 	8959 	9103 	9296 	9439 	9603 	 
0 	4034 	4534 	5827 	6802 	8458 	9712 	 
0 	284 	958 	1714 	2562 	3012 	3641 	4535 	4585 	5454 	5690 	6908 	8393 	9531 	 
0 	1956 	3987 	4077 	4327 	4429 	5005 	5760 	7968 	8154 	8567 	8881 	 
0 	3992 	5951 	9856 	 
0 	3073 	3508 	3701 	6207 	7334 	7931 	7937 	9854 	 
0 	302 	2217 	2571 	3651 	6013 	6285 	8017 	8408 	8534 	 
0 	1563 	2513 	3737 	4643 	4919 	5515 	5776 	7008 	7109 	7150 	8765 	9483 	9914 	 
0 	1704 	1725 	1816 	6118 	6787 	7743 	8387 	9002 	 
0 	203 	1104 	1931 	2424 	6475 	7122 	 
0 	458 	642 	1399 	1561 	2687 	5203 	5993 	6038 	6342 	7092 	8202 	9365 	 
0 	3230 	3408 	4262 	5396 	6247 	6903 	7437 	7694 	 
0 	1253 	6141 	7110 	9318 	 
0 	509 	642 	1269 	2139 	2389 	2543 	3420 	5692 	7892 	7963 	8144 	9338 	9464 	 
0 	225 	311 	656 	891 	1591 	2256 	2499 	4237 	4498 	6145 	8351 	8948 	9399 	 
0 	1327 	3628 	3671 	4243 	4607 	6856 	7667 	8615 	9366 	 
0 	809 	1062 	3275 	3337 	3981 	4769 	5655 	6592 	6755 	 
0 	362 	1277 	1426 	2191 	2822 	3384 	4980 	5141 	5176 	8558 	8664 	8871 	 
0 	85 	155 	439 	927 	1506 	3790 	5864 	6419 	6742 	7442 	8119 	8550 	8927 	9314 	 
0 	5 	1143 	1225 	5018 	5070 	7055 	8507 	 
0 	1147 	1315 	2164 	2738 	3233 	3875 	3881 	4857 	5229 	5593 	6322 	7274 	7447 	8186 	9261 	 
0 	2012 	2517 	4257 	5207 	6646 	6790 	6893 	8265 	8671 	9080 	 
0 	8 	948 	1309 	2960 	3288 	3962 	3979 	8765 	 
0 	1863 	1947 	3066 	4278 	5073 	5706 	6371 	6505 	7441 	7941 	 
0 	995 	2815 	4243 	5679 	5958 	7510 	8407 	8424 	 
0 	1426 	3728 	5109 	7332 	8653 	9808 	 
0 	1144 	1365 	3131 	3904 	4830 	6174 	6884 	 
0 	3 	2043 	3985 	4604 	5145 	7324 	7334 	7422 	7623 	7625 	8651 	9326 	 
0 	1525 	4546 	4721 	4795 	5983 	6351 	7915 	9106 	9250 	 
0 	1959 	2607 	4808 	4822 	6781 	7703 	8784 	 
0 	172 	841 	889 	1458 	2212 	2253 	2397 	3420 	5015 	5455 	6200 	6769 	7293 	 
0 	3200 	3285 	3833 	5861 	6697 	8716 	9023 	9508 	 
0 	1442 	2471 	3270 	4448 	5220 	5232 	8735 	9338 	9438 	 
0 	653 	921 	2315 	3680 	4300 	5889 	8288 	9324 	 
0 	416 	1109 	1436 	1991 	3615 	4024 	7870 	8816 	8862 	9759 	9942 	 
0 	737 	888 	2427 	2602 	2715 	3978 	5586 	6237 	6344 	7638 	8435 	9732 	 
0 	924 	1781 	2689 	3171 	3289 	3787 	6657 	6857 	9975 	 
0 	2299 	2467 	2877 	3779 	4027 	5623 	7950 	9008 	 
0 	51 	196 	1552 	1919 	2140 	2864 	7174 	9528 	9825 	9856 	 
0 	511 	919 	1646 	2116 	2184 	3283 	4391 	4398 	5511 	7231 	9850 	 
0 	1370 	3034 	3379 	3892 	4436 	4735 	6066 	7175 	7578 	7580 	9706 	9961 	 
0 	1912 	5914 	6520 	7711 	8424 	 
0 	1645 	3106 	3499 	4294 	4944 	7999 	 
0 	383 	489 	3128 	4029 	5672 	7176 	7393 	8119 	 
0 	1556 	2273 	2878 	5246 	5566 	6928 	8697 	9056 	 
0 	246 	1348 	2663 	4927 	5921 	7159 	8088 	8617 	 
0 	1606 	2991 	3438 	6926 	7245 	9349 	9386 	9664 	9864 	9895 	 
0 	13 	5077 	5137 	5569 	7505 	8741 	9879 	 
0 	2442 	2445 	3199 	3406 	3731 	4382 	7273 	7853 	8385 	9141 	9979 	 
0 	986 	1037 	1327 	2242 	2949 	2979 	4688 	4996 	5138 	6075 	6358 	6453 	6816 	8083 	9185 	9540 	9547 	 
0 	62 	978 	1017 	1224 	2310 	2361 	3351 	3822 	4248 	4403 	6790 	7976 	9166 	9411 	 
0 	2038 	2347 	2670 	2836 	3027 	6570 	9579 	 
0 	43 	660 	1542 	1718 	3525 	4110 	5215 	5506 	6460 	7011 	8618 	8673 	8697 	9470 	 
0 	494 	1849 	2276 	2281 	2363 	3900 	5574 	6301 	7022 	7259 	8517 	8650 	8825 	9211 	 
0 	126 	1052 	7376 	8324 	 
0 	539 	4823 	5225 	5260 	5293 	5330 	5828 	7977 	9295 	9478 	9887 	9920 	 
0 	264 	276 	577 	625 	2066 	2425 	2442 	2694 	3858 	6260 	6710 	7214 	7379 	8061 	8233 	9090 	9534 	 
0 	981 	1228 	2882 	2978 	3240 	4377 	6277 	9801 	 
0 	437 	1091 	1572 	3301 	4515 	6432 	7988 	 
0 	39 	69 	1028 	1054 	3498 	4418 	7806 	8173 	8253 	8385 	8887 	9166 	 
0 	2153 	4087 	6776 	6824 	7804 	9017 	 
0 	852 	1219 	2850 	6518 	6587 	8396 	 
0 	2401 	4390 	4616 	4879 	5260 	8945 	 
0 	1634 	1707 	2115 	2334 	3217 	5329 	8663 	9961 	 
0 	6310 	7059 	7193 	7298 	7757 	8486 	 
0 	1337 	2116 	2267 	2378 	4049 	4423 	5245 	5625 	6299 	7412 	8171 	9588 	9971 	 
0 	33 	3314 	3318 	3595 	3710 	4171 	6858 	7526 	7926 	8056 	8472 	9010 	9568 	 
0 	1139 	4092 	4494 	5731 	8284 	8347 	8991 	 
0 	210 	1524 	2298 	4018 	7100 	9096 	9924 	 
0 	572 	2285 	2611 	2677 	4136 	5496 	7103 	9812 	 
0 	917 	3472 	5085 	6339 	8225 	8800 	9476 	9834 	 
0 	717 	887 	1076 	1765 	2293 	2587 	3828 	6192 	8050 	 
0 	463 	1143 	1397 	3405 	5575 	5894 	6383 	6755 	7292 	 
0 	839 	1223 	3239 	3661 	3677 	5334 	5400 	5613 	6009 	6498 	 
0 	630 	2721 	3211 	3492 	4794 	4996 	5133 	6040 	6874 	7981 	8423 	9378 	 
0 	281 	1730 	2313 	3952 	4060 	4399 	4515 	6074 	 
0 	39 	898 	1184 	1989 	3773 	4113 	4433 	5019 	5236 	5647 	6532 	7905 	8746 	 
0 	437 	1984 	3484 	5262 	5929 	7484 	8079 	8356 	 
0 	15 	1208 	1778 	2994 	4268 	5732 	9120 	 
0 	238 	574 	2066 	2873 	3635 	5115 	8152 	8729 	8934 	 
0 	841 	1316 	2345 	3152 	3220 	3225 	5019 	7842 	8173 	9905 	 
0 	494 	800 	1266 	1830 	2960 	3143 	3707 	4990 	5212 	5687 	5827 	7408 	7460 	7632 	8995 	9156 	9525 	 
0 	229 	1258 	1748 	2332 	2608 	3207 	4113 	5545 	5546 	9226 	9334 	9529 	9575 	 
0 	679 	1486 	2493 	3078 	4284 	4724 	4754 	5280 	7742 	9525 	 
0 	3216 	3700 	4199 	4535 	5896 	6326 	7595 	8422 	 
0 	300 	1240 	1559 	2853 	2889 	4081 	8011 	9504 	9761 	9783 	 
0 	268 	280 	2512 	3156 	3583 	3939 	4416 	4449 	4626 	5615 	8757 	 
0 	169 	230 	865 	2625 	2885 	3012 	3504 	3978 	4320 	4589 	4692 	4954 	6072 	7313 	7977 	 
0 	68 	1091 	2382 	4596 	4639 	4771 	6714 	 
0 	470 	3477 	5166 	5297 	6411 	 
0 	4447 	5419 	7887 	8558 	8778 	8813 	9064 	 
0 	1501 	2012 	2138 	4334 	4595 	4843 	4996 	5143 	6434 	8110 	8718 	 
0 	626 	1246 	1924 	2289 	3471 	3865 	3954 	4634 	4679 	4954 	8293 	 
0 	243 	3292 	4140 	4182 	4293 	5933 	5993 	6262 	 
0 	1319 	1482 	1758 	1870 	3419 	4715 	6186 	6649 	7399 	8022 	 
0 	2064 	4971 	5543 	5923 	6315 	8494 	 
0 	21 	1274 	1884 	2727 	8990 	9145 	 
0 	2844 	4239 	4314 	5421 	6178 	6288 	6842 	7219 	7796 	9058 	9260 	 
0 	469 	481 	1378 	1864 	2224 	2687 	4073 	4719 	5392 	8042 	 
0 	304 	3186 	5266 	5783 	6553 	6715 	7976 	8305 	8484 	8890 	9446 	9914 	9950 	 
0 	1807 	1838 	2175 	2316 	2791 	3234 	4608 	5045 	5072 	6405 	8317 	 
0 	1010 	4137 	5086 	5715 	5889 	6011 	6248 	6449 	7713 	7795 	9447 	 
0 	282 	2615 	2700 	3015 	3359 	3824 	5232 	5633 	6031 	7269 	7583 	7902 	8057 	8723 	9458 	 
0 	1170 	4292 	4702 	5331 	7052 	8072 	8440 	8599 	8873 	8935 	 
0 	1460 	2101 	2978 	3196 	3705 	4745 	4799 	5150 	5630 	5664 	6704 	6882 	9831 	9836 	 
0 	1544 	3400 	3730 	4185 	4302 	4941 	6049 	6307 	7069 	8530 	8707 	8739 	8811 	 
0 	240 	1420 	1914 	2382 	2630 	7006 	7724 	9119 	9503 	 
0 	2243 	3040 	4672 	4782 	5054 	6411 	6534 	8555 	 
0 	990 	1987 	2006 	2140 	3023 	8098 	8499 	8695 	9300 	9552 	9963 	 
0 	1725 	2359 	4790 	6571 	8187 	9092 	9293 	 
0 	1244 	3088 	3368 	3565 	3870 	3945 	5679 	6662 	7094 	7442 	7679 	8003 	9050 	9922 	 
0 	171 	6247 	7047 	7811 	8703 	8873 	9022 	9432 	 
0 	641 	1026 	4616 	5188 	5620 	6688 	9721 	 
0 	537 	2673 	4018 	5413 	5457 	6036 	6312 	7338 	8181 	8691 	 
0 	107 	431 	800 	1594 	2309 	2796 	3891 	3920 	4938 	6328 	9198 	9200 	9345 	 
0 	909 	946 	2297 	2901 	3073 	3145 	4749 	5030 	6295 	6471 	7442 	7660 	8665 	 
0 	1268 	3366 	3797 	4248 	6052 	8552 	8582 	 
0 	646 	1285 	3165 	3548 	3637 	4519 	4742 	4850 	4940 	5295 	 
