0 	110 	642 	1306 	1337 	2934 	4180 	4627 	5874 	6083 	6781 	7216 	8973 	9153 	9322 	 
0 	3100 	3204 	3481 	4237 	8061 	 
0 	1582 	2269 	2595 	3552 	6225 	7345 	7467 	8367 	8705 	 
0 	1787 	2034 	2850 	3100 	5603 	5986 	6055 	6138 	7028 	8856 	 
0 	1828 	3720 	4478 	5394 	6506 	6553 	6710 	 
0 	103 	473 	968 	1823 	1850 	2687 	4111 	6885 	7333 	7678 	8313 	 
0 	984 	2625 	6232 	6682 	7231 	7245 	9525 	 
0 	2802 	3549 	4040 	5622 	7305 	7573 	7595 	 
0 	436 	556 	745 	2423 	2785 	3674 	4681 	4957 	6086 	6217 	7134 	9181 	9478 	 
0 	574 	1260 	1922 	2737 	2869 	2944 	5610 	5767 	6251 	6369 	7998 	8749 	 
0 	211 	838 	913 	4216 	4688 	8974 	9288 	 
0 	1023 	2271 	2903 	5488 	5764 	7416 	7923 	9603 	9948 	 
0 	939 	1073 	2391 	2910 	7904 	8542 	9049 	 
0 	153 	2574 	2645 	6163 	6592 	7390 	7453 	7559 	9864 	 
0 	780 	879 	1107 	1709 	2027 	2239 	5501 	6782 	9643 	 
0 	283 	914 	915 	1715 	3155 	3178 	3859 	4650 	4705 	4942 	6164 	6177 	6471 	6912 	7664 	8872 	 
0 	48 	944 	1461 	1544 	1885 	3806 	4011 	6598 	7329 	8333 	8487 	9300 	 
0 	425 	2354 	2623 	3640 	3755 	4588 	4814 	5050 	6276 	7865 	8753 	 
0 	37 	2552 	4504 	5952 	6901 	8336 	8383 	8755 	9312 	9410 	 
0 	885 	2177 	2300 	3025 	3319 	3610 	4346 	4433 	5131 	5196 	6863 	6958 	6962 	7228 	7413 	8989 	 
0 	397 	2822 	4100 	5140 	5653 	7334 	7518 	9014 	 
0 	242 	1155 	1218 	1897 	1911 	2064 	2462 	5536 	5926 	6141 	7004 	7008 	8179 	8392 	9208 	 
0 	2679 	3574 	4397 	4745 	5233 	5675 	6198 	6711 	6814 	8381 	8927 	9685 	 
0 	64 	4539 	4722 	6416 	6664 	6848 	8384 	8489 	9899 	 
0 	1447 	1734 	3286 	3653 	4535 	5044 	7951 	 
0 	1510 	1664 	2398 	2919 	3523 	3803 	5202 	5474 	7003 	7841 	7894 	 
0 	176 	1632 	3456 	4135 	4831 	6004 	6197 	7336 	7371 	7422 	 
0 	2602 	2715 	3296 	4906 	7823 	8961 	9033 	 
0 	66 	1423 	2281 	2330 	2994 	3100 	3424 	7139 	8949 	 
0 	507 	3922 	4605 	4786 	4937 	5701 	6216 	6463 	6859 	7130 	9169 	 
0 	4337 	5628 	6056 	6997 	7288 	7311 	7742 	7981 	 
0 	1296 	1340 	4185 	4989 	6325 	6545 	7346 	9439 	9860 	 
0 	227 	1961 	2193 	3264 	4325 	5161 	5297 	6123 	8179 	9611 	9748 	9912 	 
0 	738 	2970 	3153 	3547 	3558 	4445 	8550 	8771 	9726 	 
0 	28 	229 	247 	1825 	3574 	5946 	8516 	8769 	 
0 	921 	1416 	1579 	2013 	2220 	2364 	2389 	2931 	3859 	4184 	4416 	4602 	4960 	6161 	6474 	7401 	7517 	7819 	9416 	9819 	9883 	 
0 	1840 	2801 	3653 	4490 	5776 	6789 	7087 	8914 	9369 	 
0 	835 	929 	958 	1560 	5231 	6845 	6850 	7714 	7880 	8783 	 
0 	750 	1037 	1767 	2257 	2657 	2740 	3366 	3709 	3737 	4021 	4353 	4371 	7127 	8234 	 
0 	70 	1143 	2079 	2747 	3220 	7052 	9873 	 
0 	1555 	2316 	3882 	4007 	4293 	6014 	6066 	6511 	7239 	7585 	8871 	8887 	9095 	9956 	 
0 	549 	8087 	9512 	 
0 	777 	798 	2759 	2829 	4156 	4306 	5076 	7357 	 
0 	458 	615 	2542 	2634 	2932 	3807 	4745 	5342 	6825 	8368 	 
0 	4411 	4686 	5024 	5246 	5314 	6342 	8699 	8912 	9073 	9428 	9769 	 
0 	450 	543 	5651 	6724 	6982 	8340 	8483 	9023 	9384 	9718 	 
0 	1524 	2320 	2946 	3184 	4399 	4800 	5604 	7121 	9097 	9542 	 
0 	3412 	4267 	5179 	7931 	9484 	 
0 	682 	3568 	4580 	7638 	8796 	 
0 	527 	1494 	1872 	2062 	2256 	3592 	4513 	5227 	6495 	7480 	7740 	8798 	9402 	 
0 	4527 	5017 	5265 	6170 	7877 	8896 	9228 	 
0 	330 	805 	1417 	2180 	2832 	4186 	4897 	6007 	7447 	8326 	9580 	 
0 	427 	552 	563 	1979 	2879 	3430 	4105 	6095 	9469 	 
0 	41 	1149 	1310 	1881 	2532 	4346 	4750 	5757 	8642 	9730 	 
0 	21 	92 	701 	2097 	3605 	4030 	5504 	5624 	6989 	7985 	9234 	9318 	9455 	9870 	 
0 	1176 	3148 	3905 	5429 	5795 	6113 	7222 	7833 	8627 	9855 	 
0 	1523 	2172 	2196 	3024 	5102 	7970 	9918 	 
0 	1206 	1419 	1738 	2492 	5071 	5173 	5384 	5536 	5543 	6749 	7196 	8080 	8714 	 
0 	276 	377 	588 	1583 	2160 	2178 	2537 	6751 	7889 	8691 	8781 	9645 	 
0 	575 	2826 	2858 	4121 	5126 	5756 	6289 	6385 	9164 	 
0 	140 	284 	557 	3322 	3639 	3677 	4234 	5068 	5642 	7344 	7793 	8507 	8757 	9022 	 
0 	368 	2144 	2574 	2592 	2711 	2808 	3828 	6229 	8258 	9726 	 
0 	328 	1193 	2218 	3345 	4384 	5616 	6119 	6163 	7701 	8815 	8915 	9191 	 
0 	165 	312 	797 	1132 	1453 	1462 	1790 	2545 	2594 	4004 	4524 	5927 	7691 	7906 	8681 	9238 	9268 	9375 	9784 	 
0 	2378 	6869 	7856 	8165 	8791 	 
0 	82 	1193 	2058 	2488 	3438 	3648 	4008 	5335 	6067 	6247 	7002 	7975 	8034 	8360 	 
0 	1471 	2204 	2338 	3697 	5719 	5840 	7009 	7563 	8159 	8249 	8802 	9233 	9744 	 
0 	902 	931 	2004 	3365 	3471 	4700 	4729 	7406 	8539 	8710 	8899 	 
0 	304 	763 	1043 	2504 	3627 	3801 	4156 	4644 	5060 	5292 	5660 	6231 	6358 	6864 	8340 	8632 	8775 	9625 	 
0 	685 	1783 	2958 	3249 	8158 	8871 	9676 	 
0 	34 	178 	2285 	2961 	3112 	4123 	4464 	4772 	5092 	6901 	8159 	9573 	9746 	 
0 	639 	839 	1908 	3118 	5057 	6195 	9990 	 
0 	881 	1225 	3370 	3435 	3545 	4013 	4646 	5222 	5310 	6982 	 
0 	26 	2905 	3617 	5693 	6679 	6905 	7096 	7129 	7744 	9216 	 
0 	70 	178 	1923 	2076 	2198 	2765 	3239 	4485 	4727 	5247 	6377 	6854 	7799 	8103 	9305 	 
0 	2685 	3359 	3764 	4778 	5363 	6776 	9003 	9228 	9784 	9821 	 
0 	1354 	1541 	2445 	2617 	4548 	5042 	8876 	9265 	 
0 	1163 	1548 	1596 	1898 	2343 	3360 	3850 	5082 	5522 	5629 	6929 	7853 	9092 	 
0 	1938 	2570 	3101 	5737 	7287 	7915 	9998 	 
0 	69 	458 	875 	1414 	1844 	3665 	4652 	4733 	4821 	5176 	5943 	7946 	8725 	9981 	 
0 	769 	864 	2504 	2903 	4911 	7183 	7285 	9121 	 
0 	2112 	2142 	2203 	2642 	3093 	3326 	3827 	7208 	 
0 	524 	3330 	4026 	4097 	5077 	5791 	5809 	9147 	9725 	9764 	 
0 	745 	2575 	2836 	3134 	3408 	4711 	5415 	6366 	7061 	8567 	8582 	9534 	 
0 	3167 	3356 	4118 	4417 	4436 	4687 	5116 	5271 	5353 	6207 	8156 	9178 	9923 	 
0 	699 	807 	2659 	2995 	3198 	3435 	6952 	 
0 	360 	2600 	2777 	3489 	4163 	4920 	5865 	6983 	7501 	7796 	8497 	 
0 	636 	1030 	1961 	2652 	3033 	3645 	5781 	7342 	8482 	 
0 	407 	435 	885 	1264 	2040 	7158 	7560 	8164 	9877 	 
0 	176 	2981 	3771 	4042 	4112 	6098 	8372 	8994 	9501 	 
0 	1145 	1420 	1448 	1484 	2669 	3474 	3817 	4110 	4404 	5507 	6208 	7527 	 
0 	4140 	5289 	6442 	7698 	7779 	8099 	 
0 	254 	1519 	2607 	2655 	3127 	3644 	4347 	5070 	5544 	6875 	7576 	8945 	 
0 	606 	699 	3009 	3279 	4195 	5948 	8397 	9990 	 
0 	964 	2128 	2976 	4380 	5515 	5669 	7168 	7894 	8311 	8484 	8917 	 
0 	112 	1028 	4379 	4492 	4699 	4985 	5899 	6106 	6353 	7102 	7401 	7698 	8711 	8861 	9284 	 
0 	1052 	1256 	2082 	2446 	2526 	3187 	4776 	5747 	7432 	8484 	9182 	 
0 	548 	604 	1506 	4206 	5127 	5760 	7427 	7437 	8588 	9329 	9331 	9456 	 
0 	962 	1055 	1474 	2772 	7771 	8865 	9130 	9755 	 
0 	778 	1369 	2451 	2559 	3316 	5996 	8540 	 
0 	1902 	2022 	3587 	4182 	4239 	4504 	4620 	5938 	6225 	6827 	7334 	9126 	9695 	9857 	 
0 	474 	1912 	4957 	6822 	7560 	 
0 	1777 	4865 	5056 	6027 	6400 	8468 	9806 	9870 	 
0 	250 	1727 	2633 	2659 	2721 	2883 	3850 	4165 	5358 	6249 	8087 	8471 	 
0 	839 	1111 	1540 	4044 	4732 	5974 	7479 	 
0 	563 	733 	1335 	5506 	5528 	5770 	6627 	 
0 	468 	1715 	2587 	6120 	7972 	8100 	8725 	9403 	 
0 	419 	1129 	3172 	3434 	4333 	4611 	5701 	7470 	8871 	9278 	9305 	 
0 	398 	1151 	1373 	1560 	1864 	2117 	2897 	4790 	6588 	7788 	 
0 	409 	2300 	5371 	6739 	6907 	8960 	 
0 	382 	962 	2704 	7221 	8267 	8632 	8712 	9544 	 
0 	875 	1258 	1501 	2667 	2725 	5473 	6147 	6786 	8121 	8253 	9457 	9834 	 
0 	361 	1932 	2353 	3856 	6075 	7073 	7941 	8044 	8993 	 
0 	1448 	2141 	3068 	3555 	4732 	6303 	9592 	 
0 	466 	2157 	2190 	3951 	4754 	4869 	5598 	9199 	 
0 	185 	1329 	1828 	2186 	2383 	2447 	3271 	3676 	4658 	5362 	6802 	6961 	 
0 	1435 	5084 	5557 	8258 	8835 	9547 	9604 	9719 	9764 	9946 	 
0 	1577 	1863 	2113 	3247 	3809 	4100 	5947 	6453 	9557 	9859 	 
0 	1020 	1807 	4572 	8684 	8888 	 
0 	454 	1010 	1353 	4330 	5320 	6329 	 
0 	860 	1753 	2211 	4670 	5202 	6552 	7319 	8202 	9018 	9347 	 
0 	1113 	1577 	1822 	2626 	3901 	4157 	4209 	4420 	4898 	5562 	7568 	7911 	9494 	 
0 	2834 	3102 	3751 	5845 	6245 	6459 	7708 	8091 	 
0 	5155 	5182 	6805 	7206 	7587 	8211 	8329 	 
0 	1021 	1436 	1740 	1808 	3647 	4718 	4784 	5578 	7108 	8337 	 
0 	425 	2668 	2950 	3139 	5305 	6329 	7636 	9509 	 
0 	1273 	2999 	3738 	4600 	5059 	6033 	7294 	8646 	9038 	9363 	9394 	 
0 	47 	1325 	2058 	2360 	4796 	5097 	6210 	8653 	9788 	 
0 	287 	300 	1732 	1992 	3216 	4010 	4071 	4380 	5249 	7811 	8296 	8698 	 
0 	4590 	5641 	5713 	7538 	7968 	9216 	9645 	 
0 	488 	843 	1418 	2142 	2369 	3416 	4605 	5415 	6836 	7181 	8485 	8889 	9907 	 
0 	697 	2070 	2134 	3581 	5019 	6606 	7057 	7167 	8248 	 
0 	3000 	3946 	4057 	4784 	5647 	7086 	8317 	8526 	9026 	9162 	 
0 	189 	722 	2520 	3089 	3178 	4284 	5472 	5506 	6252 	6956 	7264 	8867 	9463 	 
0 	464 	682 	882 	1352 	5632 	5979 	6069 	6433 	8413 	8937 	 
0 	761 	1243 	1673 	2039 	3142 	3418 	3697 	4483 	5623 	7977 	8394 	 
0 	1268 	2088 	2254 	4371 	5156 	5171 	6508 	7679 	9141 	 
0 	2196 	2732 	3427 	3709 	3883 	4196 	5659 	5665 	6278 	6929 	8495 	 
0 	1959 	2863 	3937 	4217 	4623 	6162 	6219 	6931 	7811 	9839 	9842 	 
0 	52 	406 	470 	1289 	1442 	2692 	3184 	3424 	6023 	7137 	7190 	7320 	8727 	 
0 	4640 	5020 	5274 	7236 	7314 	7743 	7951 	9048 	9709 	 
0 	893 	3804 	4521 	4904 	5317 	5434 	5739 	6734 	6899 	9919 	 
0 	1274 	1354 	3759 	6200 	9902 	 
0 	1412 	1690 	1868 	2243 	2856 	2966 	3157 	6077 	6415 	6973 	7224 	7818 	8940 	9522 	9880 	 
0 	243 	1199 	3974 	6572 	7575 	9027 	9375 	 
0 	1521 	1908 	2246 	3495 	4129 	5672 	6012 	6909 	7179 	7796 	8405 	9209 	9856 	 
0 	500 	1229 	4388 	6877 	8212 	8381 	8430 	8498 	9765 	 
0 	597 	828 	917 	1301 	1497 	5863 	5937 	6705 	6768 	7424 	8827 	8887 	9270 	 
0 	578 	1133 	1983 	3121 	6317 	9838 	 
0 	739 	3157 	3922 	4054 	4375 	4577 	4931 	7136 	 
0 	2219 	2489 	3336 	3911 	4669 	4732 	4971 	5688 	5862 	5927 	6452 	6986 	7506 	7729 	8759 	 
0 	475 	781 	4104 	5345 	6225 	9033 	9434 	 
0 	1466 	2179 	2366 	3982 	4036 	5175 	5858 	5951 	6567 	7876 	9961 	 
0 	273 	814 	2251 	2834 	3448 	3668 	3946 	4842 	7083 	7949 	8761 	9182 	9917 	 
0 	2740 	3356 	4999 	6540 	7583 	7868 	8477 	9566 	9888 	9948 	 
0 	644 	1380 	2619 	5123 	5393 	6369 	8940 	9854 	 
0 	533 	4910 	5136 	5255 	6198 	7536 	8548 	 
0 	1304 	2928 	4785 	4944 	6731 	6803 	7286 	7633 	8898 	9353 	 
0 	174 	206 	1163 	2160 	3294 	3449 	3608 	5518 	5700 	6605 	9203 	9940 	 
0 	577 	648 	1135 	1381 	1445 	2044 	5345 	5972 	9916 	 
0 	451 	575 	814 	1996 	2847 	2883 	3198 	3714 	5284 	 
0 	371 	1239 	2916 	3471 	3938 	4360 	5032 	5514 	8093 	8117 	8427 	8464 	9186 	9873 	 
0 	1447 	2550 	3069 	3892 	6180 	8244 	8713 	9584 	 
0 	189 	592 	1207 	2403 	2484 	3050 	4460 	5830 	7503 	7892 	 
0 	658 	1906 	2271 	3132 	4725 	5341 	7696 	8057 	9938 	 
0 	1189 	3612 	4070 	4238 	6247 	7073 	 
0 	515 	1072 	2282 	2750 	4927 	5571 	6168 	6822 	6846 	6971 	7405 	8334 	8716 	 
0 	316 	3009 	3258 	5571 	5673 	6523 	6635 	6677 	8547 	8732 	 
0 	2221 	4139 	4862 	6520 	6633 	8048 	8843 	9615 	 
0 	1079 	1625 	1767 	2753 	4204 	4308 	4334 	4906 	6324 	9624 	 
0 	861 	1383 	2572 	2972 	3450 	3652 	4706 	5685 	6249 	 
0 	246 	3609 	4083 	5136 	5787 	8014 	 
0 	836 	4413 	5932 	6623 	6827 	7920 	8535 	9948 	 
0 	2581 	2961 	3107 	3185 	4420 	4579 	5057 	6826 	7016 	8565 	 
0 	52 	580 	1239 	4084 	7768 	7967 	8033 	 
0 	731 	3817 	5152 	5360 	5577 	5888 	5990 	6196 	6358 	6536 	8600 	8687 	9174 	9543 	 
0 	964 	1521 	2027 	5079 	5533 	6064 	6089 	6598 	6899 	7221 	7468 	8236 	9043 	9909 	 
0 	747 	817 	1017 	1223 	1432 	1461 	5390 	6283 	 
0 	503 	2045 	9352 	9477 	 
0 	97 	222 	1373 	2025 	2704 	4315 	5047 	5775 	6783 	7926 	8161 	9035 	 
0 	378 	943 	1163 	1269 	1802 	1982 	4569 	4752 	9208 	9908 	 
0 	1678 	2563 	2686 	3502 	3628 	4303 	4660 	6401 	6556 	6766 	7596 	 
0 	3353 	4938 	5123 	7934 	8113 	9353 	9473 	 
0 	336 	1721 	2181 	3447 	3720 	6783 	7937 	8117 	8647 	9085 	 
0 	74 	518 	1106 	2520 	3219 	3670 	3838 	4438 	4802 	4917 	5768 	5774 	5842 	7803 	8374 	9938 	 
0 	3234 	4173 	6073 	8720 	9548 	 
0 	275 	3023 	3129 	5660 	8207 	8983 	9129 	9165 	9714 	 
0 	1587 	2529 	3199 	3708 	4312 	6088 	7532 	7738 	7816 	7903 	 
0 	1200 	2158 	2259 	2620 	6994 	8089 	9870 	 
0 	44 	358 	599 	853 	956 	1637 	1638 	1662 	3488 	4266 	4309 	5840 	7943 	 
0 	1637 	3418 	4838 	5414 	7229 	7898 	8535 	8612 	8966 	9510 	 
0 	258 	1507 	1525 	2862 	4106 	4407 	6031 	6708 	7463 	9014 	 
0 	416 	504 	826 	1410 	1970 	2123 	2570 	3660 	4831 	5327 	5389 	5980 	7459 	7875 	9682 	 
0 	1596 	2188 	4178 	4586 	4880 	6593 	7149 	8160 	8346 	8496 	8790 	9424 	 
0 	908 	1554 	3203 	4430 	4535 	5836 	7481 	8282 	8307 	9550 	9590 	 
0 	2513 	2910 	4743 	9081 	9324 	9466 	9644 	 
0 	421 	3464 	3876 	4698 	5019 	5886 	8486 	9303 	 
0 	714 	2154 	2877 	3436 	4170 	5226 	5285 	6636 	8360 	9530 	9778 	9804 	 
0 	28 	899 	1454 	2852 	3061 	3783 	4451 	5680 	6776 	7958 	8719 	9254 	9276 	 
0 	381 	1280 	1419 	3244 	5549 	5675 	7418 	7733 	8031 	8347 	9053 	 
0 	577 	1073 	1581 	2832 	4182 	7464 	 
0 	234 	326 	1084 	2344 	2521 	4527 	4695 	5934 	6158 	6711 	7725 	8249 	9325 	 
0 	1250 	1771 	2146 	2500 	3867 	4074 	5025 	5120 	7760 	7899 	8801 	8853 	9465 	9841 	 
0 	1170 	1856 	2379 	3755 	4004 	4084 	4358 	4895 	6892 	8108 	8338 	8864 	9534 	 
0 	173 	394 	1437 	2403 	3053 	3108 	4557 	4664 	5755 	8391 	8485 	9063 	9330 	 
0 	618 	4147 	4542 	6433 	8501 	9517 	 
0 	881 	882 	919 	3260 	4995 	6711 	7395 	9231 	 
0 	578 	794 	1670 	2930 	3988 	4408 	6333 	6903 	7432 	7460 	7953 	8123 	8603 	9623 	 
0 	288 	1525 	2698 	2752 	4868 	6043 	6194 	9061 	 
0 	472 	1077 	2411 	2831 	2944 	5504 	6655 	 
0 	42 	616 	1353 	1363 	2587 	4260 	8604 	8800 	 
0 	1177 	5488 	5800 	5874 	7650 	8126 	9257 	 
0 	1061 	1524 	2657 	3220 	4172 	4354 	5334 	5340 	5567 	6173 	6356 	6963 	7382 	 
0 	459 	604 	724 	1061 	1361 	1394 	2145 	3560 	5375 	7600 	7845 	8091 	8213 	 
0 	1238 	1873 	5325 	6684 	7490 	7966 	8186 	8489 	9531 	 
0 	875 	2139 	5678 	6934 	8267 	8771 	 
0 	416 	798 	1364 	1415 	2076 	2508 	2634 	3262 	4622 	5747 	5847 	5870 	5937 	7215 	7720 	7872 	8985 	9422 	9439 	9905 	 
0 	88 	475 	4182 	5852 	6308 	6353 	8119 	9155 	9586 	 
0 	192 	2098 	2489 	6668 	8349 	 
0 	242 	298 	659 	1574 	2154 	2256 	3092 	3143 	3232 	4102 	4421 	5664 	6099 	7237 	7361 	7947 	 
0 	630 	5689 	6914 	9318 	9863 	 
0 	136 	644 	1186 	2348 	3571 	6207 	7035 	8984 	 
0 	1666 	3796 	3849 	3957 	3963 	4807 	5072 	7355 	7955 	 
0 	937 	938 	1870 	2300 	2538 	2930 	5626 	6510 	 
0 	3164 	3774 	4128 	6176 	6561 	7983 	8042 	9966 	 
0 	712 	906 	4619 	4750 	4840 	6937 	8461 	 
0 	3461 	4569 	5197 	6776 	8271 	8687 	 
0 	772 	2980 	3295 	3764 	4108 	4203 	4290 	4399 	4442 	4740 	4939 	5049 	5972 	7975 	 
0 	103 	231 	1829 	2996 	3226 	3635 	5771 	5937 	6480 	7485 	8321 	8703 	9120 	9161 	 
0 	628 	1780 	4885 	6902 	8947 	9700 	 
0 	540 	2537 	3969 	7420 	8332 	8902 	9370 	 
0 	44 	1390 	2425 	2464 	3407 	5037 	5993 	6057 	6189 	6654 	7324 	9598 	 
0 	2379 	2738 	3054 	5403 	5590 	6914 	6984 	7317 	7410 	9159 	9289 	 
0 	681 	1165 	1898 	2437 	3322 	3919 	5022 	5315 	6249 	6323 	7199 	 
0 	1004 	2386 	2470 	3519 	3978 	4829 	5489 	5779 	6013 	6843 	8486 	8708 	 
0 	884 	2018 	5408 	8757 	9469 	 
0 	1059 	1304 	1643 	3831 	4120 	6348 	6592 	6815 	6958 	7461 	8692 	8882 	9552 	9595 	9664 	 
0 	1539 	2306 	2626 	3100 	3323 	3435 	3977 	4541 	4735 	5540 	5630 	6485 	7983 	8636 	 
0 	807 	2310 	3139 	3417 	5955 	7073 	9826 	9833 	 
0 	193 	202 	3145 	3791 	4099 	5959 	6300 	6492 	7211 	7504 	7836 	9015 	 
0 	2075 	2663 	4096 	6291 	7179 	7252 	8038 	8053 	9369 	9728 	 
0 	2059 	2101 	2904 	2974 	4412 	5744 	5970 	8637 	8738 	 
0 	1722 	1869 	3560 	4184 	4545 	4906 	7411 	8748 	9654 	9677 	 
0 	202 	2172 	2215 	2603 	2624 	3324 	3995 	4086 	5746 	6604 	7778 	8027 	9200 	 
0 	1612 	2876 	5338 	6236 	6757 	7246 	8563 	9287 	9947 	 
0 	286 	1082 	3113 	3151 	4720 	4818 	6947 	 
0 	2756 	3477 	3591 	4741 	5044 	6926 	9406 	 
0 	2309 	2915 	3131 	3357 	4466 	5074 	5266 	8303 	8602 	9946 	 
0 	467 	1096 	1108 	2056 	2777 	4239 	4534 	6499 	6613 	7331 	8355 	8871 	8928 	9208 	 
0 	1843 	2875 	3716 	4632 	4702 	5128 	6142 	7234 	7526 	9507 	 
0 	5 	1336 	2841 	4520 	4626 	5939 	6512 	8848 	9480 	 
0 	538 	731 	869 	1502 	2092 	3268 	4610 	6058 	8104 	8438 	 
0 	415 	744 	1388 	1789 	1903 	2462 	5607 	5767 	6112 	6653 	6808 	7034 	7406 	9431 	9646 	9815 	9838 	9932 	 
0 	1019 	3468 	4185 	6034 	7222 	7919 	9047 	9247 	9324 	9362 	9900 	 
0 	1150 	1935 	2533 	3691 	5433 	7949 	7984 	8483 	9469 	 
0 	1872 	2385 	5156 	5718 	6033 	7818 	 
0 	457 	768 	2872 	3084 	3373 	4102 	6015 	7038 	7585 	7638 	9681 	 
0 	109 	557 	866 	2635 	3910 	6438 	9664 	 
0 	72 	772 	3663 	3813 	8522 	8845 	9122 	9999 	 
0 	4082 	4356 	4633 	5954 	6045 	7342 	8674 	 
0 	177 	1049 	1591 	2309 	4514 	6657 	6937 	6944 	8348 	 
0 	546 	1293 	1826 	2801 	3021 	3081 	3349 	3471 	3961 	5873 	5899 	6149 	9232 	9431 	 
0 	1698 	1874 	1903 	2589 	3563 	4681 	5584 	5694 	6056 	6674 	6959 	7581 	 
0 	141 	378 	1438 	2365 	2778 	2913 	3788 	4437 	6408 	6478 	7709 	8078 	8118 	8520 	8983 	9287 	9467 	9700 	 
0 	286 	1575 	3555 	3924 	6304 	6698 	7277 	7921 	8143 	9687 	 
0 	442 	3290 	3450 	3741 	4900 	5050 	5693 	6440 	8291 	9399 	 
0 	2944 	2962 	3392 	4081 	4933 	4948 	5247 	5374 	6046 	6126 	6981 	8606 	9354 	9506 	 
0 	234 	2155 	2352 	3544 	4913 	6115 	7020 	9603 	 
0 	1068 	1551 	4438 	7321 	8308 	9003 	9599 	9613 	 
0 	1050 	3574 	3711 	5425 	6665 	 
0 	31 	1947 	2769 	3562 	4303 	4972 	7027 	7956 	 
0 	225 	352 	498 	1668 	4087 	5084 	5368 	8099 	 
0 	1221 	1619 	1974 	3237 	3532 	3785 	5469 	5840 	6093 	7386 	8892 	9302 	9655 	 
0 	112 	445 	1218 	1360 	2531 	2751 	3476 	3891 	4816 	5300 	6129 	7247 	7839 	7920 	8672 	8864 	 
0 	1142 	2279 	2360 	2628 	5140 	5462 	7122 	7475 	8092 	 
0 	715 	1030 	1471 	3254 	4270 	4695 	4705 	5452 	9347 	 
0 	1649 	3050 	3382 	3934 	4284 	5808 	 
0 	2168 	2993 	5729 	7637 	8044 	8046 	 
0 	307 	1172 	1696 	2262 	2709 	5432 	5652 	6631 	 
0 	508 	594 	1103 	1963 	3457 	6781 	7366 	8102 	8199 	8321 	8680 	9045 	9233 	 
0 	200 	2206 	2530 	2951 	3250 	3304 	5282 	5615 	5677 	6683 	6965 	7070 	7162 	 
0 	78 	1548 	1722 	2587 	2589 	3972 	5383 	9967 	 
0 	1186 	2353 	2599 	5280 	8092 	9763 	9902 	 
0 	199 	492 	1394 	4802 	7126 	8298 	 
0 	702 	3799 	4675 	5160 	6220 	7166 	8173 	8191 	9238 	 
0 	1837 	2540 	3728 	5197 	7072 	7658 	8463 	9507 	 
0 	3204 	3588 	4475 	5687 	5822 	6042 	6224 	6733 	6839 	6882 	8344 	8463 	9306 	 
0 	1176 	1666 	2699 	3128 	6802 	7215 	7473 	8187 	9851 	 
0 	961 	1296 	3549 	3657 	3849 	 
0 	682 	1002 	2447 	3284 	3623 	4866 	5091 	5404 	5700 	6792 	8285 	9538 	 
0 	1081 	1847 	3121 	3613 	4463 	5586 	6297 	6415 	6553 	7497 	8608 	 
0 	1878 	4504 	6259 	7363 	7816 	9707 	9987 	 
0 	573 	2810 	3287 	3386 	4847 	5068 	7542 	7614 	8096 	9991 	 
0 	1397 	2268 	3784 	4885 	4983 	5666 	5809 	6790 	6937 	9323 	9524 	 
0 	271 	560 	988 	2765 	4104 	7200 	7601 	 
0 	442 	1234 	2487 	2537 	3065 	3733 	4148 	4802 	6283 	6999 	7566 	8087 	8995 	 
0 	307 	473 	3344 	4147 	4162 	4979 	6302 	7357 	8216 	8651 	 
0 	584 	1314 	2251 	3542 	3554 	5032 	5550 	5575 	5643 	6030 	6585 	6971 	7752 	8528 	8623 	9165 	9800 	 
0 	24 	1125 	1307 	4078 	4280 	5948 	7037 	7442 	7616 	8039 	9633 	 
0 	231 	3847 	4121 	4131 	4941 	5762 	5993 	7546 	8291 	8325 	8627 	9288 	 
0 	45 	1630 	2078 	3703 	4056 	4851 	5273 	6014 	 
0 	3487 	4348 	6155 	7192 	7768 	9926 	 
0 	138 	204 	692 	1807 	4915 	7029 	7670 	9982 	 
0 	1935 	2868 	4029 	4486 	5635 	9284 	 
0 	947 	6718 	7315 	8075 	9751 	 
0 	1871 	2395 	4369 	4893 	5125 	5800 	6098 	6853 	8113 	9362 	 
0 	51 	346 	621 	2881 	3178 	3191 	3322 	4137 	6074 	6198 	7827 	 
0 	774 	1168 	1204 	2875 	3621 	5764 	6521 	7343 	7464 	8836 	9806 	 
0 	168 	281 	1570 	1881 	2494 	2974 	3443 	3523 	4478 	5890 	6122 	6740 	7001 	7333 	7475 	7835 	 
0 	6028 	7469 	7531 	7713 	7853 	8454 	9497 	 
0 	1053 	1795 	2991 	3480 	4441 	5072 	5656 	7969 	8530 	9625 	9968 	 
0 	342 	744 	1048 	3262 	3400 	4036 	4601 	4739 	9786 	 
0 	2368 	2417 	3579 	3767 	4735 	4923 	5597 	5811 	6101 	7155 	9650 	9670 	 
0 	331 	1104 	2326 	7617 	7757 	8717 	9619 	 
0 	207 	347 	732 	2143 	2311 	2481 	3135 	3410 	4971 	5044 	5707 	6330 	7208 	8653 	9146 	9242 	9750 	 
0 	442 	3095 	5233 	5970 	7143 	7515 	7617 	7842 	8568 	 
0 	143 	2903 	3073 	3573 	5874 	6516 	6517 	7454 	8611 	 
0 	984 	2491 	3702 	4365 	4687 	5141 	5344 	5636 	6876 	7585 	7948 	 
0 	400 	582 	778 	1619 	1706 	1759 	2187 	3238 	3620 	4881 	4936 	6264 	8123 	 
0 	1192 	2791 	2858 	5415 	8085 	8190 	8229 	8279 	8603 	8774 	 
0 	158 	665 	1632 	2724 	3264 	3617 	4574 	4611 	5119 	5487 	6555 	7761 	8870 	 
0 	1385 	1655 	3350 	3439 	4370 	4727 	5485 	6339 	6343 	7283 	7357 	8311 	8346 	 
0 	325 	1688 	3505 	3679 	5655 	5724 	6200 	7987 	8627 	 
0 	1503 	1571 	1572 	3321 	4566 	5597 	7659 	7976 	 
0 	521 	1108 	2059 	2584 	2933 	3054 	6850 	9472 	9892 	 
0 	13 	329 	718 	966 	1790 	4722 	5214 	8256 	8605 	9288 	9569 	 
0 	42 	879 	2375 	3588 	4875 	5856 	9261 	 
0 	1634 	2282 	4397 	4605 	5192 	5780 	8009 	8057 	 
0 	605 	978 	2451 	3641 	4336 	4811 	7149 	8650 	 
0 	1012 	1444 	1813 	2423 	2797 	5345 	6067 	6945 	9487 	9958 	 
0 	56 	61 	278 	1456 	1973 	2744 	2818 	4897 	6011 	6037 	6937 	7177 	7970 	8689 	9547 	9553 	9945 	 
0 	65 	535 	2033 	5660 	6432 	6553 	6985 	7953 	8091 	8312 	9202 	9444 	9671 	 
0 	2471 	3398 	3488 	4188 	5822 	5989 	8947 	9186 	9350 	 
0 	2202 	5374 	6684 	9136 	9845 	 
0 	1107 	3740 	5212 	6955 	7861 	9481 	9893 	 
0 	114 	267 	2081 	3540 	4287 	4605 	4882 	5065 	6252 	7385 	9666 	 
0 	86 	112 	1238 	1358 	1367 	1694 	2125 	2194 	2567 	3242 	3643 	4073 	4274 	5501 	6747 	7580 	8137 	8982 	9647 	 
0 	948 	1194 	1611 	2564 	2778 	3344 	4730 	5359 	5826 	6249 	7288 	7335 	7991 	8361 	8528 	8625 	 
0 	1823 	1871 	2897 	3038 	3189 	3460 	3789 	4349 	5244 	5650 	5732 	6395 	7674 	8410 	 
0 	464 	1047 	1930 	3290 	4745 	4956 	4976 	7400 	 
0 	5212 	6286 	6538 	6627 	6814 	7660 	8885 	 
0 	1862 	2777 	4149 	4604 	5164 	5669 	5987 	6805 	7557 	7781 	8804 	9508 	9783 	 
0 	3261 	3442 	4187 	5043 	7884 	8797 	9064 	9262 	 
0 	545 	1335 	2686 	3745 	7277 	8246 	8597 	8832 	9851 	 
0 	191 	1161 	2137 	3894 	5317 	9507 	9671 	 
0 	77 	989 	1454 	1503 	2106 	2699 	2739 	3067 	4912 	5151 	5159 	5329 	5972 	 
0 	491 	922 	3659 	4135 	4778 	6295 	8067 	 
0 	464 	1403 	1610 	3071 	7243 	8127 	9055 	9210 	 
0 	919 	1971 	3692 	4724 	5536 	6068 	7599 	7870 	8817 	9147 	 
0 	1466 	1805 	1994 	4518 	5543 	6865 	8436 	9282 	 
0 	3658 	3811 	5456 	5956 	7947 	8349 	8777 	9920 	 
0 	1550 	2531 	2680 	5505 	5653 	6064 	6868 	7239 	8181 	9506 	9650 	 
0 	2727 	3032 	3350 	3461 	4107 	5848 	6055 	6849 	7251 	7950 	9006 	 
0 	613 	1073 	1570 	3386 	3913 	3984 	4563 	5084 	8030 	8272 	 
0 	229 	1325 	1943 	2156 	4184 	4223 	6007 	9383 	 
0 	238 	945 	2111 	3629 	5644 	5810 	6295 	7586 	7751 	9130 	9146 	9888 	 
0 	834 	1436 	2952 	6413 	7700 	8437 	 
0 	381 	565 	683 	1698 	2724 	2827 	3165 	3549 	4242 	7945 	8116 	9121 	9553 	 
0 	4 	66 	3235 	3513 	3965 	4134 	4702 	4894 	4911 	5103 	6452 	7351 	9229 	9460 	9504 	 
0 	2953 	4386 	5337 	5741 	7710 	8597 	8602 	 
0 	770 	1288 	1819 	2655 	3159 	3771 	5175 	5832 	7700 	7911 	9501 	 
0 	874 	1367 	3253 	4631 	4938 	5637 	5830 	7163 	7314 	7840 	8114 	8657 	9204 	9327 	 
0 	2 	2327 	2719 	4544 	5115 	6674 	9117 	9269 	9283 	9286 	 
0 	59 	729 	1453 	2292 	4094 	4786 	5075 	5499 	7543 	8568 	8703 	9258 	9902 	 
0 	930 	1161 	6193 	6347 	7463 	8269 	8608 	8717 	9911 	 
0 	4062 	8038 	8266 	9485 	9627 	9693 	 
0 	689 	1316 	3772 	3953 	4709 	7079 	9350 	 
0 	937 	1112 	1249 	1584 	2724 	4643 	5718 	5838 	9537 	 
0 	1694 	3136 	3422 	5271 	5580 	5868 	7748 	8150 	 
0 	1135 	1263 	3598 	4034 	5545 	7600 	7715 	 
0 	1425 	1607 	4600 	5375 	8501 	9099 	9486 	 
0 	5109 	6526 	7173 	8148 	8302 	9718 	9831 	 
0 	493 	1309 	5392 	5825 	6345 	 
0 	32 	89 	233 	2488 	3062 	3414 	3507 	4878 	4936 	8381 	9048 	9191 	9307 	9965 	 
0 	383 	858 	972 	2259 	2358 	3516 	3879 	5266 	5333 	5661 	7253 	8712 	9813 	 
0 	433 	1018 	1357 	2966 	3507 	4462 	5213 	5370 	7477 	7512 	8536 	 
0 	35 	167 	2496 	2807 	2883 	4980 	7185 	7859 	7965 	8092 	8552 	 
0 	1085 	1953 	3105 	5964 	6144 	7998 	8211 	 
0 	246 	918 	2127 	3455 	4042 	4869 	4923 	6601 	8606 	8640 	9756 	9776 	 
0 	1291 	2053 	3193 	3542 	4568 	4722 	6824 	7026 	7469 	9700 	 
0 	2837 	2903 	6208 	7275 	7692 	7839 	8691 	9492 	 
0 	540 	2444 	3506 	5545 	7619 	7998 	 
0 	569 	932 	2316 	3044 	3715 	7717 	9992 	 
0 	21 	533 	3355 	3433 	3770 	5281 	5716 	7283 	7966 	8312 	 
0 	3452 	3756 	3877 	5057 	5458 	6787 	7118 	7975 	 
0 	243 	2661 	2689 	3259 	5665 	7598 	7799 	8828 	 
0 	1753 	1997 	2626 	2637 	3266 	3719 	4632 	5521 	6186 	6529 	8292 	8881 	9099 	9371 	9513 	 
0 	761 	1242 	2461 	2633 	3408 	3793 	5417 	6387 	7050 	8183 	9080 	9928 	 
0 	1005 	1032 	2906 	3448 	4798 	5762 	7329 	8751 	9763 	 
0 	1564 	1625 	1798 	1907 	3161 	5192 	6265 	7062 	 
0 	956 	3485 	4146 	5177 	5602 	5739 	5826 	6671 	7452 	7561 	7859 	9009 	9061 	 
0 	868 	989 	1634 	2095 	3702 	5996 	7058 	 
0 	752 	1264 	1637 	2315 	2754 	3119 	3545 	4920 	5372 	5396 	5692 	6298 	6519 	6980 	7309 	9057 	 
0 	120 	170 	710 	848 	1222 	1938 	2969 	3649 	4805 	5155 	5646 	6862 	7130 	7869 	 
0 	89 	904 	969 	2755 	3759 	4517 	5004 	5733 	6766 	7443 	8703 	8895 	9168 	9272 	9578 	9743 	9769 	 
0 	1066 	1187 	1486 	2101 	2573 	4029 	4099 	5457 	6095 	8912 	 
0 	3828 	5392 	6521 	6893 	7250 	9149 	9421 	 
0 	189 	2432 	3597 	6613 	7695 	 
0 	191 	225 	890 	1992 	2842 	3646 	4913 	6306 	8214 	9036 	9164 	 
0 	778 	1042 	1071 	4961 	5593 	6135 	9244 	 
0 	559 	3009 	3833 	6955 	8815 	 
0 	453 	646 	2600 	2790 	3535 	4384 	4440 	6321 	8268 	8541 	8801 	 
0 	125 	1176 	4039 	4184 	4226 	4313 	6826 	7766 	9276 	 
0 	804 	1943 	2276 	3425 	4401 	5232 	5761 	6246 	7181 	8514 	 
0 	193 	436 	2519 	5289 	6389 	7880 	8231 	8272 	8943 	 
0 	1304 	1995 	2069 	4776 	5447 	5474 	5906 	6628 	7143 	7429 	7738 	9705 	 
0 	574 	1374 	2387 	3263 	7281 	8721 	8848 	 
0 	402 	1701 	3734 	3774 	3914 	7376 	9063 	9315 	 
0 	877 	1453 	1962 	3423 	3766 	4533 	5235 	7237 	7743 	8516 	 
0 	189 	256 	686 	1392 	1411 	4166 	4518 	6570 	7155 	7568 	7825 	9148 	 
0 	20 	895 	2866 	3085 	3321 	7056 	7651 	7706 	8589 	8845 	 
0 	1727 	3597 	3995 	4181 	5612 	6119 	9875 	 
0 	25 	1237 	1758 	2122 	3194 	7316 	7868 	7968 	8571 	 
0 	2512 	2787 	4074 	4982 	6372 	6689 	6995 	8355 	8373 	8693 	9529 	9643 	 
0 	1495 	3272 	3984 	4167 	5190 	7467 	7694 	8918 	9041 	9360 	 
0 	268 	773 	1433 	1783 	2637 	3163 	3206 	5083 	5130 	5319 	6506 	7524 	7798 	8235 	8865 	9983 	 
0 	54 	72 	522 	2106 	2323 	2812 	3318 	3658 	3772 	3984 	4266 	4640 	6171 	8098 	8617 	9583 	 
0 	325 	671 	1122 	2591 	2862 	2984 	3561 	4976 	5387 	5488 	7167 	 
0 	19 	872 	887 	2252 	3555 	4188 	6627 	6744 	7121 	8424 	 
0 	1294 	1630 	2401 	2504 	6972 	7637 	 
0 	412 	869 	2749 	4953 	6066 	6670 	7463 	7635 	9067 	 
0 	2547 	3415 	4230 	4780 	6843 	6979 	8136 	8846 	9431 	9716 	9725 	 
0 	2846 	3841 	5870 	6084 	6138 	7601 	7666 	9248 	 
0 	184 	1077 	2656 	2721 	3916 	5694 	6099 	6273 	7117 	7141 	8008 	8730 	8772 	9689 	 
0 	1364 	1480 	2216 	4776 	5524 	7972 	8146 	8180 	8281 	9288 	 
0 	130 	2052 	3277 	3954 	4460 	4897 	5269 	6402 	7425 	8657 	9533 	9805 	 
0 	635 	1414 	3233 	6810 	 
0 	537 	1234 	2267 	2705 	3059 	3299 	3521 	3641 	4959 	5909 	6035 	6367 	6849 	8867 	8907 	 
0 	570 	2440 	2912 	4206 	 
0 	1549 	2801 	5055 	5431 	6137 	6549 	8384 	9318 	9875 	 
0 	469 	2449 	4165 	4172 	4835 	4911 	5727 	8519 	8867 	9424 	 
0 	590 	1708 	2089 	2184 	3086 	3491 	3815 	4751 	5429 	7753 	8039 	 
0 	866 	1038 	1152 	1375 	3895 	3965 	4323 	5278 	6881 	7101 	7164 	8784 	 
0 	3280 	4349 	4597 	5254 	5551 	7352 	8137 	8183 	8212 	8489 	8635 	9328 	9956 	 
0 	1740 	2798 	3318 	4084 	4159 	4168 	5141 	5540 	7071 	8129 	8336 	 
0 	558 	2219 	3108 	4414 	7195 	9683 	 
0 	2436 	4437 	6280 	9839 	 
0 	1954 	4676 	6495 	8531 	8729 	 
0 	2348 	2702 	4260 	4535 	4705 	4899 	7039 	8522 	9163 	9233 	9540 	 
0 	828 	1160 	1325 	1754 	2716 	3670 	7287 	9122 	 
0 	759 	812 	2402 	4278 	5587 	5873 	8255 	 
0 	2696 	2866 	2938 	5629 	5963 	7841 	9709 	9908 	 
0 	577 	580 	691 	4316 	4661 	7708 	7743 	8074 	 
0 	1301 	1672 	2446 	2539 	3485 	3629 	3913 	4914 	8660 	9165 	 
0 	87 	170 	205 	1123 	2742 	2945 	3852 	3983 	5697 	6075 	6661 	8572 	 
0 	285 	401 	1335 	2671 	3713 	4324 	4531 	4555 	4805 	6041 	8686 	9248 	 
0 	443 	610 	681 	792 	881 	1365 	2030 	2643 	3016 	3909 	7924 	9125 	9130 	9912 	 
0 	753 	845 	2508 	2572 	3980 	4284 	5405 	5868 	5946 	6272 	8745 	9600 	9707 	9760 	 
0 	4298 	8620 	9397 	9959 	 
0 	108 	784 	3100 	 
0 	1091 	1558 	4326 	6761 	7090 	7438 	7507 	7878 	8642 	9261 	 
0 	1795 	4787 	4832 	6110 	7924 	7980 	8417 	8830 	9003 	9248 	 
0 	833 	954 	1413 	2001 	2172 	2298 	2487 	4220 	4677 	4764 	5275 	6619 	 
0 	99 	1362 	2346 	3782 	8573 	9341 	9840 	 
0 	6275 	6884 	7437 	7747 	8563 	8710 	8817 	 
0 	2018 	3865 	5946 	6161 	6777 	6912 	8943 	 
0 	888 	2851 	3614 	3836 	4145 	5350 	7164 	7247 	7410 	7809 	8016 	9997 	 
0 	976 	1285 	2802 	5395 	6995 	8597 	8775 	8885 	9500 	9774 	 
0 	889 	2778 	3786 	5384 	6872 	7032 	9209 	9267 	 
0 	1852 	2081 	2395 	2550 	2811 	3792 	4001 	4520 	7724 	7851 	8030 	8239 	 
0 	406 	411 	2519 	3722 	4092 	4624 	4901 	5583 	7701 	8148 	8191 	8329 	8824 	9238 	9702 	 
0 	351 	974 	1003 	1062 	1526 	4025 	4302 	5909 	6863 	7131 	7342 	7547 	9654 	9716 	9879 	 
0 	767 	1879 	2007 	2525 	2850 	3313 	3468 	5274 	5702 	7550 	8020 	8176 	8183 	8366 	8792 	8992 	9078 	9226 	 
0 	755 	798 	973 	2102 	2949 	3081 	3603 	3799 	6852 	7003 	9734 	 
0 	1370 	3526 	3695 	3944 	4117 	4177 	6646 	7417 	7918 	9800 	 
0 	1457 	1622 	1999 	4550 	5947 	6875 	7586 	7722 	8517 	8892 	 
0 	806 	1594 	1631 	3626 	5632 	 
0 	1511 	2861 	3652 	5548 	5984 	7339 	8206 	8459 	 
0 	1707 	7793 	8136 	8398 	8981 	 
0 	2028 	2084 	5272 	5596 	8434 	8505 	9535 	 
0 	1698 	2007 	3119 	3771 	6478 	8524 	8697 	9918 	 
0 	1793 	2089 	2528 	3928 	6622 	6636 	7751 	9681 	 
0 	1747 	3127 	3610 	4418 	5133 	6653 	7539 	8906 	9286 	 
0 	2396 	2404 	2726 	4266 	5111 	6508 	6569 	7503 	7627 	8086 	 
0 	631 	2687 	2800 	3736 	5025 	5405 	5685 	7017 	8476 	9362 	9759 	 
0 	869 	3034 	3159 	6076 	7600 	7758 	8098 	8719 	8997 	9161 	9532 	9632 	9913 	 
0 	1431 	2089 	2571 	3647 	3892 	4685 	4895 	6782 	7654 	7801 	8758 	9826 	9837 	 
0 	1475 	2633 	3073 	5690 	5853 	6176 	6180 	6469 	7389 	7909 	9313 	 
0 	307 	569 	1086 	1816 	2092 	4017 	7906 	8245 	 
0 	4813 	6784 	7790 	8558 	 
0 	760 	1192 	1501 	2718 	3481 	6203 	7373 	8340 	 
0 	250 	1037 	1214 	1693 	3345 	5587 	5705 	7016 	8786 	8792 	9187 	9604 	9934 	 
0 	206 	468 	761 	793 	1043 	2281 	3708 	3968 	4035 	5715 	7243 	8947 	9736 	 
0 	603 	619 	4242 	5687 	8237 	8373 	8765 	8826 	9600 	 
0 	503 	3630 	3679 	4444 	4589 	5822 	6322 	6523 	7002 	7086 	7955 	8817 	9884 	 
0 	751 	1143 	4750 	5321 	5630 	6878 	8300 	8499 	8859 	 
0 	279 	319 	939 	2094 	3723 	4106 	5572 	7961 	8008 	8523 	 
0 	236 	890 	1645 	1925 	2733 	3699 	5320 	7847 	8027 	9337 	9855 	 
0 	475 	671 	2646 	3401 	3422 	4733 	4906 	5011 	5211 	5417 	6185 	7264 	8829 	9355 	 
0 	86 	566 	1529 	1949 	2299 	2337 	2817 	3150 	5234 	7043 	8476 	8847 	9240 	9458 	 
0 	435 	2630 	3832 	3897 	4689 	4832 	5583 	5727 	6460 	7559 	9535 	 
0 	102 	1441 	4797 	5682 	6608 	7024 	7381 	7445 	9017 	 
0 	629 	1548 	2019 	2771 	2841 	2925 	3258 	4043 	4854 	5507 	6381 	6530 	6533 	6679 	7416 	8166 	8709 	8834 	8888 	9138 	9692 	9886 	 
0 	1253 	2053 	2112 	2376 	2691 	3828 	7773 	7775 	9056 	 
0 	621 	926 	1188 	1467 	3623 	3680 	3975 	3977 	4386 	4556 	5905 	6031 	6344 	6770 	8190 	 
0 	1356 	2570 	2751 	4170 	4853 	7569 	7866 	9074 	9281 	9506 	9624 	 
0 	740 	761 	1634 	2109 	2894 	3789 	4300 	5678 	6112 	6951 	7503 	7803 	 
0 	2060 	2875 	3387 	5606 	6876 	9654 	 
0 	947 	1434 	2304 	3391 	3412 	4087 	4335 	7306 	 
0 	4112 	4773 	4982 	5363 	5771 	7042 	9850 	9931 	 
0 	396 	488 	665 	1361 	1706 	1744 	1933 	2190 	2220 	4347 	6042 	7024 	7209 	7821 	8252 	9508 	 
0 	172 	185 	409 	828 	1129 	1519 	2401 	3752 	5014 	5336 	5631 	5983 	7919 	9710 	9819 	 
0 	3877 	4733 	8139 	9259 	9392 	9528 	 
0 	3142 	4519 	4552 	4619 	6645 	7120 	7375 	7449 	8295 	9595 	 
0 	245 	1088 	1167 	2646 	2872 	4397 	4944 	5054 	5209 	5769 	6037 	8103 	8232 	8696 	 
0 	260 	1640 	1707 	3434 	4126 	5351 	7688 	7957 	7995 	9724 	 
0 	1180 	2451 	2726 	3089 	3728 	4289 	4392 	5105 	5133 	6644 	6934 	7192 	8333 	8987 	 
0 	1802 	3173 	3335 	5090 	5492 	5563 	6579 	6718 	7307 	8393 	 
0 	527 	998 	2094 	2446 	2652 	3848 	4074 	4980 	5743 	6120 	6863 	7250 	9657 	 
0 	473 	1412 	2247 	2362 	2976 	2994 	4283 	4292 	6558 	6700 	7550 	8741 	8794 	 
0 	1341 	1397 	1870 	4479 	6154 	7528 	7687 	8293 	 
0 	1519 	1666 	1776 	3130 	6921 	7531 	8311 	9025 	9816 	 
0 	1030 	2123 	2686 	3527 	3782 	3900 	7437 	7650 	9680 	 
0 	330 	2838 	3150 	3492 	3716 	4413 	4450 	4889 	7672 	 
0 	2236 	2286 	2663 	5161 	7521 	8615 	8899 	9494 	 
0 	2532 	2950 	5094 	5879 	6889 	7201 	7661 	8161 	8409 	8461 	8526 	 
0 	2248 	2332 	3173 	3470 	4115 	5701 	6565 	6598 	9108 	 
0 	256 	1396 	3136 	3928 	5758 	6842 	7793 	 
0 	2790 	4131 	5158 	6251 	6664 	8167 	8405 	8910 	 
0 	168 	199 	1647 	1696 	1972 	3203 	3719 	3909 	4335 	6238 	6856 	7691 	8310 	9062 	 
0 	26 	2192 	3088 	4883 	5773 	7211 	7362 	7829 	8873 	 
0 	2574 	2946 	4967 	5386 	6059 	8088 	8372 	8484 	8596 	8675 	 
0 	1025 	1165 	2682 	3654 	4945 	5077 	7762 	8078 	8759 	8943 	9036 	 
0 	907 	1753 	1792 	1969 	2167 	2555 	3605 	3627 	3781 	4956 	5638 	9287 	 
0 	1050 	1169 	4497 	5424 	8397 	9518 	9577 	9938 	 
0 	3127 	3967 	5602 	7282 	 
0 	263 	1113 	1190 	2998 	7191 	7225 	7947 	 
0 	1071 	1389 	2127 	2816 	3727 	4124 	8428 	9216 	 
0 	1810 	2129 	2392 	2853 	3419 	3689 	5105 	7869 	8362 	9658 	 
0 	22 	3475 	4213 	4820 	7126 	9289 	 
0 	580 	967 	1551 	1553 	1821 	3174 	4890 	7252 	8485 	9112 	9394 	9596 	 
0 	1133 	1650 	2466 	4332 	7217 	8734 	9732 	9956 	 
0 	304 	2081 	2187 	2597 	6358 	6608 	7102 	8097 	9473 	9741 	 
0 	1401 	1678 	1781 	2117 	2281 	4321 	4793 	5176 	6754 	6868 	7346 	7785 	7915 	9187 	9899 	 
0 	27 	777 	1101 	1355 	2043 	3705 	4002 	4259 	4373 	4403 	6720 	7587 	8270 	8401 	8434 	 
0 	2365 	4955 	6882 	7710 	7805 	 
0 	216 	2148 	4224 	4279 	4356 	5021 	5057 	5348 	5882 	7438 	7526 	7592 	 
0 	1138 	1792 	1977 	3895 	6834 	7923 	8879 	9074 	9404 	9692 	9915 	 
0 	400 	452 	706 	3450 	4313 	7351 	8225 	8858 	9424 	 
0 	167 	703 	4289 	5688 	7046 	9740 	 
0 	956 	1746 	4629 	4667 	5237 	5434 	5721 	6784 	7358 	7548 	 
0 	280 	395 	1073 	1473 	2654 	4935 	5698 	5960 	6116 	6350 	7179 	8358 	 
0 	494 	1134 	1384 	1766 	2500 	6210 	7787 	9590 	9704 	 
0 	671 	1019 	1646 	2296 	2790 	4094 	4458 	4474 	5057 	5349 	6977 	8727 	9684 	 
0 	809 	882 	1156 	1195 	1770 	4057 	4415 	5092 	6804 	7021 	 
0 	2946 	4167 	5369 	5381 	6964 	 
0 	488 	533 	656 	1450 	2839 	2891 	3196 	3539 	6964 	9624 	9704 	9951 	 
0 	234 	4428 	5911 	6415 	7262 	7517 	8721 	9284 	9418 	 
0 	43 	333 	1627 	1643 	4564 	5467 	7044 	9263 	 
0 	700 	1303 	3686 	5199 	6690 	6738 	7401 	7732 	 
0 	1221 	1658 	1870 	2034 	3889 	4175 	5297 	7055 	7205 	7310 	8038 	8340 	9978 	 
0 	1332 	1825 	2818 	3787 	5433 	7432 	9375 	 
0 	248 	499 	1779 	3632 	4832 	8479 	9644 	 
0 	168 	305 	1355 	3901 	4087 	5594 	6693 	8149 	 
0 	290 	2596 	2620 	3314 	3411 	3787 	3848 	4619 	7063 	 
0 	313 	350 	850 	918 	1894 	2233 	2847 	4446 	4834 	6464 	7975 	9323 	 
0 	372 	2033 	8213 	8745 	9371 	 
0 	434 	1395 	1458 	1714 	4806 	4884 	5116 	 
0 	310 	2128 	2366 	4527 	6077 	6724 	9897 	 
0 	88 	1470 	2256 	2846 	3705 	5709 	7040 	7271 	8246 	8756 	 
0 	123 	615 	653 	1131 	6225 	6379 	8334 	8482 	 
0 	148 	1182 	4247 	4524 	7121 	7747 	8258 	 
0 	2880 	5121 	6134 	6286 	 
0 	773 	2958 	3257 	3857 	4033 	4406 	4516 	5507 	5907 	6626 	7101 	7949 	9721 	9870 	 
0 	326 	554 	1951 	3136 	8469 	9607 	9737 	9864 	 
0 	695 	1489 	1775 	3063 	3977 	4479 	5608 	5700 	6211 	6377 	7922 	8416 	9827 	9918 	 
0 	986 	1380 	2126 	4086 	4101 	4530 	6275 	6742 	6783 	6926 	7980 	8399 	8834 	9048 	 
0 	1205 	2511 	3034 	5212 	7388 	7934 	9250 	 
0 	302 	1677 	2457 	4383 	4642 	5902 	7116 	8677 	9038 	9523 	9947 	 
0 	421 	1333 	2522 	3522 	4166 	4383 	4853 	6155 	6929 	9162 	9333 	9462 	 
0 	18 	485 	892 	1988 	2323 	4651 	4685 	6473 	7032 	7131 	7699 	7928 	8827 	9078 	9678 	 
0 	724 	1659 	1899 	3054 	4560 	4693 	4824 	5166 	5167 	5800 	 
0 	284 	496 	1555 	3288 	5486 	5788 	6641 	7403 	7661 	7942 	8099 	8289 	8936 	9571 	 
0 	2695 	3781 	4841 	6078 	7567 	7997 	8226 	8604 	9310 	 
0 	357 	2610 	5767 	6083 	6714 	6935 	8768 	 
0 	866 	1274 	3590 	5297 	6056 	6071 	6696 	6954 	9632 	 
0 	1063 	1074 	1198 	2331 	3007 	4388 	8720 	 
0 	61 	426 	774 	781 	1309 	2494 	3190 	3470 	3573 	4718 	4766 	5175 	5690 	6318 	6842 	7229 	7290 	8507 	8555 	9678 	 
0 	98 	1016 	1443 	5124 	6678 	7890 	8134 	 
0 	767 	878 	3170 	4279 	4856 	4877 	7648 	9425 	 
0 	491 	766 	1625 	3213 	5368 	5634 	6271 	8031 	8692 	9163 	 
0 	1027 	2002 	4729 	5649 	6468 	8763 	9422 	 
0 	1533 	2613 	3565 	3825 	4334 	4615 	5824 	5962 	9062 	 
0 	391 	2963 	3116 	3359 	4127 	4884 	5460 	5490 	5969 	7603 	9887 	 
0 	878 	2127 	5262 	6092 	8906 	9367 	9783 	9952 	 
0 	466 	962 	1020 	1455 	1552 	2255 	4559 	5613 	6092 	8227 	8589 	8649 	9026 	9879 	 
0 	609 	3696 	4519 	5290 	6529 	6917 	7990 	 
0 	84 	265 	3889 	4802 	4964 	5440 	5481 	6498 	7083 	7711 	8530 	 
0 	128 	758 	1258 	1742 	1908 	4969 	6239 	7009 	8881 	 
0 	2146 	2873 	2932 	3158 	3286 	3942 	9516 	9553 	 
0 	1083 	1232 	1500 	2229 	4563 	5232 	6488 	7158 	8426 	8478 	 
0 	1053 	1411 	2222 	3072 	3322 	3805 	3936 	5722 	6357 	6737 	9504 	9532 	9623 	 
0 	540 	1578 	1984 	2077 	3494 	3730 	5724 	6162 	6710 	7355 	7395 	 
0 	1349 	2007 	2313 	2423 	4508 	5399 	5902 	6713 	6902 	7307 	8058 	8585 	8983 	 
0 	708 	850 	2010 	2183 	2780 	3985 	4783 	4948 	5553 	5875 	6313 	7077 	 
0 	6 	1098 	1822 	2592 	2708 	4104 	4906 	5820 	5875 	6430 	7614 	8137 	8216 	8310 	8720 	9169 	 
0 	52 	544 	1032 	2209 	3436 	4720 	5469 	7757 	 
0 	2666 	3714 	3756 	5312 	5323 	8830 	8960 	9402 	 
0 	661 	715 	927 	1183 	1395 	2298 	2299 	3220 	3246 	3484 	4657 	5114 	6842 	7185 	7663 	8135 	9692 	 
0 	3481 	4366 	5863 	5928 	6459 	7294 	8807 	 
0 	327 	6349 	6864 	9532 	 
0 	938 	1334 	2878 	4698 	6061 	6654 	7248 	7449 	7645 	7705 	8472 	8550 	8783 	8804 	9402 	9578 	 
0 	3040 	3827 	4205 	4920 	5390 	5525 	5837 	8618 	 
0 	2131 	2284 	3999 	4739 	5003 	5893 	7029 	 
0 	1273 	1561 	1773 	2201 	2276 	2965 	3591 	5046 	5680 	5795 	6325 	8786 	9072 	9462 	 
0 	457 	2865 	4409 	5888 	6691 	6827 	7101 	8873 	 
0 	1182 	1451 	2537 	2606 	3190 	4531 	5497 	7234 	7501 	7503 	9149 	9813 	 
0 	391 	487 	641 	1609 	2156 	2400 	3378 	4621 	5252 	6040 	6633 	6805 	7672 	8255 	8885 	9994 	 
0 	336 	1138 	1248 	1401 	4168 	4210 	4461 	5565 	6186 	7349 	 
0 	396 	1118 	1216 	2134 	3901 	3951 	4000 	4563 	7155 	7569 	9829 	 
0 	471 	801 	2504 	3131 	3728 	3859 	4082 	4164 	4967 	5009 	5795 	6034 	7285 	7680 	8799 	9126 	9395 	9563 	 
0 	930 	1595 	2395 	2520 	2557 	6506 	6555 	6602 	7777 	9688 	 
0 	1128 	3290 	4560 	5411 	5635 	6758 	6795 	 
0 	386 	542 	611 	2499 	2518 	4428 	4765 	4824 	5585 	6776 	6955 	7053 	8795 	8992 	9815 	9838 	9889 	 
0 	837 	1135 	2757 	3884 	4428 	6821 	7456 	8301 	9793 	9913 	 
0 	152 	424 	543 	1826 	2603 	3021 	5280 	6749 	6968 	7849 	8610 	 
0 	113 	304 	808 	4124 	4231 	5062 	5647 	7157 	8699 	9093 	 
0 	1701 	1863 	2686 	2929 	4693 	5655 	7036 	8451 	9291 	 
0 	713 	3570 	4348 	6148 	6625 	6737 	7424 	8593 	9580 	 
0 	964 	1064 	3797 	4053 	6218 	7913 	8582 	9439 	 
0 	297 	4944 	6994 	9156 	9914 	 
0 	2251 	4938 	7926 	8049 	8281 	9896 	 
0 	1608 	2813 	4508 	4662 	4846 	5007 	7684 	8392 	9002 	9862 	 
0 	2376 	3680 	3796 	5135 	5650 	6919 	8649 	9512 	9570 	9984 	 
0 	2196 	2967 	5054 	6141 	6502 	7581 	7709 	7730 	 
0 	2060 	3499 	6947 	8125 	 
0 	1026 	1716 	1742 	3274 	4150 	4328 	5223 	6551 	7558 	9109 	9148 	9766 	 
0 	2463 	2796 	4053 	5798 	5845 	7596 	8635 	9383 	 
0 	740 	2484 	2858 	3000 	3610 	4142 	5030 	5996 	6102 	8066 	9529 	9718 	 
0 	3278 	5077 	5441 	 
0 	116 	520 	1187 	1747 	3881 	5237 	5485 	6986 	7693 	7865 	8602 	9573 	9821 	9955 	 
0 	2736 	2739 	3164 	3803 	4610 	5501 	6170 	6516 	6609 	7073 	7891 	8329 	9726 	 
0 	198 	1024 	1674 	1718 	1779 	1947 	4768 	5134 	5466 	5750 	5842 	7235 	8246 	8691 	8715 	8932 	9463 	9464 	9820 	 
0 	6580 	6984 	7396 	8360 	8467 	 
0 	669 	795 	924 	3950 	4603 	5580 	5822 	6286 	7195 	9259 	9513 	9562 	9679 	 
0 	1159 	2989 	3815 	4805 	5303 	5612 	6216 	6542 	7131 	7364 	9894 	 
0 	2199 	3101 	3130 	3372 	3771 	5317 	6490 	8308 	8782 	9806 	 
0 	3176 	4677 	4997 	5361 	7043 	7433 	8310 	8337 	8702 	9899 	 
0 	2098 	5523 	7472 	9388 	9546 	 
0 	2747 	2994 	4014 	7623 	7993 	8947 	9372 	 
0 	921 	1555 	4147 	4438 	6426 	7377 	7916 	7978 	8605 	 
0 	771 	1399 	2494 	3523 	3734 	5129 	6158 	6332 	9040 	 
0 	1237 	1761 	1895 	2156 	2842 	3177 	3338 	4439 	5060 	5844 	6597 	6659 	7484 	8644 	8747 	9268 	9686 	 
0 	94 	474 	768 	5297 	 
0 	1193 	2287 	2350 	3791 	3895 	4344 	4925 	5355 	7732 	 
0 	55 	1044 	2908 	4565 	6368 	7085 	8329 	8496 	8587 	 
0 	133 	1931 	2335 	2431 	2708 	2825 	3068 	3642 	5393 	5850 	6749 	7039 	7145 	7883 	8281 	8317 	8405 	9104 	9338 	9799 	 
0 	786 	791 	1160 	4159 	4370 	4895 	4911 	5132 	5616 	6958 	8441 	9205 	 
0 	923 	1974 	2204 	4647 	5957 	7535 	 
0 	120 	3081 	3151 	3482 	3587 	5581 	5749 	5935 	7396 	 
0 	817 	1603 	5338 	5623 	6287 	6429 	7268 	7948 	7966 	8033 	9090 	9301 	9661 	 
0 	226 	2162 	2366 	3433 	4149 	4929 	5045 	6192 	6222 	 
0 	384 	539 	1395 	2312 	3200 	4648 	5278 	5722 	5952 	7104 	7566 	9853 	 
0 	2112 	3956 	4560 	5020 	5351 	6068 	8123 	9957 	 
0 	1311 	2458 	6067 	8498 	9545 	9751 	 
0 	205 	872 	3712 	4206 	4713 	5322 	5617 	6244 	6390 	6898 	8529 	9056 	 
0 	3324 	4179 	4916 	4976 	5310 	6594 	7340 	8583 	9297 	 
0 	1325 	1687 	2668 	3627 	4319 	5707 	7154 	7342 	7453 	7660 	8704 	9233 	9503 	 
0 	82 	369 	701 	3980 	4608 	4850 	5923 	6460 	6747 	8362 	 
0 	30 	1015 	1471 	1512 	3126 	3287 	5137 	7027 	 
0 	724 	3019 	5068 	5186 	5331 	6090 	6227 	7696 	7832 	7908 	8550 	9197 	9689 	 
0 	576 	4059 	4984 	5374 	7105 	7306 	7670 	8090 	8574 	8865 	8958 	 
0 	1223 	2080 	3029 	3527 	4378 	5802 	6871 	7236 	8303 	8646 	9438 	9643 	9908 	9950 	 
0 	1989 	2432 	3042 	3982 	4689 	6642 	7134 	 
0 	369 	898 	2640 	5219 	6986 	7846 	8573 	9856 	 
0 	115 	323 	614 	951 	1954 	3412 	3423 	3704 	3717 	4182 	4916 	5137 	5385 	6831 	7834 	8277 	9534 	 
0 	1202 	2296 	3732 	5293 	6219 	6437 	7398 	7813 	8786 	8951 	9487 	 
0 	3454 	3596 	6650 	7699 	 
0 	1421 	2278 	2808 	4174 	4406 	5749 	7067 	8180 	8525 	8856 	 
0 	1349 	2429 	4356 	4550 	5094 	5341 	5857 	5941 	7340 	8870 	 
0 	1884 	1917 	3855 	4044 	4766 	7008 	8171 	8349 	8980 	 
0 	2333 	2561 	6228 	8206 	8569 	8778 	 
0 	344 	1527 	1701 	2958 	3498 	4564 	4971 	5145 	6925 	7286 	8136 	8184 	8883 	 
0 	3153 	4835 	5167 	6372 	8981 	 
0 	1006 	1449 	3863 	4856 	6501 	6700 	7873 	9680 	9872 	 
0 	1402 	3846 	4944 	5022 	5199 	5956 	8231 	8323 	9194 	 
0 	534 	2086 	3379 	4619 	5922 	6099 	6810 	8494 	8593 	8909 	 
0 	1200 	1494 	2634 	5280 	7923 	 
0 	895 	1186 	1915 	2004 	2740 	3278 	4434 	4454 	4648 	4745 	5215 	5496 	9866 	 
0 	3953 	4138 	4334 	6906 	6992 	7374 	 
0 	494 	998 	1248 	3020 	4923 	5198 	5604 	5696 	 
0 	598 	3361 	3369 	4003 	6443 	7744 	8259 	8646 	8983 	9560 	9693 	 
0 	129 	859 	2126 	2206 	4294 	4631 	4726 	5491 	5950 	6788 	7020 	7097 	7286 	7399 	 
0 	796 	1146 	1864 	2700 	2859 	3313 	4152 	4889 	6726 	7592 	7874 	 
0 	746 	1872 	2766 	2778 	3361 	3822 	7518 	8079 	8915 	9220 	9561 	9869 	 
0 	1428 	2106 	4557 	5170 	5474 	7607 	8819 	9374 	 
0 	468 	900 	2322 	2851 	2872 	3074 	3319 	5734 	5934 	6073 	6179 	 
0 	165 	573 	676 	1769 	2399 	2696 	3054 	3502 	5286 	5483 	6963 	7277 	9696 	 
0 	1945 	2623 	5150 	5539 	8037 	8349 	 
0 	29 	661 	2817 	3294 	4039 	4046 	5220 	7769 	7827 	 
0 	198 	2121 	2805 	3652 	4876 	4925 	5477 	5577 	5953 	6449 	6884 	7210 	7244 	7561 	8559 	8697 	 
0 	3492 	5745 	7137 	7725 	8168 	9666 	9930 	 
0 	316 	895 	1373 	1682 	2723 	3669 	4791 	4845 	5392 	6793 	6895 	7780 	8488 	8602 	9048 	9086 	9247 	 
0 	453 	494 	2407 	3040 	3671 	3840 	4681 	5073 	5265 	6150 	6370 	6489 	7128 	8046 	8418 	 
0 	771 	2300 	3298 	3756 	5262 	5423 	7767 	8123 	8535 	8982 	 
0 	230 	475 	782 	4083 	6409 	9689 	 
0 	1152 	3572 	3882 	5680 	7445 	7731 	9501 	 
0 	2251 	5444 	5980 	6377 	6702 	7271 	8801 	 
0 	1755 	2010 	3186 	5541 	7207 	7929 	8471 	9171 	9639 	 
0 	361 	422 	870 	1242 	2474 	2840 	4274 	4482 	5880 	6060 	7837 	8777 	8905 	9045 	9401 	 
0 	761 	2750 	3161 	4527 	4846 	5158 	5289 	5565 	6803 	7012 	7392 	7789 	8470 	8498 	8886 	9039 	 
0 	197 	2707 	5029 	5107 	5516 	6600 	7841 	9863 	9977 	 
0 	389 	1177 	3088 	5462 	7028 	7139 	8269 	 
0 	897 	2425 	2906 	3156 	3505 	5878 	5940 	7556 	8357 	8803 	 
0 	588 	2200 	2462 	2782 	4356 	4676 	4807 	6412 	7072 	7797 	8517 	9460 	9989 	 
0 	1033 	3684 	4529 	4601 	4602 	5481 	5831 	7310 	9405 	9470 	9831 	 
0 	3136 	3346 	3840 	4519 	5818 	6417 	6579 	6905 	7746 	8536 	 
0 	262 	601 	852 	2383 	3342 	5314 	5657 	6767 	9122 	9275 	 
0 	1236 	1257 	1882 	2726 	2973 	4805 	5917 	6381 	6515 	9818 	 
0 	916 	1194 	2549 	2654 	3706 	4930 	5559 	5878 	7100 	7441 	8175 	8788 	 
0 	188 	1124 	2882 	2931 	4364 	6224 	6391 	7165 	8509 	9272 	9911 	 
0 	159 	1902 	2628 	3494 	7266 	8915 	9381 	 
0 	715 	2045 	3207 	8991 	9895 	 
0 	787 	2373 	2750 	3959 	4774 	5129 	6044 	6632 	7314 	9846 	9926 	 
0 	745 	1166 	2036 	2686 	2761 	6309 	 
0 	1626 	5482 	5878 	6983 	8423 	9570 	9769 	 
0 	604 	607 	952 	1830 	2014 	2031 	2426 	5383 	7974 	8756 	 
0 	223 	398 	404 	573 	1000 	1010 	1245 	1633 	1986 	3888 	4610 	5798 	5994 	7584 	8702 	 
0 	623 	1351 	1689 	3173 	3698 	4143 	5255 	5367 	5945 	6054 	8598 	 
0 	3209 	3273 	5066 	6234 	6844 	7507 	8390 	8454 	8544 	8738 	 
0 	860 	5800 	7848 	8214 	9923 	9993 	 
0 	612 	1762 	4076 	4880 	4896 	5540 	6422 	6592 	6648 	6862 	7062 	7378 	7833 	8182 	8623 	9208 	 
0 	216 	1145 	2734 	4707 	5591 	5652 	5812 	6169 	6191 	6531 	7136 	8694 	9252 	9364 	 
0 	890 	5962 	7703 	9656 	 
0 	950 	2677 	3785 	5322 	5592 	6182 	 
0 	700 	3007 	3937 	4391 	6135 	7676 	9209 	 
0 	470 	769 	1527 	1612 	2218 	2270 	2314 	3097 	3353 	4905 	7320 	7845 	9329 	 
0 	100 	577 	1077 	2970 	3292 	3526 	5430 	5490 	6033 	6089 	6099 	8166 	8364 	 
0 	1158 	4165 	6343 	7111 	7277 	8911 	8948 	9034 	9306 	 
0 	272 	1101 	2942 	3382 	5277 	7127 	7605 	7695 	 
0 	3402 	3518 	4206 	4412 	5899 	6007 	6469 	6712 	8520 	9281 	 
0 	925 	975 	1228 	1423 	2767 	4282 	6123 	6949 	7414 	8506 	8520 	8883 	9162 	9674 	 
0 	3121 	5338 	5870 	5909 	6009 	6351 	6960 	7758 	9642 	 
0 	175 	1275 	3207 	3344 	3620 	5394 	5761 	7850 	7856 	9616 	 
0 	3340 	3700 	3773 	4095 	4248 	4352 	5686 	5937 	6696 	8345 	8376 	8558 	8935 	9862 	 
0 	442 	1079 	1609 	2845 	4097 	4516 	6091 	8807 	 
0 	235 	1318 	4826 	5957 	6171 	7389 	8979 	9226 	 
0 	1334 	1557 	3026 	3100 	5078 	5878 	6032 	9113 	 
0 	948 	2395 	3413 	3712 	4654 	7055 	7696 	7868 	8359 	 
0 	153 	754 	1516 	2005 	2120 	4369 	5141 	5390 	5978 	6244 	6259 	8077 	9808 	9928 	 
0 	588 	1216 	1261 	1712 	4142 	4927 	5833 	6247 	6667 	7362 	 
0 	681 	2496 	2601 	3693 	5359 	7880 	8067 	9481 	 
0 	1874 	2150 	2178 	2187 	2371 	2966 	3129 	3545 	3765 	3833 	7564 	8838 	 
0 	2488 	2855 	3340 	3762 	4708 	5508 	6593 	6761 	8858 	 
0 	2456 	2587 	2684 	3883 	4952 	5241 	5780 	7973 	8810 	9449 	 
0 	606 	2505 	3091 	4004 	4360 	5691 	7236 	7291 	 
0 	1086 	3622 	4307 	4930 	5243 	8871 	 
0 	92 	1121 	2209 	2510 	4152 	4468 	5096 	5216 	6517 	6559 	6643 	6845 	7783 	8858 	 
0 	968 	3302 	6483 	 
0 	397 	1050 	3546 	4649 	5649 	5668 	6201 	7668 	8876 	 
0 	1466 	4135 	4463 	5632 	5772 	6510 	7065 	8275 	8933 	9862 	 
0 	539 	1402 	1676 	1742 	1839 	4049 	6470 	7346 	8473 	 
0 	2141 	3399 	4604 	4729 	6075 	6431 	6607 	9728 	 
0 	321 	1273 	2063 	2066 	4800 	5803 	6054 	6503 	7496 	8349 	8808 	9625 	9976 	 
0 	1157 	3946 	9850 	 
0 	357 	1270 	1674 	2398 	2725 	2802 	3218 	5204 	6030 	8927 	 
0 	38 	1518 	4291 	4438 	5059 	7349 	8503 	 
0 	1278 	2609 	3799 	4931 	5053 	5787 	7390 	8915 	9075 	 
0 	496 	1022 	1200 	2092 	3608 	3629 	3768 	4312 	5517 	6849 	7219 	8265 	8892 	 
0 	2635 	3634 	6569 	6629 	7074 	8644 	9122 	 
0 	1177 	2720 	4309 	5097 	5821 	6707 	6885 	8452 	8604 	9223 	 
0 	435 	540 	1454 	3989 	4812 	5403 	5733 	5875 	6189 	6439 	8276 	8278 	 
0 	1156 	2878 	3744 	4096 	5299 	5388 	6476 	7052 	7948 	 
0 	781 	1222 	1307 	1901 	2740 	6283 	7302 	7513 	7690 	9667 	9882 	 
0 	705 	1232 	3160 	5011 	5307 	7025 	7070 	8529 	9582 	 
0 	1106 	1162 	1181 	2666 	2849 	2942 	3336 	6426 	8099 	9145 	 
0 	1330 	2624 	4906 	6717 	9493 	 
0 	188 	2363 	2800 	3292 	3651 	4628 	4670 	5009 	5252 	5574 	7119 	7783 	8223 	9641 	 
0 	1941 	3048 	3078 	3088 	4368 	5184 	7104 	8086 	 
0 	1037 	1115 	2108 	3274 	4043 	5504 	6029 	7497 	8052 	 
0 	672 	1017 	1936 	4233 	4380 	5105 	5843 	5960 	6040 	9383 	9664 	 
0 	375 	752 	4536 	5228 	5499 	6362 	6877 	7722 	7997 	8506 	8690 	 
0 	1651 	2636 	5750 	5822 	5986 	6415 	6696 	7011 	7455 	7729 	8091 	9378 	9972 	 
0 	832 	950 	2075 	2497 	5520 	8329 	9552 	9874 	 
0 	513 	758 	1710 	2731 	5184 	5958 	7335 	 
0 	2556 	3547 	4653 	5179 	9026 	 
0 	967 	1363 	2296 	2335 	4922 	5036 	6151 	6889 	7016 	7185 	7571 	7586 	8621 	9426 	9503 	 
0 	135 	208 	300 	2207 	2242 	2942 	3477 	3769 	4394 	4420 	6369 	6668 	7204 	7665 	7768 	9417 	 
0 	1523 	1910 	2062 	2107 	2305 	2362 	2551 	3107 	3255 	3418 	4665 	6433 	7344 	7614 	 
0 	163 	787 	2029 	2469 	2497 	3077 	3696 	4304 	5234 	6696 	8365 	 
0 	14 	4224 	5327 	5744 	7317 	7673 	7742 	8601 	9300 	 
0 	102 	955 	3215 	4241 	4938 	5087 	6158 	6566 	9306 	9333 	9351 	9942 	 
0 	564 	2291 	2801 	3193 	3664 	9036 	 
0 	553 	1159 	3163 	3239 	4198 	4639 	6008 	6019 	6981 	9126 	 
0 	797 	1512 	1764 	1924 	4155 	 
0 	3389 	3543 	3732 	3866 	4584 	7028 	7885 	9170 	 
0 	1510 	1574 	2226 	3308 	4245 	5936 	6075 	8059 	 
0 	5171 	5757 	6587 	8957 	9351 	 
0 	2746 	3410 	4626 	4910 	5572 	5864 	6077 	6083 	6309 	6675 	7130 	7964 	8915 	9517 	 
0 	799 	958 	1738 	1870 	2792 	4081 	4795 	4905 	6509 	7077 	7210 	8344 	8519 	9768 	 
0 	102 	1807 	3000 	3245 	3924 	8139 	8805 	9139 	9277 	9660 	9706 	 
0 	275 	1925 	3278 	3476 	4814 	4926 	5082 	6200 	7622 	8449 	8716 	9444 	9605 	9733 	9742 	 
0 	386 	2131 	2384 	3146 	3505 	3995 	7905 	9235 	9451 	9861 	 
0 	2965 	3449 	4424 	6414 	7967 	8413 	8530 	8618 	8648 	8822 	9269 	9466 	 
0 	547 	1787 	3622 	4445 	7126 	8882 	 
0 	609 	1667 	1776 	3876 	3927 	4400 	4706 	5055 	5604 	5610 	6557 	7472 	8002 	8163 	 
0 	957 	1344 	1632 	3218 	3230 	3478 	4986 	5825 	6077 	6186 	6605 	8744 	9687 	 
0 	1920 	1961 	2216 	2320 	2723 	3054 	3505 	3791 	4393 	4982 	6810 	7778 	9804 	9875 	 
0 	256 	944 	1242 	1664 	4905 	5627 	5717 	6078 	6591 	6773 	9279 	 
0 	497 	1821 	2139 	3611 	4119 	4944 	6130 	 
0 	285 	347 	1781 	2586 	3237 	4205 	5211 	5305 	5571 	5720 	5831 	8012 	8277 	 
0 	508 	2314 	3470 	3533 	4122 	5887 	5889 	7224 	 
0 	3844 	5662 	6014 	8818 	 
0 	202 	2544 	2925 	3360 	5753 	7228 	8067 	9404 	 
0 	290 	807 	1177 	1190 	1257 	1568 	1732 	3237 	6085 	6643 	7039 	9241 	 
0 	3465 	6032 	6814 	7509 	8191 	9970 	 
0 	888 	1544 	1570 	4403 	4732 	4764 	6651 	7069 	7263 	7474 	7773 	8252 	8349 	9510 	9671 	 
0 	292 	1005 	1506 	2484 	2802 	7382 	8537 	8986 	 
0 	236 	909 	2258 	2450 	2663 	2670 	4486 	4766 	5276 	 
0 	366 	408 	905 	909 	1496 	4432 	5082 	5293 	6137 	6244 	6674 	7068 	7832 	8194 	8519 	 
0 	1088 	2823 	3320 	4432 	4976 	5355 	6175 	7093 	8800 	 
0 	1334 	2396 	3226 	3421 	3497 	4058 	5312 	7087 	7170 	7243 	7673 	7891 	8073 	8134 	8206 	 
0 	223 	3430 	3988 	4181 	5722 	6361 	8890 	9482 	 
0 	460 	4788 	6169 	7102 	 
0 	596 	772 	1155 	1448 	2858 	3705 	3814 	6107 	6414 	7033 	7410 	9257 	 
0 	819 	1520 	3614 	3994 	4016 	4407 	4651 	8059 	9418 	9594 	 
0 	1070 	1318 	1358 	1628 	1686 	2734 	3751 	3758 	4107 	4163 	9004 	9270 	 
0 	1637 	2954 	3352 	3563 	4304 	4947 	6038 	7239 	7437 	7534 	7876 	8549 	9388 	9423 	9978 	 
0 	1394 	2081 	2134 	3668 	3976 	4026 	4805 	5706 	7059 	8442 	8755 	9294 	9501 	 
0 	1776 	1897 	3663 	4277 	4615 	6428 	7088 	8526 	8716 	9107 	9381 	 
0 	731 	923 	3317 	3844 	4925 	5595 	6183 	7419 	7660 	9523 	 
0 	244 	2485 	5760 	7765 	8423 	8580 	8746 	9666 	 
0 	103 	1685 	4094 	4839 	5286 	5332 	5484 	5634 	5772 	7952 	8605 	9183 	 
0 	1763 	7317 	8347 	8921 	9862 	 
0 	1202 	5582 	5878 	7875 	8630 	 
0 	1549 	1926 	2998 	4813 	5372 	5796 	5916 	8222 	9247 	9589 	 
0 	703 	1307 	2596 	3894 	4236 	4674 	5337 	5390 	6867 	7240 	9655 	9816 	 
0 	4225 	6883 	6963 	7014 	7999 	8040 	8042 	8336 	 
0 	530 	732 	1682 	2061 	3265 	3527 	4464 	6937 	7000 	7430 	8736 	 
0 	455 	2342 	2493 	3718 	3991 	4581 	6867 	7242 	7415 	8112 	8939 	 
0 	1506 	3070 	3094 	3335 	5163 	5361 	8754 	9558 	 
0 	344 	566 	1663 	3153 	5705 	5800 	6186 	6753 	7003 	7570 	8623 	9787 	9804 	9877 	9950 	 
0 	2317 	2719 	2818 	2937 	3538 	5360 	6067 	6432 	6716 	7502 	 
0 	769 	1305 	1720 	2342 	2393 	2488 	3258 	3338 	4892 	5740 	6851 	7227 	7840 	8832 	9667 	 
0 	1217 	1483 	1873 	2006 	2962 	6187 	6544 	8910 	9599 	9742 	 
0 	389 	542 	1633 	2108 	2318 	2866 	2971 	3553 	4481 	6863 	9478 	 
0 	376 	5194 	9942 	 
0 	1693 	1714 	3184 	4569 	4856 	5602 	7034 	7186 	7547 	9917 	 
0 	4624 	5367 	6548 	8534 	9251 	9347 	 
0 	1212 	1622 	1658 	2087 	3525 	3922 	7915 	8266 	9142 	 
0 	1384 	3372 	3831 	4369 	4696 	5066 	5189 	5272 	7956 	 
0 	80 	814 	2406 	6241 	6815 	7076 	7561 	 
0 	622 	1086 	1477 	1745 	2324 	2902 	2961 	3858 	4123 	5184 	5632 	7166 	7432 	8622 	 
0 	297 	571 	1263 	2387 	3596 	4932 	5770 	8482 	 
0 	661 	1266 	3271 	5642 	6547 	9067 	9786 	 
0 	380 	938 	1723 	3208 	3226 	3793 	5122 	5627 	5993 	6415 	6455 	7468 	9475 	9754 	 
0 	353 	560 	1539 	3509 	7708 	8245 	9285 	 
0 	710 	1529 	1911 	2372 	2533 	3142 	4396 	5216 	 
0 	200 	865 	1333 	2998 	4553 	5352 	5889 	7048 	7183 	7232 	8777 	9739 	9742 	 
0 	817 	1201 	2700 	3196 	4566 	4775 	6321 	6463 	8523 	9019 	 
0 	200 	254 	4507 	5646 	 
0 	2891 	4702 	6747 	6859 	 
0 	59 	994 	1312 	2096 	2382 	2869 	4645 	5217 	7519 	8141 	8543 	9702 	 
0 	4241 	4758 	5477 	6617 	8432 	 
0 	1428 	4976 	6827 	6854 	7377 	7529 	7952 	8204 	8699 	 
0 	71 	103 	274 	757 	1420 	2970 	3554 	3565 	9809 	 
0 	115 	429 	779 	1811 	2583 	3263 	4154 	4248 	4481 	5326 	7523 	7808 	8128 	8264 	9104 	9958 	 
0 	630 	1029 	1759 	1812 	2515 	3317 	3621 	5669 	6580 	7297 	 
0 	1021 	1714 	2241 	5152 	6048 	 
0 	236 	770 	3610 	6121 	7990 	8090 	9415 	 
0 	41 	830 	1198 	1844 	2019 	4340 	6121 	6343 	6474 	8117 	8555 	9584 	 
0 	510 	516 	554 	1032 	2694 	2773 	2831 	3657 	3839 	5897 	6509 	6913 	7511 	8040 	8093 	8244 	 
0 	798 	862 	1839 	3206 	3358 	4864 	5150 	6059 	6482 	9805 	 
0 	814 	1127 	2155 	2658 	2917 	3851 	3904 	5147 	5599 	9145 	9277 	 
0 	1146 	3153 	5788 	6602 	6635 	6805 	6900 	7015 	7253 	8016 	9232 	 
0 	31 	2376 	2466 	2831 	3267 	4446 	4531 	5086 	6342 	7941 	8292 	8895 	8977 	9059 	9076 	9102 	 
0 	2163 	2322 	3444 	3765 	4263 	7509 	7594 	8039 	9325 	9648 	9912 	 
0 	181 	610 	1693 	3179 	3357 	3426 	3509 	3863 	4642 	4714 	7902 	8235 	 
0 	586 	809 	834 	1239 	1382 	1963 	1992 	2086 	2727 	5368 	5447 	6770 	7612 	9369 	9461 	 
0 	412 	1528 	3476 	3707 	 
0 	320 	660 	1494 	1538 	2206 	2317 	2791 	3332 	5216 	5422 	5732 	9747 	 
0 	2102 	2698 	2804 	3302 	4252 	4253 	4529 	4723 	 
0 	1113 	1138 	3809 	4990 	5910 	6677 	7493 	8744 	9847 	 
0 	1102 	1891 	3924 	5261 	5440 	7561 	7916 	8211 	 
0 	1688 	2750 	3455 	4303 	4379 	5000 	5211 	5316 	7547 	8185 	9400 	 
0 	221 	352 	1012 	2133 	5594 	5595 	5761 	7361 	 
0 	1895 	3312 	3551 	3744 	3790 	3886 	4398 	7591 	9003 	9973 	 
0 	437 	1831 	2350 	3807 	4000 	9376 	 
0 	182 	245 	248 	389 	1265 	2737 	2978 	4794 	5703 	5709 	5715 	5737 	5824 	7192 	7505 	9287 	9813 	 
0 	55 	1409 	1472 	2693 	2837 	3439 	3567 	3784 	3806 	5515 	8836 	 
0 	1277 	3114 	3242 	5699 	6801 	7830 	7882 	8330 	9425 	 
0 	5 	2492 	2609 	2916 	3853 	9721 	 
0 	930 	1965 	3216 	3643 	5536 	6765 	8081 	8646 	9028 	9418 	9675 	 
0 	1070 	1256 	1456 	3095 	3379 	6349 	9553 	 
0 	671 	994 	4322 	 
0 	81 	106 	1185 	2094 	2900 	2984 	7664 	8071 	8356 	8740 	9783 	 
0 	550 	693 	972 	2882 	3860 	4365 	5196 	7045 	7303 	7569 	8150 	8188 	8727 	 
0 	302 	2368 	3820 	3840 	4505 	5801 	6029 	6577 	6688 	8260 	 
0 	3324 	4259 	5175 	5605 	6638 	7479 	9482 	9715 	 
0 	1015 	2572 	3049 	5801 	5848 	6915 	6983 	7894 	7914 	8472 	 
0 	3064 	3307 	3834 	4205 	5308 	7563 	8547 	 
0 	38 	1176 	1387 	1551 	1795 	2550 	2646 	3362 	3943 	4704 	7795 	 
0 	265 	1292 	2345 	3187 	3509 	4451 	7644 	8516 	9351 	 
0 	892 	1478 	2185 	2330 	3971 	4950 	5603 	6697 	8478 	9498 	 
0 	442 	844 	1461 	2439 	3357 	3386 	3721 	4045 	4509 	6140 	6954 	9592 	 
0 	174 	1522 	2472 	4380 	4642 	6695 	6703 	6726 	7322 	7352 	7514 	8014 	8217 	9101 	 
0 	261 	275 	1440 	1708 	2201 	2269 	3110 	3427 	3763 	4423 	4853 	6966 	8192 	8713 	8974 	9493 	 
0 	491 	1264 	1897 	3598 	3896 	4828 	4893 	4977 	5861 	6355 	6711 	7195 	7569 	8961 	9454 	 
0 	993 	1200 	1627 	2521 	3819 	4525 	6324 	7272 	8900 	9194 	 
0 	106 	293 	2552 	3932 	4241 	4791 	5095 	5261 	5730 	6151 	8970 	9053 	9215 	9381 	9647 	9672 	9844 	 
0 	480 	1233 	2407 	4635 	7290 	9183 	 
0 	170 	177 	1506 	3725 	4322 	6311 	8134 	9409 	 
0 	817 	3748 	4423 	5568 	5593 	6332 	6812 	7088 	7228 	7453 	 
0 	335 	647 	1244 	1488 	2668 	4994 	 
0 	1200 	1295 	2110 	2545 	4155 	 
0 	219 	861 	1834 	2239 	3129 	5494 	6066 	7569 	7790 	 
0 	74 	3909 	5405 	6457 	7417 	7929 	8786 	 
0 	2468 	4364 	4654 	4814 	4977 	5563 	7664 	8857 	9663 	 
0 	1783 	2740 	3922 	3999 	6675 	7507 	8568 	9346 	9527 	 
0 	291 	1024 	1434 	1601 	2075 	2220 	3019 	3208 	3798 	4557 	4963 	5427 	5461 	5732 	8412 	8963 	 
0 	593 	5872 	9571 	 
0 	617 	1161 	1634 	1778 	1977 	2670 	3846 	5547 	5981 	6599 	7372 	7886 	7953 	 
0 	2430 	2729 	3758 	4475 	4494 	6347 	6472 	6678 	6707 	7158 	8331 	8666 	 
0 	1348 	1779 	2797 	2957 	3387 	3429 	4850 	7012 	7082 	8278 	8365 	 
0 	1507 	1980 	2514 	3802 	3923 	4665 	6117 	6923 	7022 	8230 	8943 	9317 	 
0 	1609 	1965 	2766 	3699 	3952 	4201 	4330 	4343 	4789 	6079 	7171 	8189 	 
0 	1806 	2619 	2732 	2824 	3896 	3941 	4643 	5825 	 
0 	2925 	3602 	3970 	4221 	4990 	5708 	7180 	7964 	7977 	 
0 	613 	1215 	2109 	2136 	4074 	4797 	6089 	6233 	8250 	9199 	 
0 	2791 	2854 	3915 	7973 	9896 	 
0 	139 	786 	1166 	3879 	4059 	4957 	4963 	7270 	9077 	9707 	 
0 	554 	3944 	6927 	7638 	8312 	8578 	9119 	 
0 	207 	509 	1765 	1866 	2366 	2425 	3154 	5676 	7619 	7861 	 
0 	422 	644 	2039 	3273 	3977 	3981 	4324 	4364 	4704 	5658 	6977 	8005 	9763 	 
0 	1043 	4601 	4937 	7847 	7945 	8116 	9882 	 
0 	544 	1271 	2146 	3245 	3559 	4241 	4665 	7767 	8808 	8983 	9869 	 
0 	168 	1657 	3481 	4943 	5021 	5976 	6269 	7278 	7656 	8090 	 
0 	2059 	5063 	5150 	6296 	8803 	9166 	 
0 	2242 	2609 	2931 	5599 	6460 	7322 	9666 	 
0 	816 	2460 	3152 	4980 	4989 	6329 	6647 	6959 	8239 	9124 	 
0 	25 	1492 	2182 	2402 	4095 	9797 	 
0 	328 	1150 	1338 	2361 	3046 	7146 	7265 	7649 	8202 	9956 	 
0 	1575 	2723 	4248 	4566 	5172 	7299 	8242 	 
0 	962 	2276 	3231 	4733 	4765 	5948 	6209 	6975 	 
0 	609 	1493 	2513 	4477 	5201 	5686 	6834 	7019 	7365 	9236 	9827 	 
0 	1338 	1378 	3225 	3841 	5649 	6846 	7764 	8336 	9223 	 
0 	452 	1294 	1524 	2729 	3842 	5786 	5939 	6645 	9140 	 
0 	2158 	3814 	5147 	5216 	5228 	5734 	6411 	7859 	8978 	 
0 	987 	1998 	2855 	3961 	5100 	6003 	9727 	 
0 	436 	1113 	3189 	3407 	3447 	4118 	5250 	5936 	7112 	8402 	8792 	 
0 	1695 	2915 	3435 	3970 	5703 	6574 	7545 	7679 	8982 	9943 	 
0 	709 	1085 	1680 	3020 	5669 	9334 	 
0 	452 	779 	1613 	1763 	1804 	2088 	2470 	6649 	7065 	8362 	 
0 	3220 	3431 	4259 	5079 	5977 	6531 	7448 	7455 	9440 	9920 	 
0 	1847 	2545 	2906 	3141 	4817 	6108 	6251 	6822 	7200 	7376 	8181 	8323 	8979 	 
0 	1609 	2059 	2362 	2383 	2524 	3784 	4068 	4261 	5718 	7965 	8635 	8977 	 
0 	1348 	1349 	1467 	2093 	4901 	5034 	5447 	5455 	6776 	7254 	7866 	8735 	9194 	 
0 	753 	2130 	2428 	5117 	5465 	8601 	 
0 	1694 	5093 	5298 	5933 	7100 	7392 	7833 	8945 	 
0 	768 	2721 	3445 	4287 	9077 	9374 	 
0 	582 	1014 	1717 	5682 	6557 	9442 	9965 	 
0 	460 	1138 	2001 	2109 	3566 	5152 	6657 	6886 	7038 	7328 	7355 	7758 	8829 	9015 	 
0 	616 	634 	976 	3014 	3738 	4121 	5018 	5652 	8639 	9204 	9952 	 
0 	71 	1510 	1812 	4524 	5690 	7361 	9437 	 
0 	1889 	2585 	2970 	3375 	3531 	4124 	4923 	5259 	6361 	7952 	8174 	8551 	9103 	 
0 	274 	1348 	2145 	3203 	3233 	4901 	5238 	6557 	 
0 	284 	716 	1575 	1703 	1848 	2021 	2565 	3008 	4119 	4525 	5350 	5675 	6124 	8046 	8993 	 
0 	1293 	1881 	2703 	2942 	3019 	5648 	5736 	6555 	7636 	7989 	 
0 	71 	1036 	2028 	2110 	2924 	3837 	4084 	4580 	4706 	5774 	6565 	6621 	6906 	7046 	8472 	8636 	9513 	9596 	 
0 	1049 	1311 	1432 	2270 	2272 	3568 	3671 	3738 	5239 	7251 	 
0 	106 	2711 	2745 	3721 	3961 	4027 	4644 	4817 	4882 	4935 	5541 	5770 	5976 	7925 	7940 	9804 	 
0 	2356 	2448 	3447 	4993 	6078 	6596 	7096 	7782 	7920 	8639 	8671 	9774 	 
0 	969 	1851 	3091 	3094 	4583 	4820 	5582 	5723 	6231 	8215 	8238 	9041 	 
0 	2692 	3253 	3502 	4000 	4063 	4741 	5441 	6220 	7204 	 
0 	673 	809 	863 	2863 	3154 	3200 	3953 	5377 	6334 	7636 	9507 	9715 	 
0 	554 	1320 	1394 	3659 	6162 	6403 	6754 	7385 	7447 	7513 	7576 	9336 	9624 	 
0 	60 	706 	912 	2134 	4122 	8865 	9311 	9619 	9839 	9871 	 
0 	49 	79 	1303 	1348 	1639 	6229 	6726 	7904 	8158 	9611 	9739 	 
0 	6586 	9582 	 
0 	496 	2707 	3546 	5583 	6387 	6817 	8190 	8994 	9151 	9900 	 
0 	1617 	2531 	3518 	3598 	3650 	4293 	4456 	4629 	4920 	5241 	5315 	6735 	7070 	8094 	9903 	 
0 	2104 	2571 	2774 	3182 	3512 	3986 	3995 	4050 	6059 	6720 	7375 	8522 	9562 	 
0 	574 	755 	1851 	2921 	4274 	4295 	4315 	5159 	5227 	5345 	6070 	8201 	 
0 	1338 	2267 	3127 	8008 	8346 	9007 	9191 	 
0 	592 	1342 	3346 	4047 	4248 	4439 	4480 	4523 	4839 	5104 	6675 	6846 	7294 	8098 	8748 	 
0 	1799 	7788 	8043 	8052 	8213 	8652 	 
0 	484 	1733 	2155 	2641 	4421 	4486 	4867 	4998 	5926 	5960 	6289 	6838 	8162 	9359 	9650 	 
0 	95 	543 	808 	1342 	1849 	4268 	4573 	4578 	5943 	7936 	 
0 	253 	1272 	2036 	4509 	5739 	7261 	8115 	8816 	9023 	9365 	 
0 	2586 	3239 	3931 	5134 	6036 	6250 	7929 	8098 	8842 	8865 	 
0 	883 	1663 	1731 	2272 	2556 	2742 	2993 	3064 	5192 	5697 	6319 	6522 	6609 	 
0 	132 	168 	1084 	1523 	4800 	5911 	9481 	 
0 	994 	1728 	1907 	2786 	2794 	2925 	3221 	3580 	4905 	7169 	8464 	8641 	8755 	8762 	8963 	9894 	 
0 	36 	1384 	1870 	3516 	4610 	4778 	5501 	6037 	6316 	6910 	7246 	7362 	7630 	 
0 	1214 	1408 	2408 	2941 	3731 	4724 	5467 	8089 	8831 	9105 	9847 	9884 	 
0 	772 	866 	1856 	1969 	2653 	9612 	9813 	 
0 	1430 	2461 	5003 	5772 	6284 	7625 	7886 	7970 	8225 	9396 	 
0 	1680 	2082 	3022 	4005 	4277 	5341 	7614 	7936 	8747 	8776 	 
0 	122 	390 	643 	1265 	2536 	2548 	2800 	3091 	6368 	8108 	8112 	9337 	9989 	 
0 	1038 	2646 	3669 	4574 	4927 	5332 	8199 	 
0 	926 	2091 	2485 	2855 	3909 	5175 	6623 	7099 	9827 	9839 	 
0 	244 	316 	2438 	6227 	8042 	8085 	 
0 	1297 	2001 	2902 	3813 	3980 	6859 	7193 	8459 	9176 	 
0 	190 	3839 	4411 	5231 	5299 	5845 	6435 	6892 	6975 	7437 	7500 	8327 	9128 	9726 	9739 	 
0 	1071 	1147 	1527 	2114 	3091 	4052 	5717 	6779 	7481 	7514 	7528 	9615 	9630 	 
0 	434 	591 	1316 	3115 	3662 	3871 	4667 	4678 	6394 	7677 	8868 	 
0 	473 	1246 	1647 	4799 	5099 	5391 	5628 	7103 	7127 	8124 	8974 	 
0 	1083 	1444 	2261 	2340 	4479 	4683 	4704 	4775 	7105 	7836 	 
0 	2492 	3419 	3647 	4138 	4454 	4716 	4872 	7007 	7752 	8439 	9805 	 
0 	55 	838 	1138 	1283 	2711 	2760 	2762 	4012 	8059 	8481 	9620 	 
