0 	346 	1359 	1378 	1799 	2736 	3318 	4835 	6857 	7832 	7976 	 
0 	301 	910 	2480 	3364 	3742 	4202 	4455 	7366 	7825 	9583 	 
0 	1322 	1854 	1873 	4078 	5622 	6890 	7016 	8163 	8171 	8914 	9349 	 
0 	569 	641 	2181 	2290 	2507 	2889 	3397 	3476 	3967 	4705 	5075 	5268 	5451 	5876 	8186 	 
0 	713 	1615 	1984 	2416 	3550 	4606 	5816 	6305 	6362 	8248 	8454 	8627 	8815 	9384 	 
0 	78 	337 	372 	441 	2483 	2686 	2711 	4369 	4518 	4967 	7431 	 
0 	781 	1220 	1505 	3731 	4008 	5352 	6591 	 
0 	1533 	2325 	4511 	5973 	8147 	8713 	 
0 	263 	692 	1231 	2430 	3495 	6087 	6919 	7196 	8193 	9623 	 
0 	1134 	2536 	2552 	2690 	3327 	3458 	4087 	5390 	6097 	6391 	6750 	7167 	8669 	9172 	9335 	 
0 	958 	2893 	3668 	6948 	8327 	9477 	9720 	 
0 	236 	274 	577 	646 	1382 	1695 	3807 	6401 	7421 	8916 	9720 	 
0 	3283 	3959 	4539 	6157 	7748 	8514 	9444 	 
0 	474 	611 	2452 	4453 	7308 	 
0 	760 	1744 	3883 	3969 	4957 	5020 	5191 	6185 	6279 	9600 	 
0 	770 	2177 	3187 	4609 	5239 	5951 	7729 	8549 	9197 	9949 	 
0 	392 	1147 	2389 	2974 	4133 	4841 	9062 	9731 	9829 	 
0 	138 	747 	1280 	1431 	1907 	3613 	5491 	6733 	6942 	7362 	7420 	7450 	8079 	8476 	9148 	9878 	 
0 	241 	939 	1155 	2631 	3846 	4717 	5120 	6862 	7327 	7980 	9841 	9975 	 
0 	775 	1061 	1296 	4478 	4570 	4741 	5849 	8723 	 
0 	638 	841 	885 	1822 	2574 	3899 	6802 	7749 	8100 	8543 	8616 	 
0 	1620 	1763 	2252 	4047 	4461 	8082 	8421 	9164 	 
0 	450 	1280 	2442 	2957 	3266 	5060 	6249 	6812 	6993 	8606 	9915 	 
0 	1019 	5045 	5978 	6913 	7102 	8043 	8465 	 
0 	605 	1666 	4920 	6372 	 
0 	986 	1253 	3962 	4683 	5511 	6197 	8128 	8488 	8883 	 
0 	3843 	4680 	5132 	5585 	5775 	6436 	8283 	8667 	9502 	 
0 	854 	874 	3032 	5144 	7408 	7638 	8340 	8790 	9637 	 
0 	91 	1296 	3295 	3507 	4633 	4972 	5882 	9568 	 
0 	4036 	7831 	9147 	 
0 	1233 	4984 	8163 	9801 	 
0 	458 	1115 	6879 	7161 	8662 	9107 	 
0 	142 	969 	1550 	4851 	6111 	7893 	7952 	 
0 	1447 	2524 	3290 	3348 	5027 	5151 	7390 	7661 	7991 	9042 	9068 	 
0 	610 	1592 	2221 	2439 	2494 	5728 	6500 	7338 	9147 	 
0 	644 	1173 	1293 	1542 	2026 	2541 	3482 	3562 	3635 	3896 	4780 	4789 	5179 	6164 	8161 	 
0 	303 	361 	901 	1568 	2459 	3073 	5398 	5522 	5782 	6706 	7582 	8508 	8999 	9589 	9710 	 
0 	73 	2734 	3943 	4207 	4827 	7251 	 
0 	102 	1124 	2442 	3667 	4220 	4274 	4341 	5126 	5568 	7651 	8702 	9569 	9910 	 
0 	2426 	3100 	3331 	3705 	4332 	5700 	6513 	6796 	 
0 	454 	1516 	2087 	3418 	3476 	4088 	4564 	4584 	5641 	6032 	6337 	7521 	9287 	9548 	9794 	 
0 	639 	1302 	1333 	4305 	4965 	5414 	5962 	8079 	8221 	8365 	8649 	8663 	9387 	 
0 	709 	1347 	2075 	2183 	2378 	4511 	7506 	7601 	8479 	9033 	9368 	9565 	 
0 	1286 	1510 	1791 	1965 	5176 	7016 	8801 	9601 	9603 	 
0 	484 	565 	796 	4080 	6619 	7167 	7474 	 
0 	1937 	3089 	3181 	5279 	5699 	7314 	8920 	9424 	 
0 	1589 	2828 	4693 	6507 	7185 	8245 	8430 	8453 	9581 	 
0 	271 	1819 	2120 	2561 	4111 	4498 	5253 	9911 	 
0 	242 	1240 	1367 	1607 	3469 	3921 	5140 	5373 	5566 	5692 	6326 	7072 	7688 	8748 	9653 	 
0 	1484 	3206 	4613 	5012 	7048 	7285 	7903 	9415 	9735 	 
0 	3143 	3937 	6386 	6654 	6992 	8826 	9580 	 
0 	3922 	3954 	4241 	4736 	6208 	7516 	9187 	 
0 	169 	368 	898 	934 	3169 	3505 	3710 	4185 	4677 	6161 	8592 	9678 	9874 	 
0 	37 	4320 	4826 	5199 	5899 	7570 	7668 	9968 	 
0 	227 	1979 	1986 	2002 	3839 	3847 	6334 	7686 	8596 	9972 	 
0 	241 	957 	1563 	2082 	2749 	2957 	3447 	5347 	6123 	6339 	6561 	7396 	8007 	8933 	9295 	9347 	 
0 	1797 	4627 	4962 	5493 	5655 	6344 	6926 	7903 	8495 	9496 	 
0 	412 	501 	518 	2545 	2667 	2720 	3900 	5392 	6131 	6195 	9384 	9715 	 
0 	381 	1241 	2550 	2909 	2938 	3428 	6979 	7155 	8282 	8927 	9066 	9178 	9807 	 
0 	352 	755 	2991 	5865 	6582 	7655 	9393 	9581 	 
0 	1705 	2305 	2412 	4881 	8886 	8957 	 
0 	226 	290 	817 	836 	1257 	3616 	5208 	5390 	7943 	9096 	9695 	9761 	 
0 	1003 	1384 	3549 	5519 	5582 	6500 	8819 	9016 	9799 	9822 	 
0 	63 	541 	1556 	1797 	1951 	2280 	4957 	5204 	5407 	6301 	6330 	7078 	7407 	7443 	8562 	8859 	 
0 	1261 	2426 	3643 	5342 	6403 	6477 	6972 	8060 	8709 	 
0 	294 	1619 	2098 	2959 	3814 	4661 	7576 	9265 	9354 	9681 	 
0 	397 	1371 	1477 	2513 	2593 	2817 	2959 	3505 	4831 	6177 	8426 	9058 	9809 	 
0 	464 	649 	1946 	2263 	2552 	3325 	3728 	4650 	4832 	5420 	5844 	8007 	8358 	9296 	9624 	9962 	 
0 	1479 	1903 	2838 	3186 	4145 	4291 	4444 	4556 	6033 	6106 	6289 	6661 	7857 	9033 	 
0 	1966 	2732 	2919 	4221 	6594 	7558 	7741 	9799 	9947 	 
0 	522 	1497 	1878 	3048 	4620 	6042 	6146 	6715 	7518 	9329 	9977 	 
0 	584 	1429 	1587 	2259 	7529 	8175 	8738 	8824 	 
0 	254 	887 	1554 	2183 	2466 	2582 	3652 	5604 	7680 	8276 	9375 	 
0 	2472 	4000 	5044 	6144 	8310 	8762 	9983 	 
0 	2401 	4143 	4982 	5495 	5537 	6119 	6348 	6466 	7740 	8672 	9686 	 
0 	1776 	2400 	2942 	3510 	4917 	5757 	6466 	8078 	8671 	9954 	 
0 	82 	5865 	6676 	7312 	7742 	 
0 	247 	2087 	2172 	2576 	2578 	2789 	5920 	5949 	6007 	6081 	7910 	 
0 	1436 	2298 	3447 	5462 	5570 	6569 	8120 	8236 	8688 	9718 	9745 	 
0 	2579 	2617 	3298 	3689 	7053 	7136 	7207 	7809 	7863 	8743 	 
0 	356 	1069 	1092 	2371 	3021 	5387 	6281 	6903 	7827 	7856 	9240 	 
0 	993 	2995 	3091 	5195 	6333 	6582 	7275 	9295 	 
0 	1094 	1993 	2547 	3168 	4055 	6067 	6510 	7796 	8380 	8768 	9189 	9422 	 
0 	20 	983 	1657 	1700 	1791 	1988 	2297 	2410 	2483 	2966 	3265 	3307 	4030 	4152 	4546 	6280 	6340 	7185 	8229 	9426 	 
0 	730 	885 	1912 	2750 	6191 	6413 	7261 	8605 	9563 	 
0 	2130 	2204 	5183 	6257 	9728 	9923 	 
0 	1113 	1975 	4301 	4503 	5692 	6539 	7177 	7896 	8037 	8890 	9553 	9646 	 
0 	239 	456 	1008 	1720 	1724 	2400 	2730 	3958 	4131 	4480 	8139 	9885 	9948 	 
0 	1933 	2493 	2628 	3823 	8059 	8894 	9542 	 
0 	83 	3303 	3551 	4860 	6380 	6425 	6874 	9556 	 
0 	1653 	2675 	5650 	6727 	6769 	6938 	8812 	8860 	9565 	 
0 	1805 	2047 	2539 	2543 	3028 	6311 	6387 	6585 	6679 	6704 	8363 	 
0 	170 	1505 	3243 	5077 	6135 	6179 	6991 	7502 	8744 	9176 	9240 	9521 	9550 	9876 	 
0 	2903 	3442 	3458 	3958 	5616 	6281 	7815 	8129 	 
0 	542 	630 	3032 	4122 	6061 	6396 	8677 	8712 	9314 	9638 	9756 	9907 	 
0 	146 	237 	1514 	3697 	3726 	4872 	5040 	6308 	6437 	6710 	7256 	7322 	8431 	8615 	8705 	8852 	 
0 	820 	929 	1668 	2682 	2744 	3365 	3656 	4299 	6694 	6950 	7660 	8645 	8982 	9061 	9989 	 
0 	17 	584 	1286 	1304 	1763 	2227 	4409 	5046 	6011 	6087 	6254 	6876 	8004 	8273 	8346 	 
0 	1389 	1552 	3621 	4967 	6029 	8537 	8887 	 
0 	1368 	4285 	4912 	5370 	5386 	6860 	7694 	9999 	 
0 	396 	450 	1789 	2010 	2668 	3871 	4769 	4994 	6061 	6091 	7356 	8925 	9288 	9592 	 
0 	318 	863 	979 	1015 	2125 	2577 	2808 	2894 	5895 	7027 	 
0 	534 	1140 	1486 	1880 	2224 	2403 	5865 	6506 	7234 	 
0 	336 	956 	1190 	2562 	2636 	3158 	3416 	3758 	4042 	5954 	6882 	8799 	 
0 	572 	1260 	1352 	1939 	1941 	2083 	2500 	2774 	3534 	4372 	4563 	5646 	5856 	6783 	 
0 	4628 	5984 	7992 	9151 	9361 	 
0 	1527 	2131 	2646 	3031 	3073 	3648 	3833 	4816 	6781 	6910 	7657 	7756 	7968 	8045 	8052 	8510 	9716 	9970 	 
0 	404 	851 	2414 	2604 	3122 	4387 	5819 	8240 	8283 	8497 	8916 	9031 	 
0 	336 	831 	1209 	1241 	2034 	2538 	3247 	4704 	5516 	6490 	7808 	8102 	9390 	 
0 	749 	3965 	5626 	7165 	8921 	 
0 	312 	1070 	1790 	2170 	2193 	9340 	9490 	9520 	 
0 	186 	1709 	2052 	2627 	3515 	4120 	6234 	6298 	6391 	6495 	6686 	6723 	7562 	8160 	 
0 	1036 	1543 	2198 	2904 	3752 	5530 	6550 	7133 	7151 	8139 	8153 	9346 	 
0 	1646 	2109 	2194 	2521 	4418 	5737 	6724 	7554 	7937 	8713 	9694 	 
0 	316 	765 	1940 	3690 	4943 	6075 	8620 	 
0 	623 	1106 	1355 	1940 	3335 	6411 	 
0 	204 	259 	2064 	7492 	7930 	8553 	 
0 	1240 	2793 	2954 	3176 	3543 	4538 	4682 	5362 	6715 	8330 	8618 	9950 	 
0 	294 	840 	1569 	2082 	2474 	6242 	7321 	8163 	8556 	8889 	9838 	9995 	 
0 	59 	912 	942 	1005 	1326 	2637 	3916 	4751 	4968 	5921 	6761 	6988 	7624 	7687 	7959 	8253 	8672 	8709 	9810 	 
0 	474 	1787 	2148 	5228 	6576 	6960 	7011 	7189 	8769 	 
0 	155 	603 	1565 	2091 	3087 	3591 	3621 	4005 	5080 	5357 	9363 	 
0 	797 	1925 	1938 	2013 	2326 	3278 	4105 	5258 	5439 	5707 	5759 	6035 	9318 	9394 	9662 	 
0 	252 	1027 	2535 	8040 	8101 	8356 	8547 	8748 	 
0 	2179 	2771 	3245 	3256 	5929 	7647 	8113 	8339 	8939 	 
0 	85 	1419 	1433 	1807 	3121 	5446 	8895 	9127 	 
0 	773 	1751 	3121 	3417 	3799 	5100 	5610 	5783 	6849 	7479 	8109 	8172 	8382 	9128 	9404 	 
0 	661 	1323 	1486 	1529 	2289 	2403 	4766 	6167 	6342 	6714 	7057 	7231 	9125 	9163 	 
0 	158 	1944 	5993 	6298 	6669 	7503 	7726 	8618 	8837 	9126 	9339 	9851 	 
0 	861 	1201 	2546 	2978 	5186 	6096 	7942 	8362 	9226 	9301 	9881 	 
0 	470 	1408 	1694 	2417 	2584 	2733 	2916 	3331 	3766 	5098 	5355 	5446 	6235 	6322 	8152 	9526 	9628 	 
0 	1262 	4711 	8803 	8903 	9292 	 
0 	550 	6217 	7702 	 
0 	1536 	3345 	3678 	4069 	4221 	6195 	7491 	7590 	8038 	9233 	 
0 	2721 	3143 	4926 	6566 	7763 	7929 	8794 	9720 	 
0 	40 	1100 	1693 	2026 	2399 	3069 	3446 	4790 	4921 	6664 	 
0 	1266 	1347 	2127 	2261 	5333 	7150 	 
0 	626 	816 	1388 	1430 	1780 	4535 	4950 	6392 	8690 	 
0 	3883 	4454 	5492 	6101 	6354 	9141 	9437 	9957 	 
0 	117 	188 	1729 	2049 	2306 	4428 	4483 	4924 	5790 	7284 	9245 	9375 	 
0 	594 	1697 	1927 	2171 	2660 	3603 	3754 	3948 	5936 	6751 	7543 	 
0 	972 	2999 	3347 	3975 	5136 	6027 	6930 	7217 	7553 	8241 	8682 	9138 	9548 	9707 	 
0 	201 	2299 	2661 	5839 	6112 	6227 	6675 	7332 	8251 	8465 	 
0 	598 	1502 	1760 	3997 	6234 	7468 	8306 	9614 	 
0 	69 	2568 	2648 	3803 	4070 	4543 	4711 	4801 	7148 	7645 	7894 	8538 	8902 	 
0 	1267 	1667 	1780 	2145 	2517 	2992 	3563 	4376 	5765 	5863 	6978 	7614 	8015 	 
0 	137 	207 	473 	2735 	4208 	4249 	4975 	5314 	5355 	7132 	7866 	9388 	9532 	9708 	 
0 	1528 	3262 	3424 	3466 	4247 	5082 	5348 	6053 	6201 	6489 	8747 	9029 	9034 	 
0 	29 	3093 	3873 	4014 	5409 	5626 	6052 	6056 	6082 	6277 	6293 	7367 	9017 	 
0 	668 	2475 	3004 	3444 	4903 	5396 	5606 	7617 	8354 	8882 	9756 	 
0 	77 	1036 	1585 	1719 	2415 	3216 	7540 	7746 	8983 	9792 	 
0 	12 	866 	1468 	1768 	2089 	2584 	3296 	4291 	4354 	4862 	5969 	8620 	9105 	9372 	 
0 	635 	984 	1539 	2293 	2351 	2823 	4966 	8685 	9247 	 
0 	480 	924 	1064 	5000 	6133 	7775 	 
0 	1252 	1361 	4702 	6501 	7454 	8130 	9568 	 
0 	75 	974 	2861 	4469 	5217 	6545 	8477 	 
0 	1121 	1918 	2172 	3212 	4327 	5620 	6766 	6963 	8220 	8252 	9237 	 
0 	897 	1908 	2972 	3367 	3587 	3796 	7046 	8141 	8276 	9507 	9742 	 
0 	397 	1413 	1458 	2426 	4617 	4854 	4872 	6202 	8021 	 
0 	568 	577 	3718 	4904 	5232 	7142 	8076 	 
0 	739 	799 	2234 	2440 	3364 	3754 	4281 	8933 	9701 	9812 	 
0 	905 	2755 	4525 	5228 	5475 	6007 	8827 	 
0 	1482 	3128 	3881 	4331 	5132 	5569 	5731 	6073 	6157 	6187 	8037 	 
0 	680 	1192 	1817 	3781 	4049 	4094 	4370 	5438 	5580 	6281 	6874 	7447 	8309 	8470 	8517 	9127 	 
0 	735 	4102 	4511 	5059 	5398 	6142 	7160 	7263 	7917 	8372 	8908 	9021 	 
0 	179 	5186 	5297 	5443 	6142 	7418 	7445 	8063 	 
0 	1729 	2508 	2980 	4057 	5927 	6785 	6932 	6941 	8200 	8516 	9557 	 
0 	88 	304 	466 	830 	1891 	3252 	3785 	3975 	4310 	7259 	8624 	9552 	9876 	 
0 	2052 	5394 	6186 	9749 	 
0 	160 	584 	776 	2089 	4016 	4160 	4676 	5029 	5595 	8739 	 
0 	294 	829 	839 	1063 	1101 	2220 	2682 	5785 	8372 	8440 	8741 	8747 	8859 	9198 	 
0 	770 	1139 	2588 	3444 	3932 	5698 	7603 	8994 	 
0 	69 	248 	2627 	4386 	6348 	7629 	9009 	9499 	 
0 	203 	1806 	2071 	3601 	4630 	7004 	7156 	9729 	 
0 	804 	1916 	2761 	4275 	5175 	6190 	6235 	7333 	7502 	9361 	 
0 	1212 	1786 	1970 	2438 	2669 	3465 	4558 	9438 	9642 	 
0 	10 	2686 	3544 	3879 	5992 	7204 	7471 	8320 	9092 	9246 	9562 	 
0 	2997 	3691 	6826 	7225 	7342 	8182 	8275 	 
0 	246 	475 	617 	2045 	2607 	3308 	4506 	4934 	5084 	6015 	6555 	7354 	7597 	7869 	7974 	9058 	 
0 	3826 	4259 	4697 	7552 	 
0 	878 	2268 	2410 	4238 	7694 	7847 	8266 	8603 	9875 	9944 	 
0 	2967 	3038 	3231 	5008 	7582 	8262 	8350 	 
0 	1061 	1116 	2212 	2275 	2773 	4966 	4996 	5096 	5153 	 
0 	697 	1495 	1752 	3578 	4471 	4839 	5822 	5900 	9377 	 
0 	1472 	2015 	4574 	6663 	7549 	8106 	8349 	8387 	8474 	9461 	 
0 	145 	1680 	1768 	2379 	2628 	4197 	6558 	6931 	8693 	8953 	8962 	 
0 	3773 	3930 	5161 	5332 	8253 	9334 	9566 	 
0 	503 	629 	2396 	4295 	5481 	5533 	6208 	6374 	7623 	9051 	9737 	 
0 	6 	618 	1141 	1195 	2641 	4661 	6259 	6423 	7088 	7802 	7881 	8183 	8248 	8299 	8385 	8548 	8930 	 
0 	833 	1159 	3010 	3540 	3955 	4687 	6836 	7559 	7787 	8085 	8155 	8579 	9082 	 
0 	274 	396 	483 	743 	1439 	1924 	4618 	6679 	7492 	8883 	 
0 	2569 	2807 	2887 	3026 	4475 	5062 	5373 	5973 	6258 	6261 	6265 	6797 	7316 	8504 	9764 	 
0 	846 	1078 	1916 	2564 	2896 	4216 	7877 	8478 	8878 	 
0 	464 	925 	2583 	2762 	3298 	7070 	9261 	 
0 	2879 	3058 	5675 	5898 	5946 	6127 	7020 	7889 	7906 	8974 	 
0 	1100 	3057 	3346 	8829 	 
0 	1435 	1920 	2007 	7010 	7446 	7882 	 
0 	3359 	3881 	4003 	5660 	6106 	7478 	8406 	9015 	9261 	9544 	 
0 	1801 	1852 	2347 	3430 	4941 	6996 	7415 	7702 	9170 	9271 	9348 	9458 	 
0 	1382 	1516 	2454 	5114 	5918 	7096 	7567 	7780 	 
0 	136 	140 	2822 	2934 	4084 	4092 	5243 	6996 	8506 	9254 	 
0 	2648 	3639 	6182 	6853 	9575 	 
0 	305 	952 	1341 	2191 	2480 	3768 	4020 	4170 	4984 	5331 	6384 	6677 	8867 	9272 	 
0 	1624 	2996 	3772 	4874 	5158 	6042 	7976 	8848 	9476 	 
0 	84 	852 	1349 	1659 	3875 	5361 	5952 	7050 	7298 	7620 	9677 	 
0 	710 	1095 	2312 	3081 	3181 	4522 	4949 	5647 	 
0 	733 	1134 	1718 	2487 	3250 	4437 	4485 	6880 	8844 	8941 	9458 	 
0 	677 	956 	1155 	1767 	2206 	3814 	4236 	4587 	7733 	9640 	 
0 	32 	520 	1859 	3805 	4382 	5021 	5180 	5248 	5721 	6543 	7592 	8692 	 
0 	2355 	3178 	3802 	3900 	5145 	5458 	5725 	7918 	 
0 	252 	253 	308 	2695 	3144 	5347 	6256 	8536 	9440 	9508 	 
0 	536 	614 	2699 	3215 	3412 	3647 	6452 	6656 	6693 	6935 	7581 	7623 	8555 	8766 	 
0 	374 	739 	2094 	2762 	3464 	3670 	6010 	6734 	 
0 	1499 	2001 	2090 	4255 	4316 	4662 	7148 	8684 	8738 	9587 	9971 	 
0 	196 	284 	477 	1014 	1723 	2030 	3830 	6201 	6817 	6878 	8258 	8350 	 
0 	695 	1802 	2628 	2998 	5899 	7010 	8266 	9596 	9888 	 
0 	1591 	1622 	1792 	3021 	4140 	5073 	5129 	5527 	7599 	8071 	9666 	 
0 	4051 	4057 	4206 	6015 	8159 	8916 	 
0 	234 	690 	2530 	3160 	3565 	7371 	 
0 	846 	2247 	2783 	3191 	3252 	4476 	7094 	7307 	7970 	9632 	9661 	 
0 	4426 	4629 	5684 	6295 	6673 	8053 	8770 	8992 	9428 	 
0 	599 	1587 	1591 	1984 	4310 	4414 	9855 	 
0 	89 	1506 	2447 	3352 	4086 	6587 	7010 	8335 	8559 	8814 	9909 	 
0 	2420 	3665 	3734 	3986 	5760 	5935 	6200 	6605 	7071 	8036 	8131 	9546 	 
0 	2444 	2833 	4198 	6475 	7688 	 
0 	1460 	1793 	2174 	3288 	3487 	4392 	7479 	7909 	 
0 	443 	1510 	2002 	2154 	2518 	4177 	4788 	5462 	5736 	6964 	7293 	8564 	9129 	9306 	9379 	 
0 	1676 	2411 	4847 	6048 	7135 	7998 	8307 	8682 	9338 	9753 	 
0 	928 	2024 	3239 	3585 	3919 	5050 	5075 	6312 	9752 	 
0 	273 	1753 	1883 	1973 	2892 	3422 	5358 	6565 	7546 	7878 	8607 	9444 	 
0 	570 	1324 	1734 	2118 	6129 	9888 	 
0 	1135 	1462 	2245 	3046 	3066 	3545 	3718 	3803 	3990 	4561 	5206 	6490 	8001 	8029 	9298 	 
0 	1770 	2331 	2467 	2736 	3443 	4523 	5261 	5864 	6304 	7208 	7707 	 
0 	2168 	4219 	5066 	5279 	5438 	5657 	7790 	8454 	9133 	9338 	 
0 	1957 	2078 	3034 	3508 	4262 	5054 	6449 	7491 	 
0 	707 	773 	1112 	1261 	1554 	1689 	2937 	2970 	3061 	3194 	3384 	4733 	5792 	8659 	 
0 	185 	421 	549 	1332 	1927 	5934 	6866 	7417 	7512 	9568 	9757 	9852 	 
0 	720 	1793 	2170 	2488 	2616 	3190 	3489 	7208 	7885 	8421 	9156 	9482 	 
0 	2726 	3784 	4149 	5063 	5284 	5460 	6448 	7173 	7241 	8101 	8284 	9459 	 
0 	852 	2235 	2927 	2931 	3125 	4776 	6873 	7426 	9418 	 
0 	508 	2417 	3890 	4784 	4896 	5489 	7332 	7621 	7850 	8333 	9080 	9092 	9467 	9616 	 
0 	1076 	1637 	1903 	2456 	2638 	4599 	4996 	5804 	9498 	9632 	 
0 	956 	2303 	2911 	5314 	6007 	6433 	7825 	8212 	8419 	9498 	 
0 	132 	1316 	4109 	4271 	7800 	8063 	 
0 	843 	2062 	2333 	2375 	3406 	3578 	3735 	4214 	4461 	4579 	5399 	6411 	6475 	6563 	7136 	7401 	7651 	7848 	8142 	 
0 	716 	2003 	2451 	3487 	3857 	3959 	6003 	8709 	9139 	 
0 	727 	3395 	6745 	7946 	8134 	9176 	9293 	9652 	 
0 	1221 	3331 	3413 	4068 	5253 	5692 	5825 	8512 	8954 	9152 	9490 	 
0 	708 	2392 	2823 	4537 	5422 	5445 	5451 	6237 	6456 	6512 	7353 	8564 	9659 	9968 	 
0 	2245 	6768 	7269 	9410 	 
0 	2393 	3219 	3906 	4352 	4459 	4525 	5567 	6208 	6910 	7172 	7491 	9448 	9455 	 
0 	1349 	3164 	3423 	4463 	4687 	4718 	5838 	8132 	8877 	9774 	 
0 	239 	621 	659 	3093 	3583 	5722 	6142 	6246 	6378 	7031 	7569 	7776 	7957 	 
0 	898 	917 	2465 	4934 	7648 	8624 	8911 	9270 	 
0 	773 	1504 	2884 	5198 	6047 	6224 	6599 	6620 	7755 	8446 	8556 	8686 	8697 	9200 	9962 	 
0 	67 	1484 	1743 	3292 	3703 	4072 	4169 	6472 	7006 	7732 	8239 	8511 	8607 	 
0 	856 	1120 	2178 	2907 	3887 	4893 	6316 	6550 	7281 	8504 	8987 	 
0 	1393 	1647 	2972 	3027 	4922 	5211 	5814 	8905 	 
0 	108 	467 	4017 	4990 	5363 	6433 	6628 	7542 	8092 	9397 	 
0 	1928 	2743 	4797 	5502 	5634 	6477 	6684 	9464 	9481 	9485 	 
0 	508 	909 	1781 	3479 	3496 	4123 	6265 	6302 	6870 	6979 	8426 	 
0 	174 	4396 	5326 	5450 	6902 	7274 	9193 	9197 	9580 	 
0 	3093 	3855 	4694 	5342 	7770 	8134 	 
0 	2197 	2399 	2449 	5548 	6495 	6658 	7421 	7546 	8170 	8808 	9432 	 
0 	2109 	4647 	7385 	9750 	 
0 	2673 	4932 	5076 	6345 	6456 	6820 	6835 	7789 	9065 	 
0 	536 	1372 	2091 	3503 	3518 	4190 	6342 	6345 	6584 	8240 	 
0 	275 	991 	1358 	1657 	2780 	3995 	4516 	4601 	5458 	6645 	8120 	8320 	 
0 	877 	1307 	1434 	1477 	2382 	3082 	4287 	5063 	5642 	8676 	 
0 	256 	3835 	3838 	4280 	4574 	5362 	5793 	7038 	7233 	9954 	 
0 	27 	3397 	3936 	5147 	5816 	6242 	6790 	8048 	9253 	 
0 	695 	3423 	3586 	4321 	6486 	8173 	8316 	8385 	9198 	9499 	9734 	 
0 	531 	1921 	2493 	2880 	2928 	3148 	3343 	3746 	3851 	5394 	5710 	6530 	8619 	9202 	9360 	 
0 	171 	478 	933 	1067 	2305 	4143 	6060 	7175 	 
0 	1713 	1843 	1978 	2021 	7663 	8052 	8655 	 
0 	506 	731 	1969 	2254 	4987 	5707 	8222 	8253 	8938 	9344 	 
0 	298 	1158 	1371 	2128 	2284 	3185 	3285 	3493 	5198 	5402 	8415 	9407 	 
0 	1411 	1609 	1863 	2189 	2525 	3178 	3620 	4791 	5790 	5863 	6788 	7372 	8088 	8389 	8434 	 
0 	957 	1190 	1994 	2991 	3594 	4552 	5107 	6013 	6114 	7515 	9416 	9417 	9437 	9626 	 
0 	1438 	2604 	3150 	5798 	8375 	8744 	9297 	 
0 	369 	652 	655 	984 	1397 	3016 	3431 	4108 	4774 	6018 	6408 	7014 	9400 	9660 	9981 	 
0 	1014 	1514 	1558 	1617 	2155 	2558 	5495 	5730 	7324 	 
0 	1039 	1681 	5349 	6047 	6401 	7847 	 
0 	1623 	2017 	2380 	2885 	4514 	4755 	5362 	6411 	6795 	8895 	8995 	 
0 	1448 	3453 	4595 	4751 	5095 	5303 	5547 	7701 	8032 	8075 	9392 	 
0 	857 	1059 	1533 	2194 	2438 	5846 	6534 	8499 	 
0 	54 	1091 	2028 	3547 	4280 	5362 	5472 	6071 	7761 	7840 	7913 	 
0 	2072 	5244 	5263 	5523 	5878 	7489 	9040 	 
0 	20 	117 	1564 	2114 	2224 	3161 	4338 	4950 	5010 	5299 	5325 	5424 	8204 	8319 	9100 	9454 	 
0 	919 	1281 	2492 	2624 	2855 	4146 	5232 	5529 	6581 	6820 	7841 	8486 	9594 	9912 	 
0 	294 	4241 	8626 	8709 	 
0 	2947 	3546 	3823 	4311 	4996 	5617 	7223 	8230 	 
0 	516 	1384 	1930 	2099 	2115 	3314 	3639 	4820 	6591 	7461 	8329 	8785 	9131 	 
0 	3247 	3301 	3654 	4434 	6991 	7841 	8394 	8451 	8992 	9246 	 
0 	1205 	1992 	5818 	6424 	6664 	7238 	7245 	7490 	7742 	8818 	 
0 	1961 	2401 	3020 	3221 	3239 	3539 	4573 	6571 	6937 	7003 	9055 	9081 	 
0 	1251 	1384 	1767 	1954 	4082 	6882 	7879 	7898 	9067 	 
0 	176 	1308 	1678 	2043 	3921 	4547 	4659 	4846 	5656 	6015 	8888 	9279 	9828 	 
0 	48 	1694 	2734 	3375 	3450 	3701 	7205 	9231 	 
0 	450 	2567 	4142 	 
0 	1112 	2462 	2861 	4058 	4652 	5016 	5780 	6990 	7048 	7118 	 
0 	268 	707 	748 	860 	1429 	1948 	3908 	4660 	5650 	7189 	8702 	9129 	9825 	 
0 	1028 	1884 	2863 	4401 	5272 	6731 	7953 	7994 	8204 	8635 	 
0 	1245 	1633 	2129 	2901 	4767 	5196 	7735 	8101 	 
0 	1062 	2836 	2963 	4837 	6285 	8018 	 
0 	104 	168 	2275 	3102 	4051 	4847 	4923 	5074 	5107 	7694 	 
0 	55 	1418 	2042 	2873 	5286 	5728 	5781 	6326 	9226 	9957 	 
0 	3099 	5373 	6588 	 
0 	724 	2013 	2865 	3914 	6475 	9834 	 
0 	269 	4154 	4626 	6205 	7707 	8872 	 
0 	294 	645 	1643 	1781 	2495 	4679 	5573 	7985 	9535 	 
0 	125 	483 	494 	1122 	3789 	4408 	5966 	7027 	7085 	7252 	7689 	7790 	8076 	 
0 	1375 	1772 	4527 	5018 	6075 	6239 	8074 	8441 	 
0 	833 	2829 	3178 	4109 	5477 	6629 	7692 	8928 	9587 	 
0 	378 	1351 	1726 	2285 	2829 	3944 	3995 	4123 	6900 	7276 	7422 	8095 	9094 	 
0 	2296 	4613 	5407 	6816 	7597 	8047 	8100 	9678 	 
0 	1427 	1443 	4247 	6253 	6524 	7563 	9814 	9997 	 
0 	1675 	2719 	2991 	5914 	7048 	7099 	7359 	8587 	9318 	9351 	 
0 	566 	1311 	2310 	4042 	4738 	5054 	5220 	5429 	6894 	7162 	7538 	8247 	9122 	9317 	9642 	 
0 	1835 	3368 	3665 	4328 	6188 	6353 	7197 	7914 	8758 	8924 	 
0 	713 	1738 	3222 	4347 	4651 	6257 	7161 	8423 	8904 	 
0 	76 	669 	713 	1702 	2432 	6600 	8269 	 
0 	1005 	1124 	3511 	4418 	5000 	7833 	8645 	 
0 	397 	453 	1083 	1472 	2256 	2649 	4455 	4741 	5293 	5555 	6289 	6349 	7354 	7413 	9601 	 
0 	425 	2124 	2624 	2664 	4142 	4832 	5195 	5253 	6397 	6915 	7336 	7548 	8398 	8468 	8976 	 
0 	1422 	2417 	2546 	2746 	3454 	5201 	5866 	6680 	7762 	8345 	9432 	9741 	9772 	 
0 	2743 	3856 	6374 	6385 	6909 	7184 	7589 	8134 	8435 	 
0 	2621 	3515 	3926 	3970 	5361 	6091 	7644 	7678 	7744 	 
0 	3235 	4049 	4189 	4357 	4622 	5433 	7756 	8249 	8761 	9447 	 
0 	315 	2038 	2280 	2757 	3131 	3968 	5097 	5726 	6185 	8048 	9070 	9447 	 
0 	291 	583 	728 	1069 	3179 	3596 	4241 	5204 	8131 	8441 	 
0 	820 	3505 	5097 	6268 	6652 	6800 	7616 	8721 	 
0 	84 	1421 	2757 	3278 	3560 	3854 	4342 	4960 	6211 	6747 	6751 	7253 	7456 	7902 	8539 	 
0 	124 	737 	3957 	4113 	4233 	4434 	5569 	5781 	6514 	7122 	8474 	9351 	9467 	 
0 	488 	543 	1256 	1825 	3629 	4561 	4666 	5941 	6802 	6964 	7847 	8177 	8252 	9186 	 
0 	116 	950 	2582 	6551 	7864 	8437 	9009 	 
0 	608 	1801 	3684 	4829 	4996 	5965 	7322 	8326 	9574 	 
0 	387 	1412 	2118 	3845 	5487 	5988 	9850 	 
0 	1442 	1488 	1764 	5646 	6895 	6914 	7013 	7066 	7449 	8004 	8494 	9227 	9233 	 
0 	1862 	3312 	3816 	4693 	6034 	9128 	 
0 	1027 	1139 	3681 	3770 	4392 	4949 	7333 	8179 	8568 	9110 	9831 	 
0 	1641 	5453 	6132 	7808 	8035 	8634 	9992 	 
0 	1071 	2802 	3355 	6530 	7915 	8463 	8600 	8765 	 
0 	2665 	2853 	3591 	4036 	4202 	4959 	 
0 	204 	786 	1075 	1281 	1938 	3229 	3315 	4672 	7154 	9275 	 
0 	256 	319 	2216 	2313 	2395 	2442 	2761 	6539 	6996 	8065 	8342 	8843 	9502 	 
0 	740 	3165 	3666 	5908 	7713 	8243 	8263 	8418 	9112 	 
0 	143 	1522 	2645 	3210 	3289 	3651 	5120 	5275 	5838 	6233 	7303 	7697 	8035 	8392 	9055 	 
0 	134 	6016 	6080 	8413 	9198 	 
0 	1251 	1486 	2063 	2607 	4939 	6504 	6928 	7313 	7559 	9002 	 
0 	521 	697 	3501 	4003 	4986 	5332 	5366 	6169 	9681 	9918 	 
0 	97 	2677 	3446 	5781 	5787 	5892 	7411 	8322 	8952 	9317 	9333 	 
0 	307 	630 	1460 	2522 	2803 	4010 	4084 	4723 	4829 	5178 	7699 	8419 	8526 	8679 	9411 	9783 	 
0 	1163 	2194 	2881 	3387 	3775 	3847 	4672 	5157 	5182 	7109 	7782 	8493 	 
0 	576 	1172 	3284 	3442 	4586 	5266 	6067 	6369 	6424 	7413 	9065 	9417 	 
0 	425 	767 	2502 	2504 	3414 	4063 	4655 	5488 	6808 	8756 	9362 	 
0 	590 	1156 	2231 	7275 	9394 	 
0 	1201 	1461 	2472 	2673 	2773 	4839 	6303 	8520 	9952 	 
0 	1546 	2928 	3460 	8398 	9629 	9683 	9706 	9988 	 
0 	739 	1222 	2156 	2909 	3779 	5976 	6417 	9377 	 
0 	2082 	3831 	4599 	4726 	5414 	6076 	6088 	6103 	6833 	7770 	8248 	9272 	9371 	 
0 	1307 	3485 	6717 	9105 	9174 	 
0 	836 	1566 	1780 	2160 	2485 	2613 	3905 	4342 	4799 	5253 	5305 	5474 	6626 	6663 	7657 	8218 	8503 	8917 	9355 	 
0 	939 	2716 	3699 	4137 	4718 	5126 	6656 	8705 	9121 	9525 	9863 	 
0 	489 	648 	3171 	3354 	4278 	5722 	6556 	6592 	6759 	7482 	8698 	8715 	9789 	 
0 	621 	1404 	1476 	2831 	4327 	5978 	6892 	7680 	 
0 	617 	1446 	2093 	2845 	4311 	6789 	6897 	7742 	8688 	 
0 	695 	808 	2673 	3094 	4377 	5584 	6179 	6242 	6818 	7567 	7833 	8018 	8136 	9749 	 
0 	457 	714 	960 	3803 	4025 	7108 	9042 	 
0 	649 	826 	1357 	1837 	2148 	2447 	5036 	5240 	5868 	6247 	6526 	8871 	 
0 	81 	1908 	3070 	3155 	3181 	4177 	4602 	5230 	7601 	7645 	 
0 	182 	1010 	2727 	3519 	5386 	5556 	7128 	7583 	9360 	 
0 	476 	787 	1485 	1750 	3121 	4131 	4338 	4379 	4381 	5639 	8067 	8454 	8988 	9151 	9548 	9551 	 
0 	160 	1994 	3012 	4220 	4538 	4736 	7369 	9637 	 
0 	654 	962 	988 	1309 	1635 	3177 	3955 	4368 	4403 	5685 	5949 	 
0 	299 	366 	2149 	2591 	3557 	4100 	5063 	5144 	5551 	6108 	8696 	8857 	8859 	9072 	9139 	 
0 	401 	706 	1256 	1334 	1450 	1737 	2732 	2829 	3201 	5877 	7195 	7298 	7915 	8765 	8886 	 
0 	1052 	2524 	3264 	4440 	6454 	7449 	8330 	8721 	9183 	9359 	9649 	9798 	9836 	 
0 	909 	1695 	1756 	3658 	4281 	5772 	6662 	6956 	8318 	8359 	 
0 	1140 	1453 	2074 	2953 	4137 	4265 	7078 	7181 	7515 	8228 	8695 	9226 	9983 	 
0 	2751 	2844 	2875 	4250 	4784 	7704 	8682 	8686 	 
0 	199 	1639 	3574 	4370 	5711 	5819 	5899 	6063 	7009 	8456 	8704 	 
0 	128 	266 	267 	517 	1638 	3599 	8539 	8757 	 
0 	223 	458 	5354 	5627 	5770 	6077 	6625 	7575 	8239 	8312 	9505 	9823 	 
0 	927 	1049 	2962 	5045 	7059 	7324 	9004 	9057 	9794 	 
0 	1882 	1999 	2286 	2518 	3899 	3983 	4395 	7729 	8220 	8540 	 
0 	49 	633 	776 	1220 	1737 	3787 	4102 	4253 	4257 	4735 	6439 	6502 	6928 	 
0 	420 	649 	945 	2586 	2955 	3946 	4915 	8776 	8894 	9041 	9683 	 
0 	392 	1458 	4635 	4856 	5638 	5817 	6527 	8072 	8229 	8706 	8803 	9146 	9608 	 
0 	714 	1148 	2168 	4865 	7374 	8010 	8263 	 
0 	2171 	3804 	4179 	4340 	4486 	7078 	7778 	9108 	 
0 	1849 	2129 	2233 	3163 	6637 	8098 	9818 	 
0 	259 	1388 	1809 	2265 	2639 	3469 	5502 	7220 	7439 	8299 	8415 	8590 	9284 	9725 	 
0 	14 	1292 	2212 	3947 	4239 	8222 	8617 	9059 	 
0 	747 	1935 	3167 	4171 	5126 	5530 	6368 	8129 	9122 	9356 	 
0 	161 	1192 	1439 	5610 	7965 	9403 	 
0 	618 	1378 	2679 	3578 	5986 	7024 	9762 	 
0 	561 	705 	736 	2216 	2426 	3415 	4793 	5448 	6191 	6496 	8407 	9258 	 
0 	1380 	2023 	2089 	3713 	4011 	4239 	6524 	7385 	8027 	 
0 	1275 	2269 	2327 	4590 	5265 	6061 	6896 	7790 	8049 	8945 	 
0 	340 	2480 	2982 	4909 	5874 	6786 	8526 	8777 	8863 	8963 	9280 	 
0 	394 	1005 	2312 	3852 	5699 	6659 	6715 	6790 	7599 	9689 	 
0 	215 	234 	898 	2003 	4469 	4643 	5049 	5597 	5601 	8086 	8899 	 
0 	184 	496 	1931 	2501 	3253 	4622 	5106 	7291 	7739 	7819 	9395 	9752 	9831 	 
0 	2924 	4102 	5537 	5803 	6174 	7482 	9126 	 
0 	1274 	1721 	2077 	5705 	7608 	8491 	8740 	 
0 	58 	159 	3109 	4963 	5246 	6474 	7228 	8892 	8950 	 
0 	3278 	6606 	8456 	8987 	9276 	9541 	 
0 	789 	1414 	2465 	3677 	4214 	6117 	6787 	7777 	8762 	9888 	 
0 	790 	2612 	2650 	3668 	4333 	4657 	5901 	6389 	9695 	 
0 	205 	732 	1039 	5018 	7081 	9249 	9738 	 
0 	301 	3062 	3327 	6396 	6932 	8012 	9352 	 
0 	345 	558 	1132 	1217 	2099 	3169 	4058 	4274 	6081 	8669 	9534 	 
0 	1806 	2264 	2363 	2448 	3134 	3472 	3658 	4166 	7367 	7447 	8396 	8538 	8732 	9443 	 
0 	267 	342 	794 	852 	944 	1604 	3186 	6409 	7893 	8479 	 
0 	1188 	1756 	1846 	4916 	5859 	7337 	8501 	9049 	 
0 	1372 	2447 	5035 	6015 	6045 	6611 	8447 	8564 	9278 	 
0 	2043 	3132 	3730 	4125 	5777 	6712 	7372 	7644 	7969 	9278 	9354 	 
0 	309 	2952 	3897 	5547 	5815 	5882 	7082 	7152 	8006 	8712 	9239 	 
0 	2191 	6174 	7499 	 
0 	593 	1223 	1524 	1624 	2612 	3473 	3931 	4436 	7264 	8356 	8885 	 
0 	1011 	1342 	1476 	2029 	2328 	5396 	6006 	6592 	8827 	 
0 	147 	2051 	4289 	4674 	5216 	5581 	6786 	7448 	8581 	9082 	 
0 	488 	700 	1316 	1925 	4494 	5817 	6172 	6791 	8519 	9995 	 
0 	784 	1034 	1518 	2663 	3093 	3281 	4081 	5193 	5430 	5538 	6173 	9045 	9507 	 
0 	1402 	3502 	3677 	5579 	5880 	7548 	8237 	8326 	8343 	8702 	9511 	 
0 	92 	504 	1527 	2805 	2949 	4432 	4589 	5776 	6239 	6372 	9083 	 
0 	1516 	4354 	7061 	9504 	9954 	 
0 	535 	2216 	3599 	4155 	4723 	4889 	5044 	6341 	8156 	8454 	9220 	 
0 	833 	2425 	3160 	3990 	4657 	7154 	7631 	7995 	 
0 	719 	1673 	2446 	3133 	3774 	7422 	7616 	7996 	8210 	9793 	 
0 	1557 	2668 	2712 	3533 	3567 	3608 	5252 	5261 	5421 	6295 	6430 	6856 	7531 	7894 	8371 	 
0 	58 	2215 	3539 	3692 	4071 	4126 	4184 	4221 	6993 	8531 	8857 	9263 	9325 	9841 	 
0 	139 	703 	993 	2509 	2587 	3021 	6519 	8801 	 
0 	435 	1361 	1397 	2069 	2615 	2882 	5151 	6205 	6572 	8687 	8888 	 
0 	108 	9824 	 
0 	335 	1914 	2064 	2281 	2472 	6326 	8634 	8898 	9670 	9923 	 
0 	1122 	1524 	1674 	2165 	3223 	5953 	7090 	9138 	9278 	 
0 	1367 	2472 	4377 	5662 	6914 	7982 	8299 	8517 	9175 	9643 	 
0 	965 	1090 	2447 	3611 	4039 	5031 	5216 	5619 	6882 	8264 	9922 	 
0 	1220 	3701 	4055 	4191 	5943 	7022 	7264 	7613 	9210 	 
0 	1341 	1681 	1873 	2542 	2897 	4929 	7017 	 
0 	864 	1418 	1522 	1529 	2179 	2593 	3910 	4376 	5950 	6303 	6489 	7148 	7361 	 
0 	1590 	2178 	7701 	7813 	7852 	8121 	8484 	9413 	 
0 	211 	2588 	3006 	3328 	3442 	4366 	5331 	5791 	7273 	8440 	9012 	9229 	 
0 	1181 	2593 	2937 	3134 	3966 	4753 	7217 	7928 	8107 	8563 	 
0 	1856 	1863 	2836 	2843 	3071 	4433 	6411 	6572 	6981 	7767 	8696 	 
0 	182 	3311 	3740 	4749 	6118 	6545 	6983 	7921 	9328 	9329 	9542 	 
0 	429 	2024 	3984 	7156 	7550 	7693 	8062 	8113 	8398 	8563 	9250 	9477 	 
0 	197 	319 	873 	2375 	3609 	4605 	5744 	6309 	7765 	 
0 	108 	278 	2087 	4303 	4809 	7114 	9833 	 
0 	1196 	3162 	5792 	6431 	6721 	7150 	8518 	9490 	9703 	9996 	 
0 	45 	48 	4616 	4633 	7585 	8027 	9511 	 
0 	102 	227 	4043 	4063 	8290 	8843 	8873 	 
0 	3789 	5897 	8033 	8041 	9288 	9604 	9700 	9743 	 
0 	413 	1090 	2247 	4005 	4907 	5054 	8868 	9250 	 
0 	1023 	1827 	2546 	4655 	5097 	6801 	6834 	7107 	 
0 	1865 	3115 	3322 	4954 	5111 	8041 	8225 	9817 	9827 	 
0 	5489 	6081 	6186 	6984 	7696 	9198 	9206 	 
0 	1056 	1421 	2026 	2050 	4196 	8627 	8758 	8932 	9238 	 
0 	1482 	1685 	1706 	1882 	3746 	3797 	4366 	5358 	5704 	7526 	8756 	8990 	9533 	9971 	 
0 	586 	1287 	1360 	3204 	4697 	5868 	6155 	7660 	7801 	8862 	8925 	9184 	 
0 	1268 	1766 	3795 	4319 	5569 	5604 	8342 	8834 	9787 	 
0 	291 	931 	2087 	2541 	4640 	5133 	5632 	6712 	6878 	8191 	9664 	 
0 	386 	937 	3008 	3318 	3865 	4093 	5632 	6895 	8373 	9259 	 
0 	173 	484 	1451 	4157 	4386 	5202 	6562 	7430 	7568 	7722 	8318 	 
0 	2809 	4505 	5195 	5793 	6323 	 
0 	155 	1142 	2108 	2398 	2882 	2983 	3797 	3836 	4091 	4733 	5263 	7296 	7309 	8998 	9240 	9333 	9966 	 
0 	155 	1585 	2790 	3547 	3757 	8403 	9952 	 
0 	1179 	2641 	3032 	3829 	5052 	5235 	5254 	8027 	8200 	 
0 	540 	627 	819 	946 	1906 	3492 	4315 	5705 	6934 	7451 	8261 	9896 	 
0 	150 	1018 	2000 	2938 	3528 	3533 	3668 	4179 	6685 	6847 	7879 	9666 	 
0 	4445 	5324 	6155 	6522 	8183 	 
0 	947 	2559 	2766 	5182 	5532 	6854 	8421 	 
0 	285 	2084 	3029 	4279 	6069 	6610 	7603 	 
0 	1884 	5845 	6573 	8306 	 
0 	436 	1662 	1722 	2012 	2711 	4807 	6130 	6952 	8585 	9203 	 
0 	3 	643 	1388 	3101 	3123 	3467 	3869 	5178 	6093 	8530 	8689 	8993 	9010 	9448 	 
0 	1571 	2647 	2911 	3395 	3622 	3920 	5008 	5835 	6445 	6937 	7371 	8401 	 
0 	938 	945 	1236 	1247 	1809 	2776 	4379 	4775 	6807 	9557 	9748 	 
0 	1188 	2704 	3277 	5250 	7175 	7274 	 
0 	71 	978 	1591 	1766 	1784 	1811 	3594 	3762 	3774 	4857 	5334 	5741 	5981 	6377 	6609 	6663 	7462 	7729 	7748 	7833 	8305 	8743 	8949 	9259 	 
0 	1175 	2230 	2904 	5812 	5888 	6285 	6565 	6768 	7235 	8430 	9237 	 
0 	1786 	3664 	4537 	6634 	6889 	9519 	 
0 	300 	1792 	4866 	5047 	6576 	7595 	 
0 	266 	1748 	3453 	4315 	5365 	6496 	6557 	6847 	7217 	8089 	8959 	9259 	 
0 	52 	1361 	1662 	1905 	3666 	4000 	4041 	4664 	5370 	7386 	7910 	8118 	8656 	 
0 	582 	1579 	2693 	2754 	2761 	2979 	5329 	5666 	6267 	6748 	8487 	8807 	9547 	 
0 	386 	633 	725 	1491 	2543 	3829 	4169 	4181 	4945 	6051 	7590 	8407 	8599 	9855 	 
0 	349 	807 	868 	2341 	2638 	3992 	4017 	4219 	8374 	 
0 	159 	345 	4954 	6149 	7416 	7527 	8572 	9110 	9247 	9451 	9729 	 
0 	180 	749 	1236 	1837 	2580 	2641 	4827 	4967 	4986 	6425 	6716 	6862 	 
0 	869 	1131 	1263 	1444 	3602 	5380 	6693 	6757 	 
0 	826 	1049 	1572 	1732 	3503 	5766 	5896 	7375 	8514 	9729 	 
0 	62 	817 	1163 	1524 	2860 	3170 	3760 	4881 	5121 	5514 	6333 	7204 	7229 	8699 	 
0 	635 	1162 	2633 	2818 	3778 	6502 	8260 	8767 	 
0 	832 	1249 	3047 	4687 	6024 	6103 	7019 	7381 	9056 	9630 	 
0 	1634 	2230 	4510 	5309 	6478 	6786 	7129 	7557 	 
0 	62 	311 	1190 	1299 	5893 	9241 	9242 	9534 	 
0 	763 	788 	2996 	3221 	3287 	6542 	7349 	7868 	9172 	9271 	9746 	 
0 	646 	2680 	2905 	5457 	6070 	6103 	6694 	7660 	8810 	 
0 	1086 	2575 	4705 	4982 	5089 	5360 	5696 	5818 	8396 	9526 	 
0 	557 	1657 	3093 	3633 	6833 	7825 	8842 	9026 	9345 	 
0 	390 	559 	2627 	2776 	2965 	5657 	5776 	6553 	6988 	8460 	8541 	 
0 	78 	1459 	1896 	2757 	3718 	4376 	5358 	5591 	6047 	6416 	6506 	6967 	7809 	9427 	 
0 	1150 	1321 	1932 	2162 	3453 	8054 	8078 	8190 	9383 	 
0 	342 	1841 	2918 	4832 	5266 	5351 	5495 	7583 	8209 	8271 	8491 	 
0 	682 	1068 	1948 	3368 	3972 	4627 	5249 	5285 	5344 	5964 	6237 	6488 	6604 	7642 	8571 	9157 	9424 	9677 	9910 	 
0 	283 	2628 	3099 	4166 	4271 	4421 	5341 	5500 	6098 	6845 	6913 	7319 	7698 	8654 	9210 	 
0 	231 	505 	837 	1448 	2406 	3398 	3944 	5125 	6395 	8000 	 
0 	1242 	1685 	2480 	3556 	4141 	4632 	5190 	5806 	6416 	7647 	 
0 	512 	641 	1995 	2716 	9425 	9452 	9698 	 
0 	764 	791 	2039 	3839 	4007 	4098 	4102 	4107 	4377 	4902 	5041 	5623 	6664 	7194 	7915 	7944 	 
0 	827 	4967 	5386 	5634 	5958 	6854 	8416 	9689 	 
0 	147 	2724 	3394 	4384 	6880 	 
0 	39 	816 	1342 	2317 	3182 	6323 	9958 	 
0 	1147 	2367 	2518 	2830 	2997 	3266 	4581 	5589 	7191 	8883 	 
0 	387 	807 	2573 	2892 	3792 	4474 	5205 	5788 	8105 	8451 	9837 	9911 	 
0 	2147 	2479 	2943 	5524 	6112 	6273 	6343 	6460 	7145 	7376 	9883 	9986 	 
0 	1021 	1557 	1937 	1996 	2091 	2130 	2449 	3716 	3937 	3971 	4327 	6514 	7367 	8903 	8925 	9483 	 
0 	476 	785 	810 	1252 	2854 	2991 	4694 	4923 	6143 	6357 	6433 	9110 	 
0 	171 	177 	502 	934 	1101 	1734 	2136 	2783 	4073 	7064 	7883 	9092 	 
0 	2162 	2178 	2717 	3265 	3266 	3429 	5143 	7431 	8760 	8973 	9666 	 
0 	2525 	3856 	5568 	5820 	7306 	7508 	8514 	8755 	9943 	 
0 	3955 	4323 	4623 	4989 	5293 	7205 	9871 	 
0 	532 	1243 	1641 	2163 	3524 	4713 	5006 	6104 	6280 	6963 	6965 	7104 	7275 	7622 	7639 	7773 	8611 	9363 	 
0 	142 	264 	349 	386 	1415 	1513 	1607 	2251 	4414 	6138 	6601 	9130 	9501 	 
0 	963 	2278 	3027 	3265 	4428 	5908 	7984 	8821 	9877 	 
0 	588 	1693 	1811 	2066 	2347 	2566 	2689 	2740 	3618 	4594 	5502 	6920 	7045 	7322 	 
0 	88 	4898 	5413 	5628 	6794 	6964 	7613 	7826 	7963 	9659 	 
0 	692 	3054 	3469 	5197 	6724 	7037 	7271 	 
0 	1706 	2921 	4968 	5214 	6504 	6736 	6884 	7039 	8268 	9573 	 
0 	50 	301 	2855 	5475 	5591 	5600 	6014 	6207 	6526 	6850 	9146 	 
0 	4154 	4605 	4724 	4985 	5425 	6223 	6724 	6805 	7056 	9460 	 
0 	820 	1261 	2062 	3434 	3610 	3871 	3917 	5083 	5203 	5665 	6276 	6938 	7723 	8015 	8569 	8657 	8741 	9412 	9498 	9911 	 
0 	182 	394 	1739 	2351 	2565 	3481 	5469 	5490 	6505 	7687 	7913 	8129 	9310 	9998 	 
0 	618 	754 	4391 	6038 	6609 	8475 	8818 	 
0 	2411 	2578 	4531 	4729 	5367 	6405 	6645 	8484 	8579 	 
0 	1066 	2564 	2622 	4081 	4926 	5289 	7990 	8302 	9966 	 
0 	2231 	2409 	2835 	3165 	4107 	4386 	4627 	7690 	8409 	 
0 	2470 	5438 	6281 	6931 	7429 	7918 	8981 	9691 	 
0 	927 	1923 	2861 	4233 	4585 	7141 	8828 	9407 	9948 	 
0 	551 	965 	1203 	1608 	1943 	2159 	3530 	3975 	4442 	5046 	6081 	6155 	6278 	6757 	6879 	7327 	7414 	7543 	8024 	9088 	9447 	9650 	 
0 	633 	898 	1170 	2067 	2142 	3835 	5175 	6036 	8032 	9552 	 
0 	676 	1381 	1494 	2230 	2784 	3449 	4307 	5110 	7367 	8207 	8628 	9197 	9547 	 
0 	92 	531 	3458 	4232 	4253 	5654 	7113 	7916 	8549 	 
0 	1459 	1768 	2067 	2497 	2701 	2747 	5638 	6126 	6720 	6740 	8478 	9223 	 
0 	442 	530 	671 	765 	2353 	2796 	3062 	5116 	5330 	6931 	7239 	7537 	7875 	8097 	9487 	9544 	9795 	 
0 	878 	1144 	2372 	2936 	5185 	6217 	6425 	7925 	9040 	9141 	9372 	 
0 	722 	1032 	1192 	1767 	6834 	7710 	8693 	 
0 	2789 	5194 	7728 	8173 	8892 	9092 	9712 	 
0 	87 	597 	2819 	3436 	6605 	8492 	8901 	9372 	 
0 	251 	1164 	3622 	5236 	5773 	6153 	6990 	7189 	8634 	9167 	9543 	 
0 	652 	1106 	3366 	4588 	5330 	5357 	5589 	5883 	7678 	9086 	 
0 	1876 	2563 	4780 	4992 	6063 	8711 	 
0 	571 	2194 	2265 	3691 	4124 	7238 	7284 	 
0 	1142 	1354 	3069 	4633 	6088 	7695 	7711 	9089 	 
0 	973 	1125 	2351 	4095 	4199 	5117 	7142 	8477 	9166 	9479 	 
0 	504 	573 	1152 	2140 	2460 	2633 	2639 	3725 	5830 	6750 	7947 	8978 	 
0 	2822 	2949 	3030 	3164 	3202 	3421 	3553 	7277 	8329 	8873 	9872 	 
0 	1438 	2007 	3364 	3418 	3512 	5681 	7360 	8390 	8893 	 
0 	220 	854 	2214 	2552 	2760 	5684 	6198 	 
0 	109 	3080 	3542 	3720 	4861 	5634 	5971 	6205 	8607 	9176 	 
0 	200 	246 	2232 	3254 	3496 	3655 	4329 	4358 	4892 	5610 	6189 	6818 	7099 	8363 	8484 	9084 	9798 	9898 	 
0 	1595 	3613 	4239 	4454 	7812 	7931 	8010 	8664 	 
0 	464 	994 	2910 	4153 	6001 	6122 	7835 	8206 	9042 	9090 	 
0 	2520 	2593 	4554 	5154 	6289 	7574 	8434 	8961 	9186 	9599 	 
0 	1094 	1249 	1253 	1301 	3143 	6419 	6689 	6828 	7604 	8818 	 
0 	556 	601 	6948 	7156 	7383 	8499 	8785 	8840 	9028 	9154 	9236 	 
0 	503 	1098 	1506 	1731 	2247 	2533 	4989 	5325 	6049 	8146 	9038 	 
0 	343 	1539 	1948 	2761 	3137 	3203 	3636 	4488 	4733 	5623 	5715 	6153 	6550 	6733 	8702 	 
0 	16 	1029 	1254 	1834 	2072 	3518 	3696 	4364 	4743 	5572 	5910 	7328 	8056 	 
0 	849 	1067 	1617 	1952 	2495 	3567 	6393 	6611 	7613 	8203 	9954 	 
0 	146 	1128 	1564 	4443 	4695 	5070 	5630 	6765 	7747 	9531 	9631 	 
0 	879 	968 	1032 	1624 	1664 	2888 	2928 	3206 	4780 	9336 	9895 	9898 	 
0 	459 	1169 	1236 	1968 	3003 	3893 	3949 	4730 	4798 	6964 	9201 	 
0 	1452 	1596 	3091 	3559 	6300 	7668 	7738 	8013 	9798 	 
0 	945 	1453 	1597 	2048 	3323 	3562 	4099 	5524 	 
0 	399 	607 	5394 	5601 	6214 	6297 	9786 	 
0 	109 	1009 	1501 	4211 	4290 	4317 	4462 	6933 	7020 	7082 	7178 	7343 	8129 	 
0 	1115 	2405 	3749 	3874 	4028 	4047 	4390 	4876 	5051 	5618 	7462 	7498 	8357 	8414 	9050 	9261 	 
0 	1001 	7162 	9046 	9059 	 
0 	1136 	1919 	2448 	3245 	3956 	5764 	5968 	7008 	7598 	8565 	 
0 	988 	2373 	2502 	2975 	2994 	4831 	5416 	6533 	7148 	8092 	9001 	9586 	 
0 	109 	1355 	1620 	2345 	3029 	3670 	5162 	5860 	7048 	7696 	8680 	9873 	9936 	 
0 	528 	1308 	1939 	2360 	2867 	3702 	4104 	6587 	6724 	7063 	7154 	7628 	8154 	9911 	 
0 	5217 	9583 	 
0 	60 	344 	2609 	4746 	6218 	7872 	7937 	8061 	9213 	9313 	 
0 	627 	1420 	1595 	3502 	4093 	4159 	4634 	6041 	6656 	6871 	6947 	7019 	7674 	8728 	 
0 	1158 	1399 	3316 	5825 	7201 	9036 	 
0 	405 	844 	2912 	3254 	5194 	5542 	7038 	9631 	 
0 	1512 	3099 	3120 	4001 	4135 	6340 	6589 	7268 	7836 	 
0 	539 	1055 	2382 	3416 	4072 	4709 	5113 	5894 	6265 	7191 	7841 	9100 	 
0 	581 	4073 	6554 	8282 	 
0 	1149 	2443 	3186 	3616 	5815 	7563 	9289 	9869 	 
0 	123 	578 	3176 	5236 	5503 	6182 	7087 	 
0 	272 	826 	3382 	4806 	4943 	5530 	5958 	8145 	8184 	9215 	 
0 	177 	833 	3657 	4566 	4842 	4846 	7045 	7145 	7841 	7866 	 
0 	1372 	3863 	5231 	6036 	6374 	 
0 	4243 	4549 	4593 	5268 	5834 	8087 	8333 	8650 	8838 	9566 	 
0 	435 	470 	1542 	4811 	4877 	4942 	5447 	5483 	9014 	 
0 	283 	438 	992 	1154 	1555 	2499 	2778 	3351 	3770 	3996 	4959 	7048 	7381 	8242 	8789 	9043 	9323 	9979 	 
0 	1432 	1477 	1809 	2599 	3029 	4850 	7646 	8022 	8036 	8714 	 
0 	620 	1353 	1417 	1877 	3038 	3593 	3893 	3894 	5011 	5267 	6693 	6882 	8725 	9043 	 
0 	284 	636 	1163 	1575 	1848 	2630 	5116 	5481 	6139 	6287 	6338 	7684 	7780 	8016 	9454 	 
0 	40 	274 	3438 	5791 	6490 	6782 	7188 	8724 	 
0 	1074 	1484 	3337 	4967 	4975 	6300 	7772 	 
0 	5564 	6324 	7178 	9879 	 
0 	721 	1044 	2658 	2857 	6081 	6765 	7475 	7864 	9388 	 
0 	931 	2268 	3816 	4729 	6476 	6595 	6637 	7177 	9915 	9991 	 
0 	187 	1584 	4083 	4648 	6269 	7758 	7855 	9912 	 
0 	2248 	2781 	5032 	5967 	7035 	7509 	 
0 	557 	5985 	6695 	7763 	7962 	7986 	7994 	8532 	8534 	 
0 	1885 	2945 	3725 	4323 	4882 	5268 	6274 	7341 	8387 	8607 	 
0 	804 	1006 	2022 	2217 	2917 	3736 	4125 	4676 	6294 	6493 	6710 	8144 	8970 	9143 	9786 	 
0 	481 	634 	2594 	4579 	4746 	5168 	5994 	6324 	8081 	 
0 	753 	944 	2899 	3347 	4383 	5733 	6003 	6194 	6571 	9240 	9715 	 
0 	2339 	3604 	6226 	6571 	7669 	7679 	 
0 	3573 	4359 	4538 	4547 	6596 	7126 	8245 	8803 	 
0 	514 	657 	2058 	2671 	3149 	3571 	3935 	5313 	5966 	6690 	6732 	7113 	8013 	 
0 	8 	540 	1500 	1595 	3119 	5999 	6222 	7349 	7671 	 
0 	1980 	2042 	3183 	3927 	8376 	8389 	8551 	8680 	 
0 	26 	150 	526 	1579 	3330 	3447 	4635 	4993 	7565 	8054 	8961 	9959 	 
0 	2037 	2940 	3689 	4452 	4607 	5207 	5591 	6785 	6828 	9008 	9780 	 
0 	689 	1753 	2519 	3259 	3692 	4281 	4553 	5169 	5495 	5546 	5965 	8882 	9067 	 
0 	1366 	1548 	2816 	3728 	4385 	5068 	5310 	5753 	6249 	8078 	8982 	9962 	 
0 	948 	1839 	1903 	1934 	2665 	3862 	4318 	6067 	6607 	7501 	8068 	9278 	 
0 	228 	997 	2613 	5365 	8507 	8822 	 
0 	55 	366 	430 	858 	1918 	2914 	3198 	3240 	6171 	6313 	7590 	8982 	9130 	9948 	 
0 	1297 	1643 	2368 	3147 	4960 	6021 	6450 	7914 	8025 	8973 	9358 	9729 	9964 	 
0 	93 	410 	499 	1174 	3337 	5994 	6034 	7565 	8370 	9496 	9709 	 
0 	480 	1063 	1083 	1482 	4194 	6390 	6660 	8350 	9573 	9590 	9888 	 
0 	553 	2310 	2747 	5475 	5575 	6088 	9219 	9241 	9888 	 
0 	278 	2836 	5298 	6529 	8320 	9683 	 
0 	51 	935 	1142 	2091 	2231 	2722 	3366 	4271 	6258 	6377 	7023 	7718 	8107 	8941 	 
0 	1724 	2757 	3577 	3658 	8119 	 
0 	315 	2309 	3255 	6135 	6224 	7718 	9812 	 
0 	128 	842 	1189 	1430 	1893 	3000 	3935 	4608 	4852 	7086 	7250 	9027 	9373 	9720 	 
0 	364 	415 	1620 	3558 	6602 	7057 	8188 	8363 	9094 	9676 	 
0 	589 	1505 	2566 	3852 	3901 	4920 	5698 	6187 	7080 	7266 	 
0 	378 	886 	2327 	6722 	6792 	7769 	9207 	 
0 	376 	1356 	3619 	4885 	5767 	8974 	8976 	 
0 	483 	2406 	4546 	4972 	5732 	7231 	7244 	7517 	7555 	8424 	9175 	9318 	9650 	 
0 	771 	1087 	4225 	4305 	5014 	5413 	5662 	6727 	8808 	9438 	9783 	 
0 	1910 	3954 	5195 	5552 	6764 	7384 	7495 	8430 	 
0 	870 	1843 	1950 	4268 	5058 	5129 	6284 	9714 	 
0 	932 	2779 	3141 	3182 	4582 	5252 	6064 	6185 	9086 	 
0 	627 	2270 	2784 	2915 	4233 	5336 	5899 	7278 	9803 	9868 	 
0 	1006 	1924 	3739 	4126 	4949 	5866 	6341 	7123 	7343 	8478 	9670 	 
0 	2487 	2515 	3109 	3420 	4965 	6047 	7856 	8003 	9377 	 
0 	353 	620 	2089 	5312 	5351 	5976 	6280 	7053 	7222 	7271 	7438 	8160 	9542 	9642 	 
0 	2580 	6124 	7650 	7864 	8342 	9663 	 
0 	9 	757 	2312 	2699 	4094 	4425 	6485 	7331 	9246 	 
0 	2267 	2328 	2749 	4881 	6439 	6638 	6735 	7031 	7474 	7878 	8739 	9048 	 
0 	27 	298 	1209 	3206 	4046 	5242 	5461 	5497 	7245 	7773 	8430 	 
0 	2560 	2780 	4886 	5272 	5826 	6804 	7333 	 
0 	796 	965 	1546 	1901 	2822 	3574 	3933 	5723 	6082 	7423 	7541 	7700 	 
0 	104 	367 	1870 	4661 	5508 	6101 	6796 	8724 	9715 	9993 	 
0 	1283 	2112 	5528 	6776 	8033 	 
0 	47 	1025 	2058 	2473 	2610 	3434 	4532 	7824 	9248 	9529 	9735 	 
0 	2668 	3328 	4988 	5790 	6683 	6816 	7656 	9280 	9864 	 
0 	6 	114 	1383 	1528 	1790 	2653 	2689 	5650 	6312 	7137 	7324 	7779 	7894 	8634 	9219 	9917 	 
0 	644 	874 	1140 	2436 	2555 	3157 	3959 	4706 	4799 	6025 	6308 	9122 	 
0 	854 	1275 	1445 	2691 	2695 	3531 	3747 	3886 	4485 	4620 	5907 	6224 	7375 	7988 	9651 	 
0 	3414 	4178 	5236 	5257 	5770 	6928 	8227 	9463 	9671 	9805 	 
0 	159 	2322 	3245 	3680 	3991 	7054 	7423 	7438 	7940 	8590 	 
0 	502 	506 	959 	2373 	2871 	3373 	5335 	5691 	5821 	5928 	7001 	8618 	9216 	9471 	9522 	 
0 	1492 	3161 	3425 	5763 	5833 	7202 	7343 	 
0 	334 	2017 	4330 	4456 	7082 	7809 	 
0 	1078 	1394 	2451 	3289 	6009 	6055 	7005 	7837 	8264 	8676 	 
0 	388 	2490 	2777 	3619 	3956 	4106 	4614 	5312 	6517 	6836 	7811 	8481 	9436 	9648 	9684 	 
0 	82 	370 	1833 	2155 	5331 	5344 	5806 	6082 	6836 	7827 	7973 	9664 	 
0 	1504 	4212 	4762 	5899 	6048 	7240 	7282 	9856 	9950 	9972 	 
0 	196 	1266 	4689 	4847 	7458 	8123 	8898 	 
0 	832 	1133 	1742 	1931 	5731 	6000 	6148 	8283 	8563 	 
0 	88 	138 	3413 	4978 	5882 	6092 	8224 	9839 	 
0 	588 	1407 	1464 	1860 	2264 	3067 	3142 	5069 	6116 	6541 	8018 	9638 	9870 	 
0 	671 	4893 	5242 	7622 	7764 	8251 	9204 	9507 	 
0 	1905 	2885 	3116 	4651 	5570 	5577 	6027 	8060 	9052 	9315 	9909 	9914 	9942 	 
0 	1222 	2140 	3445 	4217 	5634 	6383 	8377 	 
0 	32 	97 	2619 	2792 	3265 	5512 	5674 	7464 	7591 	7926 	8798 	 
0 	895 	3791 	3820 	4204 	4792 	5256 	5471 	6187 	8236 	8410 	9065 	9350 	9909 	 
0 	677 	1520 	2241 	2738 	2782 	3295 	3710 	3797 	5192 	6237 	6278 	6431 	6831 	7463 	7575 	8199 	 
0 	801 	1696 	2283 	4045 	4508 	4531 	5435 	6737 	7762 	8963 	9358 	9387 	9633 	 
0 	447 	968 	2119 	2362 	2429 	2909 	3259 	3627 	3737 	3839 	5543 	6140 	7272 	7320 	7695 	8556 	8658 	9670 	 
0 	452 	1334 	1630 	2183 	2838 	3325 	3515 	3516 	4381 	4602 	5022 	6012 	6873 	7696 	8336 	9862 	 
0 	604 	1635 	4517 	5642 	6696 	7578 	8693 	9074 	 
0 	101 	3754 	5264 	5796 	6364 	8086 	8363 	9831 	 
0 	30 	569 	2524 	2906 	4512 	4590 	5611 	7567 	8816 	8909 	 
0 	48 	842 	889 	964 	1526 	5423 	5660 	5695 	7024 	9401 	9513 	 
0 	490 	950 	2411 	3292 	4163 	4177 	4682 	4975 	6423 	6693 	7463 	 
0 	1755 	3935 	4955 	6133 	6383 	7190 	7621 	9540 	 
0 	4144 	4307 	4427 	5492 	5537 	5598 	8619 	 
0 	108 	1179 	2649 	3595 	3838 	4788 	4990 	5365 	5681 	7316 	8264 	 
0 	1131 	1180 	1277 	2631 	2755 	3272 	4732 	4897 	9113 	 
0 	752 	1260 	2242 	2590 	4167 	5100 	6524 	7267 	7584 	8291 	8627 	9061 	9409 	9804 	 
0 	43 	541 	2036 	2962 	3172 	5687 	8733 	 
0 	55 	811 	1104 	1580 	1640 	2329 	2463 	4280 	4328 	4369 	4440 	7267 	7787 	7802 	8089 	9830 	 
0 	961 	1237 	1548 	1901 	2209 	3097 	3233 	3597 	3661 	4660 	9511 	9963 	 
0 	1592 	2703 	8037 	8180 	 
0 	3015 	3178 	5229 	5263 	5379 	6268 	6392 	7538 	9454 	 
0 	355 	2703 	2857 	3532 	4922 	6575 	6625 	6637 	7532 	7884 	9160 	 
0 	1273 	1898 	3328 	4082 	5460 	5852 	6436 	6719 	6770 	7114 	7857 	7869 	 
0 	2153 	4600 	4770 	8925 	8944 	9451 	 
0 	1781 	1836 	4522 	4850 	5542 	5546 	7727 	8528 	 
0 	539 	1370 	1773 	2645 	2707 	5405 	6258 	7741 	 
0 	145 	824 	4105 	4935 	4984 	5790 	6922 	7190 	7829 	8481 	9358 	9825 	 
0 	2771 	2946 	3328 	3773 	5291 	5447 	5920 	6480 	7292 	7814 	9141 	9847 	 
0 	606 	702 	1020 	1859 	2345 	3563 	3832 	4038 	4860 	7685 	9146 	 
0 	2153 	3019 	4677 	5140 	5441 	7205 	7529 	9630 	9935 	 
0 	3299 	3314 	5501 	6245 	6460 	6648 	6792 	7432 	7434 	7512 	7854 	8036 	9036 	 
0 	260 	899 	927 	1871 	2104 	3250 	3687 	4701 	4773 	6657 	7353 	8051 	8599 	 
0 	2472 	4125 	6883 	7367 	9550 	9715 	 
0 	133 	296 	424 	913 	7039 	8169 	 
0 	681 	1267 	1841 	4492 	4756 	5186 	7181 	9645 	 
0 	2683 	2839 	3264 	4004 	4925 	5888 	5964 	9057 	9616 	9657 	9712 	 
0 	1211 	1222 	1450 	1955 	2049 	2574 	2846 	2951 	3631 	4160 	4301 	5421 	5461 	6302 	7747 	8173 	8706 	8928 	8991 	9106 	9755 	9923 	 
0 	1932 	2190 	3955 	4367 	4498 	4637 	4887 	7901 	8225 	 
0 	3534 	3802 	3845 	4022 	5045 	5371 	5628 	6327 	6774 	7927 	8605 	9078 	 
0 	1450 	1647 	2492 	2866 	3744 	4061 	5116 	7466 	7587 	7737 	8279 	8482 	9741 	 
0 	824 	4002 	4863 	6869 	8399 	9010 	9011 	9134 	9637 	 
0 	883 	916 	2666 	3161 	3430 	3884 	4966 	5563 	5881 	6053 	6061 	6994 	7917 	 
0 	4203 	4451 	4964 	7051 	7234 	7463 	7847 	8529 	8625 	8854 	 
0 	4485 	7489 	 
0 	1049 	2889 	5505 	6168 	6849 	8144 	 
0 	186 	450 	519 	1485 	2212 	2403 	2409 	4100 	5082 	5421 	9392 	 
0 	234 	513 	3239 	3625 	3896 	3956 	4393 	5033 	5061 	5631 	5993 	7892 	 
0 	2817 	2862 	4067 	5938 	7578 	 
0 	1708 	2730 	4442 	5240 	5752 	7032 	8081 	9085 	 
0 	1213 	1405 	3802 	4000 	8180 	8980 	9173 	9490 	9493 	9629 	 
0 	1032 	1264 	1727 	2453 	4568 	4835 	5053 	9899 	 
0 	16 	1758 	2096 	3453 	4147 	4405 	4539 	4653 	6855 	9016 	9864 	 
0 	3297 	4578 	4608 	5531 	6917 	7164 	7883 	8606 	9757 	 
0 	571 	1393 	5791 	7328 	7471 	8515 	9824 	 
0 	425 	775 	1741 	2142 	2434 	2561 	4219 	4597 	5463 	9271 	9808 	 
0 	1689 	2560 	3846 	4552 	4667 	4738 	6391 	6820 	7091 	7130 	7469 	7689 	9049 	9659 	 
0 	890 	1060 	1155 	2473 	2717 	3965 	4387 	5482 	 
0 	991 	2406 	2575 	4091 	4470 	5564 	7368 	9187 	 
0 	1423 	2214 	4005 	4254 	6433 	7956 	8770 	9410 	9959 	 
0 	314 	1383 	1676 	2451 	5848 	5967 	5993 	6878 	7296 	7840 	8343 	9853 	9900 	 
0 	1211 	5539 	 
0 	2916 	3249 	3782 	4148 	5532 	7483 	7967 	8983 	9325 	9719 	 
0 	203 	405 	1594 	3546 	4454 	4553 	4826 	5791 	5834 	5848 	6804 	7595 	9157 	 
0 	1539 	1576 	2896 	4596 	4976 	5394 	7501 	8159 	9454 	 
0 	933 	2290 	2661 	2869 	3205 	3456 	4875 	5066 	6210 	6846 	7276 	 
0 	1550 	1929 	2330 	2792 	3013 	3488 	4128 	6758 	9078 	9837 	 
0 	1356 	2316 	3609 	3719 	4208 	4465 	4472 	5070 	6350 	7012 	7030 	7368 	8919 	9499 	 
0 	1150 	2115 	2854 	3020 	3859 	4034 	4574 	4782 	5870 	6364 	6629 	6849 	7730 	8308 	8490 	 
0 	1521 	3833 	5032 	6478 	8705 	8789 	9479 	9958 	 
0 	639 	1679 	2123 	2685 	2845 	3491 	4425 	4486 	4671 	4817 	4988 	6162 	6227 	6256 	7089 	7214 	7247 	8608 	9168 	9367 	 
0 	2113 	2343 	3563 	3843 	4223 	4960 	5314 	9264 	9810 	 
0 	522 	601 	751 	2113 	5304 	5654 	 
0 	9 	979 	1485 	3959 	4326 	7971 	9228 	9403 	 
0 	54 	73 	286 	647 	652 	1810 	3558 	4460 	7146 	7670 	8159 	8295 	8668 	8710 	9227 	 
0 	188 	840 	2555 	4294 	5845 	8322 	9902 	 
0 	890 	2706 	2748 	3667 	3675 	3708 	4098 	4451 	4507 	5098 	6506 	6839 	8225 	9716 	9770 	 
0 	985 	1077 	4844 	5378 	6351 	6682 	6804 	7397 	7551 	8046 	8232 	8290 	9094 	9149 	 
0 	6546 	6646 	8254 	9236 	9732 	 
0 	727 	1012 	4592 	6191 	8500 	9817 	 
0 	74 	226 	1521 	2104 	2764 	4054 	5474 	6025 	6329 	6394 	6916 	7347 	8395 	9898 	 
0 	869 	1015 	1676 	2036 	4218 	4656 	5447 	6438 	7842 	9904 	 
0 	1414 	6967 	7512 	8397 	8410 	8460 	8720 	9061 	 
0 	407 	846 	2674 	4616 	6707 	9396 	 
0 	3462 	5282 	5388 	5923 	6154 	6315 	6538 	6793 	8541 	 
0 	415 	1955 	3570 	3983 	4014 	4069 	4491 	5082 	5116 	7065 	7340 	7608 	7954 	8858 	9191 	 
0 	2863 	3472 	3551 	3914 	5146 	8599 	 
0 	391 	645 	2098 	2624 	2813 	3272 	3556 	5626 	6533 	8772 	 
0 	1141 	1192 	6271 	7494 	7831 	8491 	8709 	 
0 	840 	2758 	3292 	4514 	5789 	6099 	6367 	7101 	7458 	7537 	 
0 	2602 	2707 	3240 	3934 	4074 	4441 	5044 	5394 	5715 	6836 	7068 	 
0 	3370 	4391 	6432 	8316 	9755 	 
0 	1446 	2285 	3545 	4692 	7145 	7759 	 
0 	1474 	1942 	4157 	4982 	6667 	8476 	9325 	9980 	 
0 	698 	3034 	3095 	4327 	7322 	7353 	 
0 	2309 	2415 	3555 	4799 	5457 	5961 	8436 	8977 	9251 	 
0 	257 	418 	735 	1456 	2100 	2425 	4711 	7071 	8474 	 
0 	2405 	4419 	5378 	6381 	 
0 	114 	3994 	4080 	4779 	6046 	7043 	 
0 	151 	250 	999 	2042 	2666 	3175 	3707 	5197 	7520 	7521 	7979 	8283 	8762 	9960 	 
0 	73 	154 	955 	1573 	2451 	2781 	3989 	7597 	7859 	7865 	 
0 	208 	2390 	4273 	4734 	4882 	6019 	6336 	6401 	6862 	7694 	8649 	9623 	9805 	9911 	 
0 	1770 	1839 	2573 	3275 	3763 	6105 	7498 	7654 	8770 	9965 	 
0 	33 	547 	2234 	2877 	3189 	3904 	7797 	8597 	 
0 	67 	1755 	2569 	5341 	5584 	5885 	6228 	6449 	6737 	6967 	7390 	7981 	8043 	8134 	8526 	9352 	9643 	 
0 	2659 	4032 	4541 	5063 	5075 	6749 	7473 	8267 	 
0 	721 	1072 	1170 	2428 	3256 	6330 	6850 	7310 	 
0 	821 	4309 	5311 	5844 	6073 	8118 	8739 	9578 	9614 	9909 	 
0 	2671 	3672 	3882 	5831 	6006 	6471 	7278 	7486 	7605 	8788 	9462 	 
0 	239 	662 	3109 	3471 	4518 	5127 	8713 	 
0 	4442 	6667 	7037 	9364 	 
0 	210 	743 	797 	1726 	2146 	2554 	2597 	2741 	3493 	4501 	4852 	7024 	7686 	7940 	8138 	8498 	 
0 	734 	842 	1925 	2038 	2717 	3500 	4186 	7123 	7655 	7943 	9939 	 
0 	3326 	3751 	4055 	9150 	 
0 	1324 	2010 	2125 	2467 	3557 	3785 	3804 	4674 	5614 	7511 	8222 	9430 	 
0 	27 	1149 	1177 	1613 	3511 	4072 	6258 	7539 	8502 	9040 	9384 	 
0 	1236 	1699 	1874 	2250 	4940 	9547 	9977 	 
0 	24 	2702 	3960 	4012 	4081 	4764 	6844 	7118 	7289 	9806 	 
0 	513 	2004 	2758 	4860 	5930 	6802 	8831 	8955 	 
0 	2181 	2607 	3293 	3486 	3504 	3829 	4374 	4690 	8924 	9377 	9563 	9576 	 
0 	392 	911 	1721 	1729 	4165 	4921 	5646 	8407 	9062 	9069 	9815 	 
0 	611 	3461 	3805 	4564 	5297 	5464 	6216 	7399 	8092 	9840 	 
0 	582 	2182 	2735 	4245 	6939 	7155 	7974 	8605 	8659 	8660 	9030 	 
0 	347 	540 	1798 	2071 	2315 	2888 	3576 	8790 	9839 	 
0 	1914 	2160 	2779 	3656 	4308 	7942 	7952 	9647 	 
0 	34 	361 	530 	1774 	1849 	2889 	3847 	4776 	5197 	5797 	5831 	5960 	6169 	8787 	9695 	 
0 	90 	538 	2927 	2930 	3632 	5425 	5862 	5998 	6574 	8369 	8629 	9664 	9780 	 
0 	447 	3948 	4943 	5102 	5307 	5636 	8350 	8360 	9796 	 
0 	535 	734 	848 	1139 	1236 	1688 	3028 	8875 	9058 	 
0 	5739 	6872 	6907 	7444 	7649 	8267 	8685 	9734 	9811 	9922 	 
0 	290 	325 	735 	2232 	4261 	4748 	5855 	6193 	6743 	6748 	6854 	6869 	7011 	7283 	8705 	9066 	 
0 	1084 	1725 	1912 	3012 	6633 	7667 	8995 	9119 	9750 	 
0 	473 	729 	1402 	2934 	4274 	6164 	6664 	8315 	9808 	 
0 	1566 	2199 	3970 	4095 	4332 	6050 	6951 	9160 	9636 	 
0 	16 	2620 	3450 	5374 	5606 	5878 	5985 	 
0 	578 	613 	727 	3404 	3951 	4521 	6052 	6273 	7294 	7376 	7736 	9316 	9965 	 
0 	1594 	3993 	4680 	5252 	5613 	6308 	6419 	7051 	8607 	9799 	9967 	 
0 	1050 	1750 	1960 	2710 	2947 	3731 	5511 	5826 	8778 	 
0 	3051 	3557 	4396 	9457 	9758 	 
0 	320 	896 	2679 	5708 	7723 	8431 	8536 	9391 	 
0 	546 	1556 	2824 	4690 	5035 	5501 	6005 	6058 	8891 	 
0 	1018 	1147 	4180 	5632 	6544 	7998 	8003 	 
0 	1648 	2934 	3999 	4265 	4811 	5075 	5630 	7720 	 
0 	296 	6819 	7785 	7855 	7942 	9062 	 
0 	16 	548 	1820 	2829 	8079 	9383 	 
0 	1574 	1834 	3021 	7391 	7731 	8823 	9435 	9733 	 
0 	2018 	2255 	4512 	4645 	6285 	6920 	7168 	7206 	7665 	7981 	9301 	9706 	 
0 	468 	2908 	2960 	4343 	4816 	5238 	5476 	6785 	8681 	 
0 	131 	1578 	2229 	5565 	5934 	5990 	9457 	 
0 	1358 	1860 	2508 	4864 	7914 	7932 	9297 	 
0 	2382 	2539 	5609 	6652 	7959 	8080 	8578 	9016 	 
0 	422 	958 	3715 	4144 	4628 	6634 	8543 	8949 	8970 	9697 	9917 	 
0 	1910 	2608 	2777 	4201 	5371 	5705 	6986 	7333 	8249 	8831 	8989 	9340 	9403 	9687 	 
0 	530 	3065 	3172 	3859 	3885 	4285 	6250 	8142 	 
0 	3048 	5238 	7744 	7968 	8516 	9450 	9989 	 
0 	673 	768 	3049 	3740 	4751 	4833 	5111 	6952 	8219 	9308 	 
0 	147 	469 	1782 	2727 	6041 	7566 	7743 	8540 	 
0 	108 	653 	856 	2260 	2536 	6986 	9377 	 
0 	8 	861 	960 	1836 	2964 	3146 	4604 	5476 	9517 	9745 	 
0 	3600 	4012 	4811 	5148 	5252 	5613 	7076 	7811 	8873 	8896 	8978 	9118 	 
0 	925 	1440 	3183 	5138 	5436 	5966 	5990 	9675 	9802 	 
0 	2157 	2675 	4228 	4430 	5453 	6527 	7229 	8075 	9800 	 
0 	2689 	5202 	6004 	7107 	8518 	8834 	9018 	9432 	9897 	 
0 	509 	2398 	3893 	4462 	4710 	5138 	6094 	6407 	6789 	6876 	8128 	8402 	8664 	 
0 	694 	765 	1574 	2644 	3867 	4328 	6738 	7327 	8941 	 
0 	1552 	1676 	2411 	5899 	7765 	7933 	8103 	8660 	 
0 	707 	4218 	4309 	4539 	5333 	6185 	6579 	8021 	 
0 	2692 	4455 	5713 	6069 	6154 	6842 	7535 	 
0 	333 	3021 	5872 	5984 	6636 	7057 	8407 	8566 	8661 	9707 	 
0 	1266 	1500 	2333 	2361 	3944 	8979 	 
0 	4995 	9987 	 
0 	1726 	1737 	1796 	2456 	2603 	3228 	3276 	3619 	3910 	3922 	5499 	5754 	6921 	8082 	8610 	9337 	 
0 	420 	1409 	2868 	3427 	3636 	4254 	5287 	5343 	6605 	7931 	8649 	9128 	 
0 	776 	2620 	3034 	4185 	7154 	7190 	7224 	7405 	9236 	 
0 	689 	1773 	2549 	3537 	4096 	4660 	5652 	6001 	8399 	9739 	 
0 	1350 	2450 	3573 	4201 	4455 	4723 	4797 	5155 	6624 	6887 	8894 	 
0 	740 	1259 	2764 	4886 	5055 	5487 	6482 	7625 	9221 	9488 	 
0 	1067 	3093 	3517 	5145 	5664 	6886 	6920 	7191 	8407 	9672 	 
0 	63 	110 	200 	1427 	4245 	5100 	7305 	7792 	 
0 	124 	860 	2361 	2618 	2975 	3273 	3762 	7792 	8232 	8244 	8294 	8760 	 
0 	842 	954 	3130 	3343 	3382 	3597 	5117 	6092 	6305 	6727 	8268 	8811 	 
0 	345 	696 	934 	945 	2210 	2377 	2413 	2619 	2992 	3557 	4601 	5031 	6439 	8114 	8305 	8640 	 
0 	2139 	2181 	4611 	4961 	5792 	7790 	8860 	 
0 	1854 	4015 	4398 	5622 	5734 	5750 	5823 	6546 	7384 	8987 	9685 	 
0 	581 	629 	2291 	3686 	5220 	5701 	8724 	9363 	 
0 	537 	1107 	2261 	2352 	5013 	5564 	6275 	6928 	8258 	8420 	9660 	9731 	9976 	 
0 	2267 	4818 	6163 	6641 	7392 	7539 	7665 	8040 	 
0 	1418 	2813 	5678 	7667 	7945 	8071 	8273 	 
0 	659 	1212 	1851 	1929 	2477 	2594 	2596 	4659 	8204 	 
0 	530 	930 	3174 	3480 	3983 	6251 	8059 	9647 	 
0 	169 	336 	1351 	2369 	2767 	3760 	5684 	5925 	7061 	7731 	9594 	 
0 	958 	1016 	1050 	1453 	4434 	4889 	5054 	5102 	5188 	5563 	7626 	8495 	8754 	9676 	 
0 	607 	2168 	2404 	2441 	2727 	2934 	4314 	5966 	7564 	8442 	9524 	 
0 	364 	1523 	3157 	4714 	5674 	6662 	8659 	8679 	8954 	9559 	 
0 	766 	1935 	2335 	2355 	2809 	5039 	5161 	7941 	8246 	8790 	9584 	 
0 	1282 	1295 	1729 	3519 	3589 	4629 	5773 	6446 	6836 	7238 	9052 	 
0 	3114 	5411 	5429 	5797 	6664 	7060 	7888 	8405 	9180 	 
0 	779 	1697 	3155 	4015 	4198 	7389 	7547 	8659 	8954 	8995 	9092 	9167 	 
0 	1097 	1211 	1590 	1905 	2022 	3326 	4189 	5088 	5831 	8090 	9527 	 
0 	99 	516 	2732 	3260 	9017 	 
0 	1467 	3567 	4062 	5461 	5585 	6271 	6929 	7540 	7617 	7814 	9607 	 
0 	1621 	3535 	5143 	6134 	6543 	8235 	8358 	8949 	 
0 	547 	910 	1104 	1575 	1714 	2578 	3365 	4484 	6095 	6849 	7770 	8728 	9129 	 
0 	404 	1774 	2629 	2643 	5763 	5924 	6556 	8009 	8783 	8815 	8881 	 
0 	4916 	5035 	6489 	8033 	8237 	9518 	 
0 	1669 	2021 	2580 	3809 	5484 	5984 	 
0 	825 	924 	2645 	3089 	7928 	8334 	9087 	 
0 	507 	1034 	1745 	2760 	3486 	5492 	6307 	6327 	6655 	6819 	7492 	7584 	7911 	 
0 	603 	1495 	1825 	2649 	2921 	3356 	4533 	5583 	6394 	6937 	7788 	8408 	 
0 	457 	1430 	1874 	2723 	3087 	5154 	5355 	6669 	7620 	9215 	9230 	9408 	9631 	9632 	 
0 	1956 	2381 	3208 	3279 	3540 	3652 	3717 	4437 	4506 	5613 	7073 	7461 	8485 	 
0 	128 	588 	1003 	2409 	6471 	6622 	6812 	8653 	 
0 	113 	983 	3341 	3712 	3886 	3957 	8214 	9905 	 
0 	2030 	2829 	3768 	4061 	4602 	4880 	5324 	6360 	 
0 	1739 	2026 	3741 	5334 	8809 	8861 	 
0 	499 	628 	2684 	3204 	4230 	4947 	5635 	5982 	 
0 	186 	566 	938 	1732 	2740 	2778 	3241 	3453 	4714 	5712 	6928 	7339 	8044 	8281 	9574 	 
0 	964 	1541 	3169 	5621 	5919 	7791 	8165 	8464 	9470 	 
0 	107 	2152 	3423 	5558 	6842 	8559 	8676 	8784 	8898 	8964 	9841 	 
0 	246 	483 	1827 	2516 	3563 	4562 	4861 	6409 	7058 	7762 	7767 	7833 	9563 	9574 	9759 	 
0 	2796 	3095 	3568 	4149 	5023 	5533 	5637 	8007 	8360 	9730 	 
0 	894 	2499 	3513 	4087 	5253 	5969 	7142 	7342 	8448 	8573 	8796 	9739 	 
0 	344 	1304 	1582 	1744 	3209 	4899 	6845 	7973 	 
0 	178 	939 	1634 	2399 	3271 	3445 	3985 	4403 	4740 	5142 	5282 	5363 	6195 	7820 	7857 	9754 	 
0 	3976 	4137 	5970 	6350 	6354 	8499 	 
0 	92 	1001 	1276 	1743 	6022 	6405 	7818 	7840 	9760 	 
0 	1977 	2360 	2446 	3328 	5216 	6172 	6221 	6962 	7289 	9891 	 
0 	1087 	3175 	3916 	4335 	4693 	7885 	8300 	8318 	 
0 	1695 	2316 	3513 	4708 	4882 	5130 	7045 	7552 	8452 	8615 	9094 	 
0 	337 	635 	1085 	3006 	3969 	5180 	5441 	5662 	6093 	6644 	7452 	8339 	 
0 	511 	1659 	2728 	2820 	3983 	5176 	6686 	7776 	7935 	8418 	8831 	9222 	9678 	9681 	9786 	 
0 	192 	397 	932 	2023 	3877 	3904 	8385 	9038 	9507 	9962 	 
0 	55 	2521 	2559 	2786 	2978 	5364 	5710 	6597 	7541 	8456 	8648 	8672 	9047 	9517 	9534 	9585 	9780 	 
0 	35 	578 	918 	5032 	5446 	5866 	6321 	6478 	8019 	9289 	9610 	 
0 	2293 	2313 	3335 	4371 	5475 	5614 	7541 	7623 	8629 	8753 	 
0 	518 	553 	2593 	3608 	5620 	6103 	6394 	6889 	6981 	9678 	 
0 	293 	729 	804 	823 	1230 	1365 	5537 	7033 	7254 	7700 	7716 	9022 	9609 	 
0 	585 	2733 	3913 	5159 	 
0 	160 	380 	939 	5153 	5837 	8503 	8705 	8869 	9661 	9830 	 
0 	386 	2211 	2468 	3096 	3202 	3267 	3423 	5056 	5470 	5565 	6045 	6671 	8929 	9350 	 
0 	302 	1371 	2193 	2840 	3035 	3912 	3921 	3954 	5141 	6325 	 
0 	871 	887 	1134 	1232 	2587 	5350 	5943 	6937 	7890 	 
0 	390 	592 	2164 	2349 	3504 	3717 	3804 	4153 	6688 	7243 	8237 	8469 	 
0 	6242 	6992 	7283 	7512 	7775 	8325 	9439 	9808 	 
0 	1027 	2046 	4559 	5084 	5720 	8587 	9085 	9436 	9716 	 
0 	481 	742 	1639 	2224 	2364 	3034 	6950 	7013 	8083 	 
0 	1598 	8403 	 
0 	31 	923 	3801 	5301 	5713 	7847 	8148 	 
0 	419 	809 	1502 	2127 	4769 	6036 	6706 	7524 	8336 	 
0 	1477 	3497 	3826 	3892 	4030 	4045 	4464 	4514 	4648 	4764 	5387 	5739 	6850 	7281 	7577 	8558 	8845 	 
0 	845 	1514 	1798 	2586 	2670 	3002 	3276 	3647 	3958 	4011 	7370 	7651 	8912 	 
0 	686 	948 	1286 	2000 	2493 	2799 	2943 	3233 	4087 	5691 	6553 	8604 	8851 	 
0 	2641 	3623 	5499 	6410 	6613 	7400 	 
0 	1855 	2022 	3555 	3807 	4815 	5252 	6200 	7517 	8047 	8475 	 
0 	23 	1087 	1444 	2996 	6209 	7344 	7532 	8851 	8854 	 
0 	498 	766 	1086 	1932 	2597 	2844 	5481 	6732 	7560 	8371 	 
0 	196 	212 	683 	1498 	4242 	4639 	4679 	6693 	7197 	8227 	8835 	9709 	 
0 	1352 	1652 	2438 	2876 	3074 	4037 	4121 	6145 	6187 	6326 	7791 	8580 	9584 	 
0 	1439 	1592 	1657 	2071 	2611 	4073 	4149 	4917 	8365 	8694 	 
0 	2586 	5164 	5184 	5524 	8796 	 
0 	758 	1006 	1474 	2856 	9791 	 
0 	785 	873 	1672 	1805 	1950 	1958 	2297 	3750 	3938 	4144 	4926 	5158 	 
0 	179 	454 	2393 	6477 	7454 	8318 	8795 	 
0 	50 	174 	369 	1038 	1971 	2599 	4027 	4348 	5781 	5836 	6868 	6916 	8338 	9678 	 
0 	315 	2192 	5940 	7423 	8602 	9523 	 
0 	301 	519 	550 	950 	1372 	1726 	2508 	2602 	4373 	4458 	4810 	4991 	6557 	7299 	7568 	9180 	 
0 	588 	1677 	2138 	3751 	3780 	5330 	7607 	9979 	 
0 	36 	609 	1279 	2300 	3717 	5116 	5247 	7041 	8592 	8695 	 
0 	217 	1174 	1266 	1439 	2222 	2396 	3322 	4410 	5244 	5568 	6158 	6172 	6437 	7802 	8878 	9069 	 
0 	5011 	5154 	5172 	6679 	8664 	8988 	9087 	9541 	9628 	 
0 	1961 	3274 	3515 	4105 	4626 	9015 	 
0 	822 	2376 	4094 	4473 	5662 	5831 	6379 	6981 	7522 	9117 	9672 	 
0 	1557 	2453 	3337 	3695 	3822 	3872 	4083 	4546 	4928 	5546 	6066 	7482 	 
0 	1219 	1941 	3469 	3556 	5584 	5952 	9357 	9468 	 
0 	117 	2061 	3394 	3484 	4811 	6847 	7525 	8018 	8023 	8891 	 
0 	42 	1425 	2738 	3376 	3646 	3892 	4127 	4233 	4873 	7603 	8319 	8904 	9075 	9269 	9427 	9572 	 
0 	47 	339 	538 	1248 	1335 	3122 	3598 	4723 	5630 	 
0 	826 	1598 	2357 	2720 	4929 	5040 	5433 	5531 	5931 	7668 	 
0 	570 	637 	3317 	3773 	4213 	5653 	7723 	7761 	9138 	9306 	 
0 	819 	2925 	2991 	5329 	5856 	7068 	7261 	7719 	8702 	9515 	9748 	 
0 	2622 	5448 	6805 	7846 	8174 	9622 	9738 	 
0 	367 	429 	437 	702 	1116 	1792 	1971 	2434 	3636 	4119 	4334 	6069 	6820 	7773 	8066 	8099 	8752 	9778 	 
0 	747 	2680 	2821 	3989 	4109 	4464 	5152 	6687 	6826 	6922 	6945 	7537 	8071 	 
0 	615 	1394 	2748 	3048 	3124 	3438 	3947 	4229 	4535 	4853 	7191 	8643 	9067 	9254 	9625 	9910 	 
0 	1102 	1326 	2291 	3078 	3137 	3294 	4403 	4479 	6500 	6648 	6990 	7681 	7900 	8091 	8691 	9698 	 
0 	732 	1520 	1796 	2996 	4349 	4994 	6026 	6444 	7015 	8447 	9629 	 
0 	1018 	2356 	3191 	3489 	3637 	4104 	4387 	5373 	5950 	7704 	8680 	9781 	9814 	 
0 	145 	3494 	4472 	4537 	5224 	6022 	6196 	6424 	6599 	7906 	8690 	9467 	9538 	 
0 	3504 	4228 	4272 	4887 	5281 	8729 	9815 	 
0 	166 	549 	2635 	2887 	3013 	3667 	4383 	5310 	6880 	8711 	9053 	9248 	 
0 	360 	512 	4813 	7158 	8153 	8641 	 
0 	392 	723 	1638 	4257 	4502 	5805 	6525 	9106 	 
0 	234 	589 	720 	3179 	6947 	7675 	8347 	8727 	8912 	9213 	9460 	 
0 	556 	982 	2164 	3869 	4134 	4947 	5772 	6491 	6867 	7213 	7217 	8429 	9054 	9672 	 
0 	911 	2540 	4364 	4918 	5876 	6179 	6271 	 
0 	315 	470 	704 	2928 	3113 	4822 	6257 	7132 	7720 	8671 	 
0 	699 	3454 	4390 	4887 	6844 	6918 	7436 	7946 	8620 	9018 	 
0 	1286 	1417 	1557 	2178 	3547 	4274 	4651 	5753 	7794 	8611 	9864 	 
0 	3988 	5701 	6456 	6746 	7862 	9070 	9795 	 
0 	623 	878 	973 	3317 	3325 	3748 	5550 	5817 	 
0 	542 	775 	1681 	3613 	4170 	4860 	6930 	7207 	8755 	8890 	9601 	9945 	 
0 	748 	919 	1506 	2815 	4325 	6284 	7587 	7591 	9772 	 
0 	175 	299 	371 	1504 	1606 	1749 	2507 	3150 	4318 	4351 	5079 	6382 	9280 	 
0 	2254 	2978 	4022 	5302 	7251 	8239 	8435 	 
0 	134 	840 	1273 	1606 	4318 	5415 	7240 	8145 	8968 	9073 	9379 	 
0 	2688 	3012 	4057 	5623 	7581 	8221 	8415 	8449 	 
0 	2155 	2739 	3030 	4872 	6299 	6370 	7305 	7985 	 
0 	741 	1270 	2761 	3497 	4259 	4803 	6290 	6295 	6657 	6844 	9518 	 
0 	222 	578 	2812 	4629 	5291 	7120 	8792 	9849 	 
0 	3054 	4759 	7086 	7332 	9358 	 
0 	73 	82 	1355 	1547 	1946 	2922 	4630 	5704 	5988 	6695 	6840 	7104 	8348 	9096 	9833 	 
0 	674 	2787 	3428 	3616 	4180 	4460 	5071 	5093 	6062 	6186 	7127 	8770 	 
0 	1377 	1410 	2273 	3032 	3491 	4993 	5292 	6058 	9609 	 
0 	2194 	2798 	3409 	4844 	5382 	6828 	7105 	9341 	 
0 	167 	280 	1462 	3212 	4036 	4050 	4216 	4765 	5720 	6051 	6072 	7762 	8456 	8990 	9657 	 
0 	1472 	1574 	1843 	1857 	3686 	5607 	 
0 	874 	2923 	3059 	6134 	6415 	6607 	7919 	9118 	9423 	 
0 	1538 	1736 	2771 	4171 	8858 	9451 	 
0 	649 	737 	3482 	3864 	5456 	6044 	8637 	9316 	 
0 	564 	835 	840 	1485 	2482 	3541 	5078 	6459 	6627 	7800 	9535 	 
0 	1173 	3079 	5258 	7132 	8821 	8879 	9099 	 
