0 	41 	226 	577 	910 	2555 	2903 	4938 	5132 	5628 	5790 	7965 	8376 	8700 	9637 	 
0 	94 	3245 	3494 	3723 	4386 	4661 	7515 	8139 	8325 	8876 	 
0 	600 	3065 	3701 	7327 	9929 	 
0 	1004 	1904 	2772 	2975 	3324 	3580 	3803 	6414 	7447 	8982 	9575 	 
0 	1145 	1610 	1627 	1867 	3026 	3788 	6250 	7652 	7763 	9149 	 
0 	1175 	1317 	2134 	2198 	2500 	4723 	4889 	4931 	6542 	6715 	7520 	 
0 	189 	1160 	3173 	3191 	3216 	9444 	9908 	 
0 	3141 	3175 	4646 	4875 	5576 	5725 	6388 	6767 	7787 	 
0 	369 	2338 	2768 	3275 	4904 	5956 	6876 	7017 	7893 	7959 	8361 	9464 	 
0 	1162 	3030 	3681 	5093 	5167 	5400 	7194 	7408 	8089 	 
0 	3885 	6559 	7930 	9189 	 
0 	271 	1697 	3588 	4141 	 
0 	1010 	2276 	2837 	3297 	3663 	3682 	3683 	4008 	4160 	6277 	6884 	6969 	7558 	9373 	9810 	9984 	 
0 	213 	1358 	3045 	3798 	4631 	8815 	9745 	9968 	 
0 	5952 	6065 	6400 	 
0 	146 	439 	1097 	1561 	1773 	4997 	6984 	9700 	 
0 	573 	2757 	4194 	4826 	5446 	6224 	7453 	8354 	9280 	 
0 	1535 	1670 	1814 	2038 	2161 	3319 	6678 	8011 	 
0 	2024 	2621 	2899 	3312 	4092 	6860 	6879 	 
0 	629 	2753 	2935 	4967 	5660 	5909 	5957 	6754 	7310 	9709 	 
0 	760 	1230 	1540 	1676 	1779 	2104 	3603 	3997 	4937 	5680 	5941 	6352 	7100 	7233 	8523 	8904 	8946 	9295 	9747 	 
0 	13 	2489 	2570 	5261 	5615 	9080 	9216 	9433 	9824 	9847 	 
0 	1270 	3589 	4955 	5987 	7289 	 
0 	38 	228 	593 	1026 	2987 	3037 	3508 	5186 	6393 	6571 	6590 	6608 	6990 	7224 	7407 	7575 	7780 	 
0 	3091 	3906 	5056 	7781 	 
0 	755 	2583 	3822 	4121 	4278 	4431 	5019 	7938 	8407 	 
0 	2448 	2679 	3004 	3668 	5737 	7542 	9191 	 
0 	171 	499 	2744 	4808 	4945 	6350 	6933 	7954 	9257 	9527 	 
0 	686 	804 	2309 	7146 	8723 	9091 	9807 	 
0 	209 	1337 	1428 	1611 	1775 	2074 	4121 	5662 	6011 	8316 	8804 	9474 	9584 	9602 	 
0 	632 	2599 	3009 	3374 	4062 	4115 	4710 	8073 	9559 	9985 	 
0 	1058 	1437 	2077 	2601 	7361 	7569 	8631 	8650 	8890 	9106 	 
0 	561 	586 	5352 	6549 	8564 	9027 	9094 	9469 	9991 	 
0 	9 	311 	1286 	2840 	3155 	5087 	 
0 	25 	518 	627 	2560 	3531 	3572 	4842 	5475 	5567 	6922 	7125 	7342 	8424 	8811 	9234 	9773 	9852 	9924 	 
0 	3425 	4635 	6458 	6840 	9919 	 
0 	694 	3654 	4135 	6664 	7136 	7409 	7891 	8572 	 
0 	704 	2767 	3023 	3291 	4784 	7050 	7661 	8408 	 
0 	1127 	2318 	3827 	5338 	6495 	7012 	7026 	7875 	8346 	8608 	9181 	9603 	 
0 	672 	1456 	2275 	2915 	3399 	7035 	7736 	 
0 	3917 	4829 	5602 	5693 	6325 	6633 	6989 	7758 	 
0 	1044 	1137 	7264 	7951 	8318 	 
0 	2897 	3335 	4622 	5663 	 
0 	878 	2797 	3750 	4427 	6424 	7330 	7340 	8935 	 
0 	330 	1154 	2401 	2442 	2938 	5382 	8364 	8620 	 
0 	2243 	3013 	4791 	4845 	6536 	6823 	 
0 	382 	1316 	4845 	5931 	6803 	7454 	7542 	8189 	8346 	8971 	9231 	 
0 	1342 	2412 	4539 	4993 	7930 	8106 	8367 	8425 	8881 	9496 	 
0 	186 	691 	1279 	1636 	2281 	2798 	2977 	4386 	5768 	6616 	9070 	9833 	9962 	 
0 	1804 	2560 	2739 	5889 	6355 	6653 	6875 	8018 	8210 	9834 	 
0 	230 	2336 	2989 	3150 	5163 	5276 	7408 	8964 	 
0 	662 	1336 	1910 	3542 	4301 	4707 	6047 	6629 	9817 	 
0 	2495 	2819 	4982 	 
0 	1 	749 	1309 	3061 	5204 	7439 	8409 	8429 	8512 	 
0 	363 	1773 	1782 	1891 	5232 	5324 	5571 	5687 	5797 	6427 	6585 	6797 	8033 	8487 	8911 	9530 	9988 	 
0 	3499 	3514 	3560 	6281 	7091 	 
0 	1747 	2142 	2214 	2242 	2273 	3724 	3899 	4119 	7990 	 
0 	836 	2911 	3061 	3292 	6157 	7229 	8674 	9195 	 
0 	4563 	4722 	7892 	7993 	8326 	8451 	8891 	9194 	 
0 	1346 	2249 	3466 	3607 	4362 	5427 	6257 	8163 	8748 	8974 	9995 	 
0 	1288 	6582 	7142 	 
0 	549 	1642 	2325 	2685 	3053 	3057 	5198 	6135 	7171 	7711 	9235 	 
0 	213 	813 	877 	1715 	2043 	5373 	7185 	8202 	8999 	9411 	9547 	 
0 	299 	1564 	1802 	2384 	2386 	2490 	4546 	4833 	5565 	 
0 	4441 	4854 	5890 	5980 	 
0 	894 	952 	2639 	3002 	3102 	3541 	4977 	5295 	9832 	 
0 	75 	542 	1233 	3840 	3852 	6905 	7196 	7650 	8743 	9231 	 
0 	140 	1383 	3845 	3953 	5345 	8171 	9676 	 
0 	504 	1284 	1860 	3831 	4073 	5113 	5646 	6451 	6564 	 
0 	34 	2341 	2566 	2799 	4845 	5162 	6227 	6287 	6754 	7322 	7742 	9135 	9556 	 
0 	479 	1514 	5830 	9370 	 
0 	537 	666 	669 	1474 	1582 	5347 	7419 	8413 	9446 	 
0 	14 	262 	1618 	2013 	4128 	4260 	5591 	6000 	6014 	7882 	8605 	 
0 	1028 	1214 	2533 	2770 	4157 	4639 	5316 	5477 	6520 	6887 	6997 	9036 	9106 	 
0 	2029 	2251 	4072 	4299 	4649 	5686 	8281 	8495 	9936 	 
0 	877 	1838 	2611 	3309 	3636 	4509 	4695 	4747 	6582 	6683 	7061 	 
0 	171 	823 	3199 	4838 	6598 	7588 	 
0 	822 	875 	3669 	5779 	6280 	7556 	7789 	8199 	 
0 	251 	591 	603 	724 	1140 	2153 	2712 	3476 	3831 	4214 	4913 	4937 	5768 	6965 	9963 	 
0 	341 	1163 	1641 	2044 	3100 	3161 	3420 	4597 	4797 	4928 	6062 	7059 	7496 	8951 	9999 	 
0 	43 	538 	1802 	2139 	2744 	3823 	7235 	8983 	9562 	 
0 	1670 	1917 	3114 	4619 	5261 	5463 	5649 	9205 	 
0 	626 	692 	768 	3375 	3396 	4199 	4564 	6445 	7132 	9268 	 
0 	1310 	2159 	3848 	7798 	8317 	 
0 	80 	232 	2093 	3668 	5256 	6655 	6878 	7302 	7561 	7925 	8312 	 
0 	234 	1461 	1540 	1637 	3926 	3947 	5410 	7187 	7200 	8751 	8836 	 
0 	840 	1163 	2287 	5431 	6636 	7124 	 
0 	370 	522 	1216 	4519 	4525 	4748 	7494 	7857 	8063 	8266 	8836 	9121 	9888 	 
0 	2050 	2320 	4402 	4632 	5520 	5702 	5768 	6992 	7276 	7475 	7760 	8420 	8931 	 
0 	285 	2087 	3324 	3627 	3922 	5133 	5506 	9045 	9885 	 
0 	2039 	2078 	2189 	2509 	4753 	4960 	8465 	8721 	8735 	8858 	 
0 	1210 	1228 	1408 	3024 	3582 	4291 	4613 	4868 	5745 	5962 	5988 	5994 	6704 	8286 	8865 	8890 	9081 	9576 	 
0 	1814 	2408 	3595 	4808 	5219 	6117 	6568 	7371 	7642 	 
0 	1873 	2374 	2510 	2761 	4985 	5081 	7110 	9148 	9252 	9262 	9424 	9502 	9856 	 
0 	967 	2396 	3219 	3594 	4914 	5830 	5962 	8241 	9367 	 
0 	741 	1092 	1716 	1922 	2442 	3765 	4495 	5315 	5883 	6386 	7790 	8927 	9773 	9899 	 
0 	898 	2373 	3602 	6548 	8951 	9918 	 
0 	247 	1645 	1693 	2220 	5726 	8413 	9698 	 
0 	226 	839 	4497 	4635 	4805 	6361 	7073 	7732 	 
0 	566 	1971 	2144 	2259 	2699 	3796 	7404 	7871 	7982 	7995 	9307 	9508 	9591 	 
0 	504 	742 	1339 	2744 	3079 	4223 	4466 	4698 	5001 	5003 	5028 	5237 	5449 	5737 	6115 	9039 	 
0 	476 	1285 	1918 	4485 	4487 	5078 	5636 	6443 	6821 	8230 	8276 	9477 	 
0 	1603 	3065 	3976 	4562 	5122 	9305 	 
0 	1590 	2144 	2707 	3851 	4613 	 
0 	2572 	2965 	 
0 	1325 	1586 	4398 	5377 	7250 	 
0 	610 	1981 	3797 	4606 	6924 	7084 	 
0 	410 	695 	2993 	5173 	5778 	7206 	7659 	8514 	 
0 	2271 	5204 	5435 	7382 	7978 	8188 	 
0 	568 	1451 	2373 	3458 	4393 	7864 	8824 	9406 	9649 	9788 	 
0 	625 	671 	1324 	2032 	5896 	6260 	7465 	8306 	8576 	8621 	 
0 	224 	299 	4559 	7559 	8644 	 
0 	619 	3789 	5070 	6254 	7771 	 
0 	5245 	6107 	6392 	6612 	8285 	8830 	9974 	 
0 	1919 	2311 	3081 	3491 	4610 	5880 	9875 	 
0 	16 	1111 	2005 	2353 	4576 	4825 	5995 	6377 	7401 	9457 	 
0 	42 	2034 	2533 	2759 	3444 	5583 	7076 	7564 	8321 	8614 	9678 	 
0 	546 	1757 	3632 	3737 	4544 	6376 	6558 	6865 	7019 	7225 	7654 	8401 	 
0 	1651 	1731 	1980 	2617 	2779 	3269 	5071 	6413 	7319 	8060 	 
0 	1614 	1813 	3624 	4598 	5392 	5470 	6080 	6133 	6673 	8786 	8840 	8906 	9620 	 
0 	167 	228 	2324 	2958 	4765 	4854 	9591 	 
0 	52 	202 	308 	2209 	2212 	2963 	3948 	4707 	5148 	5290 	5732 	6348 	6579 	9125 	9126 	9372 	 
0 	55 	192 	1579 	3889 	4156 	7382 	8680 	9107 	9955 	 
0 	124 	2406 	2650 	2761 	4015 	6699 	7640 	8338 	8871 	9477 	 
0 	62 	402 	842 	1702 	2577 	3142 	3276 	6881 	7929 	8437 	8663 	9962 	 
0 	183 	652 	788 	1625 	2515 	2537 	3371 	3499 	3717 	6411 	6432 	6546 	6861 	7349 	8271 	9239 	 
0 	118 	1428 	2750 	3835 	5659 	7008 	8161 	8904 	 
0 	714 	2711 	2952 	3921 	3942 	4899 	5092 	5472 	5525 	5973 	6227 	8601 	 
0 	1464 	3940 	4315 	5287 	6800 	6925 	7922 	9162 	 
0 	928 	1487 	1682 	2580 	2797 	3461 	3624 	4116 	5186 	5742 	5905 	 
0 	763 	3216 	3816 	4590 	5511 	5636 	8698 	9859 	 
0 	40 	140 	1639 	1914 	2999 	5247 	5610 	6031 	6737 	6908 	7231 	7811 	8955 	9329 	 
0 	308 	1318 	2443 	4329 	4351 	4443 	4847 	5164 	8733 	8971 	9417 	 
0 	1205 	1933 	2188 	3949 	4106 	4434 	7024 	7183 	7735 	8225 	8896 	9430 	 
0 	47 	178 	1097 	2074 	4347 	5083 	6830 	7686 	8247 	8274 	9413 	9445 	 
0 	905 	2935 	5314 	8682 	 
0 	568 	1501 	2037 	2572 	2955 	4245 	4944 	5368 	5517 	5564 	5706 	7597 	8041 	8843 	8978 	 
0 	925 	1263 	2484 	2918 	4170 	4375 	4380 	4927 	9570 	9963 	 
0 	545 	730 	757 	865 	1150 	1292 	1397 	2249 	2570 	3700 	6185 	6571 	7813 	8232 	 
0 	284 	401 	4129 	5125 	5238 	6389 	6862 	7321 	8355 	8424 	8844 	 
0 	31 	1426 	3456 	4593 	4736 	7416 	8260 	8389 	8837 	 
0 	580 	1174 	1908 	2548 	3007 	3218 	3368 	4516 	5944 	6765 	6770 	7524 	7600 	8486 	8606 	9646 	 
0 	3124 	3361 	5135 	5503 	5847 	6478 	6732 	9676 	 
0 	1019 	1563 	2790 	4228 	5219 	6436 	6963 	7364 	8181 	9050 	9134 	9567 	 
0 	332 	943 	1279 	2114 	3269 	9210 	 
0 	214 	1229 	1546 	1583 	2023 	2348 	3179 	3311 	3599 	3849 	4571 	5239 	6369 	6997 	8212 	8231 	 
0 	261 	2627 	3595 	5792 	6540 	6650 	7503 	7706 	8967 	9837 	 
0 	1541 	4527 	8279 	9629 	 
0 	831 	1795 	2184 	3251 	3806 	4037 	4047 	4658 	5055 	7701 	7895 	8328 	9272 	 
0 	1615 	2881 	3679 	4847 	6346 	6645 	8066 	9619 	 
0 	799 	1494 	3050 	3309 	5489 	5513 	7507 	8417 	8648 	9279 	9981 	 
0 	4705 	5245 	5649 	6170 	6517 	6874 	 
0 	84 	173 	444 	2835 	3339 	5929 	6861 	6962 	7104 	7760 	8573 	8669 	8852 	 
0 	2688 	2919 	4400 	4534 	4568 	5033 	5673 	5831 	5864 	7579 	8057 	8677 	 
0 	690 	1174 	2162 	2290 	5922 	5964 	6451 	7233 	 
0 	57 	277 	2606 	2732 	3033 	4535 	5015 	6154 	8015 	8120 	9370 	9876 	 
0 	169 	1481 	1685 	2307 	3875 	4899 	5703 	6968 	7690 	8213 	 
0 	513 	839 	2073 	5143 	5149 	6077 	7132 	9662 	9872 	 
0 	286 	1419 	1461 	1999 	2216 	2309 	5589 	6457 	8239 	9103 	 
0 	1112 	1382 	2052 	2607 	3463 	4273 	5360 	5475 	6631 	7116 	7132 	7658 	8948 	 
0 	3474 	4081 	4535 	5764 	6528 	7294 	9218 	9429 	 
0 	158 	1803 	3079 	5389 	5700 	7751 	8923 	9288 	9667 	9721 	 
0 	1079 	1741 	2617 	3236 	3888 	6378 	7325 	8160 	8939 	9451 	 
0 	88 	700 	1659 	3384 	3811 	3996 	5415 	5783 	6254 	6637 	7516 	8167 	9391 	 
0 	1039 	1083 	3728 	4865 	5224 	5631 	6425 	7257 	7430 	8685 	9251 	9559 	 
0 	3903 	4600 	4707 	5357 	6999 	7040 	8466 	9346 	9539 	 
0 	310 	1872 	2393 	2524 	2829 	3442 	4216 	6112 	7190 	7728 	 
0 	1803 	2471 	4875 	5084 	6561 	7387 	8421 	9394 	 
0 	91 	670 	735 	764 	1062 	3527 	6364 	7394 	8382 	9082 	 
0 	2058 	3803 	4078 	4466 	8758 	9052 	9412 	9896 	 
0 	100 	1955 	2621 	3824 	5579 	8300 	9494 	 
0 	2040 	2159 	6514 	6918 	7893 	8171 	8595 	9364 	 
0 	266 	1670 	2449 	4221 	5107 	8024 	9696 	9832 	 
0 	300 	899 	1097 	1988 	3006 	4127 	5507 	5516 	5718 	6279 	6383 	6739 	 
0 	161 	730 	1886 	2687 	5530 	7627 	7999 	8026 	9868 	 
0 	906 	1521 	3007 	3486 	3851 	3930 	4182 	6061 	8335 	9778 	9906 	 
0 	526 	814 	4004 	4084 	5637 	7579 	9117 	9595 	 
0 	2733 	3784 	4493 	5642 	6338 	7130 	7348 	7756 	8616 	9374 	 
0 	542 	1252 	1862 	1943 	2121 	5015 	5133 	5306 	6297 	6485 	7099 	7537 	8613 	9209 	9277 	9313 	9700 	 
0 	1745 	3145 	5867 	6769 	7041 	7296 	9330 	9971 	 
0 	26 	1357 	2607 	2898 	2937 	2993 	3683 	7291 	 
0 	917 	1654 	7302 	7785 	8090 	8639 	9045 	9205 	9370 	 
0 	1648 	5971 	8162 	9515 	9646 	 
0 	411 	1270 	2207 	3292 	6750 	7306 	8009 	9621 	9839 	 
0 	971 	2025 	4924 	5046 	5139 	5837 	8566 	 
0 	274 	433 	1014 	5173 	6176 	6744 	7662 	7965 	8674 	9276 	 
0 	1305 	2314 	2409 	2478 	3592 	3834 	4160 	4177 	5698 	6257 	6981 	9068 	9414 	9594 	 
0 	585 	713 	1100 	1221 	2015 	3242 	4404 	5096 	5892 	6057 	6292 	7924 	7930 	9015 	 
0 	357 	1124 	2982 	3528 	7479 	 
0 	507 	730 	731 	1008 	1352 	1989 	5338 	5939 	9782 	 
0 	133 	246 	2658 	3529 	4158 	4510 	5577 	5606 	7189 	7410 	7815 	8008 	8545 	8996 	9237 	 
0 	711 	2524 	2825 	3006 	3493 	3511 	5306 	7710 	8533 	8716 	9219 	9965 	 
0 	240 	1369 	1430 	2485 	6030 	8218 	 
0 	1321 	1673 	1733 	3965 	5379 	5782 	6266 	7230 	7476 	8251 	8717 	 
0 	1769 	1967 	2662 	3786 	4562 	5412 	7730 	8992 	9235 	 
0 	309 	572 	2472 	2970 	3501 	3597 	3985 	8576 	8914 	 
0 	1264 	2215 	5546 	5849 	6591 	6986 	 
0 	1495 	2406 	2512 	2530 	2560 	3729 	6856 	 
0 	129 	3264 	5085 	5160 	6410 	6508 	9628 	 
0 	662 	1291 	1611 	3076 	5187 	6930 	 
0 	140 	1197 	2100 	3580 	3787 	5652 	5964 	6840 	6913 	7820 	8278 	 
0 	1072 	1183 	1237 	2302 	2752 	3956 	4125 	4183 	4930 	7295 	8825 	9376 	 
0 	1422 	2508 	2541 	6031 	8917 	8925 	9559 	9918 	 
0 	1004 	1439 	3347 	4140 	4317 	4810 	5194 	5519 	5955 	6047 	6111 	6275 	7362 	8281 	8724 	9570 	 
0 	1790 	4108 	4369 	4734 	5001 	5286 	8876 	9461 	9894 	 
0 	4079 	4312 	6572 	6828 	7150 	7988 	9744 	 
0 	12 	422 	701 	1378 	2248 	3920 	5415 	5862 	9049 	9574 	9654 	 
0 	4593 	4766 	5712 	5733 	6964 	7195 	 
0 	164 	592 	1656 	2170 	2354 	2961 	3824 	4009 	5845 	5909 	7309 	8583 	9889 	 
0 	2 	495 	1985 	4614 	5719 	6737 	6806 	7693 	7990 	8188 	9901 	 
0 	1935 	2727 	4224 	6284 	7885 	8637 	9347 	 
0 	1958 	2275 	2999 	4025 	4408 	4832 	4979 	6956 	8348 	 
0 	2366 	2970 	3548 	9156 	9993 	 
0 	3826 	5580 	 
0 	1368 	1771 	3387 	4204 	4422 	4533 	4594 	7828 	8432 	 
0 	194 	207 	5781 	6870 	7813 	7893 	9211 	 
0 	1237 	1424 	3006 	3130 	4862 	5128 	5882 	6355 	6483 	6966 	7270 	7646 	9150 	 
0 	1236 	1588 	3963 	4433 	6945 	7394 	8094 	 
0 	1614 	1785 	2162 	3141 	3583 	5755 	5796 	8104 	 
0 	233 	3094 	3508 	3621 	4323 	5184 	6418 	6427 	6608 	7433 	7854 	9250 	 
0 	2671 	3568 	3717 	4188 	4466 	4838 	5039 	5212 	5598 	5943 	6312 	6398 	6962 	7640 	7727 	7919 	8929 	 
0 	1095 	2510 	5982 	8545 	8562 	8568 	8656 	8806 	9295 	9499 	 
0 	1141 	3768 	4477 	6432 	7838 	8804 	9320 	 
0 	132 	1883 	2218 	2480 	2814 	2878 	3880 	4937 	4966 	7140 	7614 	7654 	9437 	 
0 	859 	1324 	2319 	4704 	6232 	7498 	8446 	 
0 	3853 	5935 	6962 	7629 	 
0 	69 	277 	1209 	1488 	1850 	1978 	3793 	5228 	5811 	5845 	6807 	7844 	 
0 	223 	2875 	2950 	2984 	4689 	6673 	7602 	8818 	 
0 	123 	1909 	2528 	4813 	6411 	9850 	 
0 	1161 	2188 	2402 	2438 	2728 	2845 	4576 	6170 	6431 	7929 	8170 	8880 	9344 	 
0 	557 	2847 	2963 	3509 	5796 	6507 	6640 	6893 	7679 	7904 	8310 	 
0 	2458 	4769 	5933 	6263 	6666 	9181 	 
0 	1189 	1837 	2567 	2689 	4255 	5219 	6246 	6286 	7437 	7620 	7723 	 
0 	760 	806 	2092 	2799 	2854 	3702 	3743 	5426 	5955 	6467 	6515 	6902 	8155 	8769 	9698 	9930 	 
0 	1467 	2564 	4312 	4342 	5185 	6734 	6982 	7346 	 
0 	941 	1965 	1979 	2297 	4428 	4903 	5358 	7062 	9328 	 
0 	1530 	2115 	3162 	4398 	6274 	8566 	 
0 	2189 	3593 	3754 	3944 	5272 	5800 	5804 	 
0 	1258 	2174 	2295 	3669 	4054 	5318 	6519 	6595 	8450 	8991 	 
0 	4 	2272 	3730 	3839 	4831 	5074 	5783 	5979 	6226 	6955 	7062 	9228 	9295 	9726 	 
0 	560 	6346 	6939 	7555 	7888 	8382 	9628 	9769 	 
0 	1605 	2202 	3346 	4482 	6408 	9895 	 
0 	198 	1059 	1119 	1826 	2532 	2921 	3187 	4237 	4630 	5336 	5880 	6788 	7255 	7342 	8397 	 
0 	563 	775 	6775 	7145 	7676 	7716 	8271 	8417 	8835 	9092 	 
0 	142 	227 	527 	788 	2926 	3285 	4919 	5199 	6222 	6453 	7098 	 
0 	516 	583 	2192 	3001 	3464 	3855 	4232 	5790 	5925 	6353 	8212 	9124 	9582 	9665 	 
0 	4169 	5598 	6071 	6227 	6317 	6622 	6678 	7029 	7569 	8109 	8655 	 
0 	1108 	1602 	2369 	3392 	4764 	5117 	6286 	7868 	9108 	9293 	 
0 	56 	2368 	3283 	4229 	4242 	7118 	7904 	8533 	 
0 	879 	932 	1976 	3457 	3553 	4521 	4954 	5069 	6735 	6750 	6818 	7170 	7480 	8161 	8380 	8466 	8971 	9741 	 
0 	1690 	2817 	4029 	5280 	6501 	7678 	8581 	9206 	9711 	 
0 	150 	3148 	4471 	8248 	 
0 	2132 	4190 	6790 	8605 	9167 	9219 	 
0 	1418 	2267 	2560 	2927 	3298 	4735 	5361 	5963 	7386 	7573 	8586 	9403 	 
0 	686 	946 	957 	2461 	2623 	3704 	4125 	4731 	4960 	5275 	6393 	6772 	7701 	7719 	9563 	9590 	 
0 	52 	276 	360 	920 	2043 	4596 	5778 	6341 	6647 	7846 	9636 	 
0 	974 	2594 	2854 	4111 	7320 	9124 	9785 	 
0 	3638 	3830 	3888 	3917 	5563 	6236 	6836 	7570 	7805 	7973 	8440 	 
0 	164 	1357 	1758 	2937 	3664 	4759 	5167 	5492 	5833 	6338 	6393 	8800 	8815 	 
0 	125 	3337 	4415 	4459 	5385 	6610 	6800 	7542 	7842 	9624 	9684 	 
0 	31 	1366 	2044 	2455 	4117 	4661 	5206 	6473 	6610 	8204 	8550 	9878 	 
0 	1004 	5342 	8808 	 
0 	2756 	3859 	4187 	4616 	4650 	4849 	5216 	5311 	8086 	8477 	9147 	 
0 	963 	2358 	4560 	4595 	5406 	5856 	7768 	8069 	8370 	8927 	 
0 	8 	42 	2851 	2853 	3198 	4332 	4551 	5032 	5320 	6118 	6856 	7226 	7376 	7751 	9377 	9715 	 
0 	1052 	2768 	2865 	3462 	5828 	7306 	7979 	8308 	8648 	9083 	9522 	9527 	9680 	 
0 	688 	1478 	2281 	4318 	4694 	5386 	6589 	6868 	7647 	8412 	8950 	9022 	9516 	9522 	 
0 	688 	749 	2598 	5865 	8603 	9918 	 
0 	463 	539 	2085 	2214 	2235 	2328 	2563 	2831 	3654 	4259 	5251 	6077 	7025 	7901 	7958 	8521 	8723 	 
0 	2006 	2013 	2753 	3118 	3144 	4252 	4431 	6639 	6865 	7394 	7643 	 
0 	714 	1082 	2053 	2384 	2965 	4754 	6733 	6764 	6854 	6914 	7790 	7862 	7866 	8350 	8840 	 
0 	1575 	1877 	2203 	3344 	3633 	5115 	5844 	6568 	9902 	 
0 	701 	995 	1494 	2095 	4687 	5414 	6304 	7468 	8178 	8715 	9694 	9766 	 
0 	1197 	1310 	2105 	2733 	2756 	2797 	3500 	4217 	4471 	4573 	5719 	5923 	9858 	 
0 	238 	942 	2558 	4165 	4558 	5626 	5769 	6380 	8126 	9949 	 
0 	53 	320 	623 	1982 	2587 	3008 	3930 	4641 	6898 	7834 	8240 	9781 	 
0 	303 	1027 	2353 	3124 	6024 	6042 	6510 	7965 	7993 	9850 	9929 	 
0 	1587 	1784 	2764 	3965 	4774 	5425 	6666 	7983 	8193 	9480 	 
0 	1837 	2412 	4653 	5629 	5678 	5791 	6157 	7598 	9122 	9332 	9407 	 
0 	1048 	1721 	2696 	3535 	4302 	4673 	5093 	7192 	9889 	 
0 	2302 	2415 	2697 	5433 	6040 	8945 	 
0 	450 	490 	954 	1502 	2040 	4908 	8089 	8607 	9424 	 
0 	1204 	1941 	2043 	2859 	2866 	4867 	8623 	 
0 	937 	1923 	3248 	3520 	4258 	6180 	6767 	6921 	8193 	9012 	 
0 	3991 	4834 	5289 	7536 	7620 	8410 	9354 	 
0 	413 	631 	726 	1035 	1088 	1335 	2085 	2459 	3244 	4404 	6913 	7465 	7886 	8386 	9276 	 
0 	1938 	2279 	4619 	5024 	5589 	6041 	7710 	7804 	8065 	 
0 	15 	1011 	3459 	4859 	5292 	5659 	6389 	8129 	8292 	9499 	 
0 	62 	313 	703 	726 	1738 	1756 	2575 	4937 	5572 	6253 	6904 	8512 	9225 	 
0 	51 	1378 	1536 	1625 	3790 	4338 	6918 	7416 	7442 	7591 	7623 	7825 	9347 	9669 	 
0 	2905 	5265 	5339 	5612 	6569 	6626 	8087 	8655 	8741 	9033 	 
0 	2566 	3037 	3724 	6309 	7453 	 
0 	2513 	2779 	2824 	3057 	3183 	3874 	4435 	5727 	5767 	6975 	7511 	7922 	9255 	9690 	9768 	 
0 	670 	1141 	1754 	1965 	2426 	3903 	8685 	9798 	 
0 	1037 	1461 	2219 	2879 	5158 	5689 	8440 	9963 	 
0 	1844 	2637 	4411 	4876 	4902 	5227 	7756 	9028 	9682 	 
0 	903 	1252 	1830 	5027 	7636 	8134 	9151 	 
0 	929 	1043 	3012 	4630 	9732 	 
0 	820 	2111 	2576 	3253 	4938 	5694 	7883 	9079 	9193 	 
0 	2440 	4420 	4581 	5427 	6807 	9710 	 
0 	102 	748 	1099 	1511 	2093 	2666 	2804 	4032 	4404 	6314 	7234 	8458 	 
0 	493 	1009 	2315 	2480 	2849 	2865 	3605 	4187 	4280 	6730 	6940 	7233 	9293 	 
0 	1042 	2137 	2913 	3410 	3718 	3788 	5748 	5871 	7391 	 
0 	1065 	1927 	2512 	6159 	6422 	7653 	8692 	8720 	8736 	9089 	 
0 	985 	1832 	2796 	3548 	3918 	5280 	6391 	 
0 	1713 	1794 	4761 	6147 	7195 	 
0 	78 	2696 	3783 	4581 	6802 	7692 	8138 	 
0 	13 	445 	5890 	8047 	9083 	 
0 	659 	1868 	5786 	6856 	8824 	9178 	 
0 	51 	446 	546 	1389 	1452 	2572 	3075 	3150 	3395 	4411 	7161 	7490 	8418 	8518 	 
0 	2245 	2650 	4295 	7598 	8399 	8425 	 
0 	236 	519 	1069 	1210 	2225 	2940 	3145 	4485 	6087 	6193 	9447 	 
0 	2402 	2708 	3018 	3832 	4343 	5876 	6158 	7798 	9339 	 
0 	127 	182 	2075 	3467 	4327 	5462 	5683 	7482 	8027 	8432 	 
0 	500 	652 	673 	1142 	1267 	2177 	3464 	5554 	6543 	6948 	7090 	7982 	9292 	9710 	 
0 	677 	1089 	1241 	1599 	2658 	3356 	6470 	6870 	7088 	8799 	9344 	 
0 	1811 	1981 	4534 	5099 	6474 	8225 	9589 	 
0 	1393 	2160 	2977 	4172 	4641 	5820 	5857 	6444 	8263 	8549 	9957 	9978 	 
0 	976 	1613 	2368 	2461 	3693 	4746 	5416 	5434 	6128 	6948 	7166 	8695 	9000 	9464 	 
0 	964 	2576 	3017 	5019 	5686 	6321 	7002 	7351 	7813 	 
0 	5810 	6658 	 
0 	1987 	2611 	4051 	4221 	4776 	4781 	5323 	5410 	6243 	7965 	7993 	8472 	 
0 	653 	677 	2431 	4911 	5060 	5233 	5306 	5591 	6507 	7261 	9457 	9947 	 
0 	555 	1294 	1928 	2699 	4025 	4354 	5237 	6155 	8948 	9577 	 
0 	725 	1228 	2062 	2493 	3003 	3089 	4739 	4747 	4960 	5243 	5656 	5888 	6558 	6707 	7024 	8461 	8748 	8891 	 
0 	2044 	2069 	2225 	2897 	4171 	7161 	8734 	9067 	9685 	9978 	 
0 	1107 	1376 	1386 	2080 	2204 	2454 	2540 	3684 	4480 	5081 	7271 	7665 	9792 	9877 	 
0 	565 	1045 	2853 	6180 	6311 	8610 	9009 	9411 	 
0 	49 	351 	1029 	2502 	2560 	2679 	7041 	9444 	9660 	9702 	9707 	9905 	 
0 	785 	1261 	1995 	2248 	2537 	6053 	7328 	 
0 	1215 	4823 	5082 	9622 	 
0 	11 	687 	770 	1071 	1445 	2028 	2812 	2948 	3555 	6345 	7190 	8950 	9039 	9130 	9247 	 
0 	2624 	3559 	4994 	5870 	6327 	 
0 	300 	589 	1334 	1422 	1779 	2366 	3980 	4002 	4267 	6337 	7944 	 
0 	326 	986 	3393 	6082 	6125 	7054 	7550 	7791 	8262 	8918 	 
0 	380 	699 	1142 	1185 	1921 	3042 	3724 	3738 	4409 	4573 	5507 	5830 	7829 	8425 	9115 	9913 	 
0 	3411 	3491 	5150 	5765 	6385 	6464 	6716 	7480 	8645 	8955 	 
0 	654 	1496 	3259 	3537 	3986 	6173 	6898 	7399 	8387 	8590 	9606 	9630 	9951 	 
0 	1013 	1512 	3412 	4222 	5642 	5833 	8033 	8256 	 
0 	22 	2816 	3152 	4088 	4877 	6247 	6274 	7190 	 
0 	478 	529 	1470 	3550 	5734 	5743 	7592 	7853 	8806 	 
0 	531 	2046 	2326 	2509 	4181 	7478 	7651 	8289 	9891 	 
0 	280 	1449 	1719 	5707 	6471 	7351 	7488 	7819 	7855 	8724 	 
0 	4766 	4990 	6274 	6598 	7432 	7864 	8318 	9272 	9859 	 
0 	40 	273 	422 	614 	2560 	2883 	3271 	3884 	3931 	4623 	5296 	5337 	5733 	7113 	7235 	8435 	8984 	 
0 	2783 	4158 	5062 	5481 	6515 	7079 	7136 	9133 	 
0 	486 	3241 	4903 	5706 	5974 	6222 	8586 	8982 	9195 	 
0 	555 	1030 	2356 	2457 	3203 	4804 	7078 	7560 	7804 	8143 	8785 	9141 	9616 	 
0 	1485 	4539 	6595 	8722 	9033 	 
0 	529 	555 	2316 	4675 	5261 	6105 	8416 	8633 	 
0 	155 	2897 	3650 	3747 	5321 	5352 	7276 	 
0 	1569 	2154 	2359 	3498 	4882 	4934 	6240 	6932 	9601 	 
0 	125 	840 	1845 	2441 	5817 	7223 	7730 	7822 	8380 	9222 	 
0 	934 	1255 	1741 	2776 	3709 	4434 	5182 	5726 	6158 	6685 	6774 	7254 	7381 	7648 	 
0 	428 	1508 	1524 	2357 	3430 	3553 	4275 	4495 	7572 	9364 	 
0 	453 	4594 	5383 	7424 	7898 	9342 	 
0 	12 	113 	286 	300 	1046 	1272 	3315 	3997 	4344 	5084 	5154 	6507 	8366 	8412 	9887 	 
0 	12 	711 	2727 	3467 	4413 	5247 	5867 	5894 	6188 	6565 	7305 	7558 	8134 	 
0 	1200 	2417 	2663 	4114 	4535 	5862 	8078 	 
0 	419 	1028 	2469 	4583 	5075 	5583 	6446 	6984 	8202 	9197 	 
0 	943 	1010 	1210 	1323 	3536 	3655 	4759 	4855 	5077 	5803 	6550 	7911 	8288 	8318 	8553 	8765 	 
0 	1053 	1692 	2061 	2951 	3142 	4969 	5681 	5684 	6417 	6809 	7227 	7265 	 
0 	825 	1555 	2089 	3623 	5891 	6663 	7763 	8118 	8169 	8741 	 
0 	146 	455 	2566 	4039 	6182 	6394 	6763 	7195 	7391 	7441 	 
0 	651 	1147 	2734 	7916 	9001 	9160 	9560 	 
0 	590 	1103 	1361 	1516 	2140 	2893 	3660 	3707 	4765 	4999 	5067 	6670 	7842 	9096 	9881 	 
0 	304 	1006 	2060 	2560 	2985 	4194 	4919 	5038 	6480 	6998 	9553 	9634 	 
0 	72 	1453 	2938 	3682 	4052 	6251 	6474 	9157 	 
0 	1860 	2112 	3141 	6396 	6992 	7025 	7125 	7594 	9319 	9507 	 
0 	601 	1417 	2513 	2741 	3628 	3925 	4663 	4723 	5681 	6645 	8589 	 
0 	338 	528 	3694 	3804 	4130 	5072 	6105 	7232 	7261 	7728 	9770 	 
0 	247 	473 	1875 	1927 	2254 	2904 	2966 	3125 	4855 	 
0 	869 	1161 	2389 	3432 	3435 	4107 	5636 	5840 	7863 	8992 	 
0 	551 	806 	1198 	1430 	2540 	5256 	6135 	9666 	 
0 	648 	1682 	2766 	3030 	3912 	6788 	8029 	8107 	8755 	 
0 	778 	811 	1555 	2419 	3082 	5954 	6485 	7048 	7429 	7779 	9298 	 
0 	900 	1887 	2252 	3703 	3957 	6526 	6628 	7045 	8332 	8928 	9954 	 
0 	899 	1256 	2732 	2828 	4132 	6446 	8030 	8135 	 
0 	3985 	4919 	5607 	6452 	6643 	8825 	 
0 	4784 	5676 	5883 	6922 	7316 	7982 	8109 	8978 	 
0 	47 	167 	267 	278 	536 	1923 	3909 	4329 	6648 	7798 	8492 	 
0 	124 	1257 	3515 	3755 	3912 	4572 	6493 	7822 	8460 	8511 	 
0 	2739 	3706 	5276 	5729 	7561 	9596 	9859 	 
0 	225 	371 	402 	2352 	2786 	3975 	4036 	6285 	6484 	6742 	 
0 	550 	1227 	1675 	2569 	2961 	3163 	4820 	6226 	6899 	7673 	8965 	9235 	 
0 	978 	1301 	2041 	4031 	6326 	6777 	8197 	8974 	 
0 	1653 	3710 	5292 	5353 	5894 	6515 	6598 	 
0 	572 	2502 	3214 	3738 	3982 	4298 	4600 	5497 	5913 	7546 	8608 	8721 	9353 	 
0 	137 	1975 	4457 	6348 	6532 	8120 	 
0 	1793 	2526 	5785 	6312 	7831 	 
0 	2067 	2225 	2638 	6090 	6218 	7138 	7225 	8864 	 
0 	93 	2781 	5498 	6355 	6392 	6752 	8210 	 
0 	2794 	2924 	3247 	4331 	4750 	4890 	5266 	6535 	7805 	8419 	8499 	8962 	 
0 	3334 	4201 	4484 	4685 	7389 	8147 	 
0 	1969 	2733 	3736 	9514 	9953 	 
0 	1705 	3309 	3909 	6227 	7432 	9246 	9478 	 
0 	1252 	2314 	3082 	4426 	6258 	6725 	7449 	 
0 	471 	750 	1219 	6721 	8113 	8303 	8600 	9003 	9270 	 
0 	1605 	2340 	2506 	3524 	4121 	4534 	4854 	4874 	5332 	6805 	8148 	9509 	 
0 	470 	1906 	2259 	3039 	4786 	4888 	5752 	6840 	7019 	7997 	8892 	8960 	8980 	 
0 	2654 	3533 	3658 	3923 	4312 	5311 	6987 	7507 	7541 	8294 	 
0 	837 	1484 	2031 	4362 	5488 	 
0 	824 	1040 	1059 	1601 	2121 	5730 	7254 	8079 	8984 	 
0 	460 	1297 	2061 	2130 	2720 	4873 	6278 	7857 	8350 	8544 	 
0 	2317 	4637 	4914 	6203 	7216 	8250 	8621 	9814 	 
0 	1682 	3475 	4390 	4486 	4780 	6453 	6954 	7167 	7577 	8762 	 
0 	4134 	4892 	6147 	6930 	9244 	 
0 	1392 	2497 	3516 	4555 	5231 	5939 	7219 	7465 	8633 	 
0 	61 	275 	505 	1595 	4494 	5083 	5387 	6379 	6893 	7054 	7118 	8010 	 
0 	2210 	2225 	2876 	6381 	9992 	 
0 	866 	1020 	3302 	4078 	4412 	4563 	5314 	5788 	6285 	8048 	8652 	8895 	 
0 	265 	774 	2447 	3336 	3799 	5554 	6705 	7699 	8415 	8499 	 
0 	170 	780 	3338 	5047 	5498 	5665 	6831 	7317 	7324 	7799 	8617 	9211 	 
0 	131 	170 	535 	1907 	1985 	2832 	3975 	5738 	6204 	6260 	6290 	8179 	8567 	9247 	9675 	 
0 	740 	855 	1877 	3712 	4824 	5373 	7094 	8636 	9355 	9664 	 
0 	1245 	1714 	4068 	4747 	5421 	8401 	9397 	 
0 	2227 	4414 	4730 	4848 	5130 	6094 	6470 	6794 	7486 	7998 	8922 	9103 	9592 	 
0 	740 	2233 	2857 	3585 	3622 	3878 	4206 	5238 	6648 	6878 	7614 	9126 	 
0 	139 	2730 	3526 	4185 	4194 	4618 	5135 	5190 	5778 	6306 	7171 	7478 	9040 	9560 	 
0 	253 	523 	1055 	1703 	1758 	3724 	5528 	5998 	6976 	7390 	7583 	8515 	 
0 	972 	1117 	1473 	2279 	3079 	4370 	4957 	6895 	6912 	7473 	9649 	 
0 	1500 	1909 	5811 	7721 	9559 	 
0 	286 	2872 	5368 	5488 	6849 	8096 	9229 	 
0 	1998 	2781 	4188 	4754 	4893 	5408 	5665 	6647 	7603 	7892 	9251 	9271 	9897 	9918 	 
0 	784 	808 	2899 	2958 	5028 	5139 	6616 	6834 	7038 	7412 	7678 	7850 	8301 	9147 	 
0 	188 	497 	1781 	1868 	2225 	3035 	4490 	5403 	6291 	6856 	7110 	7784 	7996 	8199 	9667 	 
0 	175 	259 	1962 	5867 	6236 	 
0 	1002 	2332 	2579 	3695 	5137 	5896 	8785 	8928 	8941 	9851 	 
0 	468 	2065 	2553 	3643 	3654 	4526 	4548 	6435 	7277 	7312 	7652 	7990 	9058 	9990 	 
0 	771 	1796 	2174 	2200 	2227 	5913 	6474 	6722 	7933 	8016 	8044 	8888 	8909 	9522 	 
0 	328 	721 	1133 	2456 	2613 	3354 	4062 	5052 	5812 	6225 	6573 	7315 	7620 	9198 	9721 	 
0 	1045 	1727 	4780 	4843 	5943 	6582 	7071 	7307 	8225 	9280 	 
0 	236 	2862 	3372 	6080 	7860 	7909 	 
0 	274 	1867 	2613 	2756 	4888 	4971 	5383 	5651 	6020 	6853 	7267 	7584 	8661 	 
0 	41 	1422 	3801 	4830 	5107 	5505 	6776 	7927 	9534 	9659 	 
0 	1834 	3372 	5072 	5085 	5237 	5940 	6404 	8256 	8413 	8516 	8996 	 
0 	245 	509 	749 	1087 	2367 	2467 	2855 	4628 	5197 	5596 	6226 	6817 	6843 	8023 	9551 	 
0 	250 	442 	1840 	3560 	4708 	4811 	7161 	7727 	8268 	 
0 	1266 	2893 	4769 	5065 	6928 	8321 	8952 	9605 	9962 	 
0 	2035 	2625 	3845 	3883 	5321 	5879 	6591 	7106 	7940 	8008 	 
0 	3648 	3732 	7393 	7715 	8774 	8899 	 
0 	152 	850 	1970 	2671 	 
0 	359 	423 	1039 	1384 	3166 	3720 	5342 	6318 	6527 	7327 	7390 	7585 	9093 	9354 	9444 	 
0 	311 	2937 	4383 	5308 	7008 	8406 	9232 	 
0 	3116 	4874 	5866 	6502 	7463 	9149 	9171 	 
0 	365 	1639 	1675 	2506 	5949 	9679 	9902 	 
0 	2085 	2647 	4509 	6701 	7428 	7601 	9135 	9351 	 
0 	2652 	3659 	4839 	5183 	5939 	5961 	6776 	7276 	7759 	8832 	9055 	9078 	9622 	 
0 	378 	503 	791 	1754 	1880 	5153 	5388 	 
0 	4071 	5158 	5793 	7035 	7872 	8766 	9544 	 
0 	362 	868 	1456 	2420 	2986 	4678 	4725 	4909 	5170 	5265 	5538 	6578 	7406 	7540 	7604 	8864 	9298 	9813 	 
0 	1472 	2527 	2791 	3857 	4037 	4557 	8993 	 
0 	2178 	2236 	5384 	8395 	 
0 	2089 	3473 	3653 	3901 	4484 	6461 	7707 	9284 	9485 	9505 	9731 	9895 	 
0 	701 	5667 	6247 	7281 	8389 	8980 	9325 	9975 	 
0 	675 	1005 	1151 	1953 	2244 	2511 	2690 	3514 	3652 	5378 	5874 	7071 	 
0 	1348 	3140 	4249 	5026 	9744 	 
0 	968 	2163 	2232 	3249 	3479 	4383 	5279 	7344 	7514 	7640 	 
0 	1894 	2570 	3109 	4296 	7785 	9009 	9093 	9545 	 
0 	2038 	2519 	3287 	4751 	4758 	6169 	7654 	8998 	 
0 	1277 	1288 	1665 	5338 	6273 	7052 	7215 	8602 	8876 	9358 	 
0 	67 	299 	850 	1097 	1241 	1366 	3129 	4619 	4873 	5226 	5352 	6534 	9800 	 
0 	3265 	6620 	6654 	9763 	 
0 	1120 	2564 	3159 	4369 	4418 	6696 	 
0 	144 	811 	1788 	2047 	2049 	2653 	3245 	3314 	4846 	5196 	7097 	8005 	8520 	9212 	 
0 	545 	778 	1157 	2673 	4172 	4529 	4539 	5805 	6701 	8735 	8850 	9175 	 
0 	329 	688 	1492 	2374 	3059 	3966 	6288 	8655 	9147 	 
0 	1860 	2967 	3313 	3357 	3717 	4649 	6425 	7176 	9477 	 
0 	2388 	2946 	4928 	5253 	5462 	7028 	7171 	7691 	8552 	 
0 	596 	2564 	2812 	2840 	6081 	8835 	8988 	9048 	9392 	9530 	9952 	 
0 	208 	638 	1676 	1907 	2352 	5516 	5577 	5801 	7325 	7994 	 
0 	1649 	4314 	5067 	5161 	5261 	6157 	6974 	8618 	8988 	9788 	 
0 	1182 	1868 	2590 	2810 	2922 	4512 	4770 	6089 	6559 	6952 	7673 	9413 	9765 	 
0 	1071 	1543 	3453 	4670 	6279 	7657 	7668 	9420 	 
0 	389 	689 	1311 	1668 	3160 	3594 	3943 	4640 	4916 	5090 	6156 	6877 	7089 	7107 	7377 	7873 	7933 	 
0 	1255 	3405 	3710 	3743 	4481 	5529 	6207 	7911 	8581 	 
0 	2594 	3078 	5273 	5791 	5869 	6343 	6840 	7668 	7700 	7739 	7924 	8120 	9003 	9040 	 
0 	2059 	2117 	5246 	5777 	6490 	6765 	6971 	7371 	 
0 	1502 	3750 	4239 	5796 	6250 	6572 	8886 	 
0 	755 	1029 	2193 	2673 	3457 	6800 	7622 	8527 	9260 	 
0 	886 	1299 	2272 	2701 	3688 	4508 	5310 	6114 	6660 	6783 	8049 	9868 	 
0 	741 	946 	1695 	2685 	3817 	4423 	5001 	5480 	5599 	5926 	7307 	7761 	8567 	9535 	 
0 	344 	946 	2742 	5649 	6437 	7087 	7110 	7738 	7907 	9035 	9997 	 
0 	980 	2669 	2685 	2708 	6455 	 
0 	717 	2027 	3860 	4121 	5598 	6688 	6959 	7771 	8740 	9953 	 
0 	264 	4177 	5390 	5443 	6516 	8731 	9361 	 
0 	254 	766 	3175 	3597 	4408 	9798 	9886 	 
0 	943 	2147 	2800 	2970 	4167 	4388 	4451 	5301 	8000 	8598 	9225 	9245 	 
0 	971 	2004 	2350 	5189 	5332 	6547 	8148 	8678 	9745 	 
0 	238 	538 	623 	1784 	2953 	3643 	3813 	3923 	5086 	8723 	9237 	9965 	 
0 	1602 	1796 	2169 	2260 	2593 	3849 	3901 	4465 	4876 	6848 	7260 	8881 	 
0 	1463 	2514 	2580 	3114 	3336 	3725 	3983 	4046 	5431 	7154 	7551 	8069 	9749 	9991 	 
0 	68 	4226 	4529 	4573 	5513 	5691 	6956 	7961 	7973 	8135 	9470 	 
0 	128 	2096 	2272 	2615 	2882 	3191 	4772 	4789 	6431 	9276 	9790 	 
0 	994 	1487 	3001 	5592 	5711 	6169 	7417 	9966 	 
0 	372 	4340 	5145 	7245 	7976 	9008 	 
0 	373 	671 	1481 	1918 	4454 	4861 	4921 	7271 	9260 	9563 	 
0 	567 	5811 	8658 	8839 	9928 	9986 	 
0 	987 	1193 	2299 	2967 	3351 	3735 	5672 	6032 	6348 	6483 	6941 	7733 	 
0 	75 	1657 	1782 	2444 	2567 	2802 	3055 	3125 	4798 	5625 	6440 	6830 	6924 	 
0 	393 	477 	871 	1118 	1145 	1260 	1371 	1486 	2819 	2835 	3273 	4306 	6833 	9791 	 
0 	88 	1128 	1578 	2829 	3195 	4489 	4731 	4939 	7320 	9350 	 
0 	232 	2345 	3548 	3697 	3943 	4351 	4525 	4759 	4845 	5181 	5687 	5963 	7502 	7700 	9425 	9588 	 
0 	302 	1178 	1875 	2403 	8924 	9266 	9493 	 
0 	1275 	3622 	3803 	3885 	4111 	6588 	6760 	6853 	6969 	7144 	7194 	7198 	9798 	9921 	9967 	 
0 	1812 	3700 	4533 	5322 	5703 	5792 	5797 	6409 	6416 	9052 	9066 	9331 	 
0 	285 	1848 	2651 	3956 	4671 	5381 	7798 	8183 	 
0 	577 	1017 	1144 	1471 	2819 	3518 	3735 	5373 	5375 	6199 	7808 	8996 	9028 	 
0 	657 	3023 	3219 	4330 	6145 	6333 	6887 	7665 	8256 	8563 	9234 	 
0 	1084 	1597 	1660 	1678 	2847 	2965 	3230 	4225 	5846 	5867 	5892 	8130 	8957 	 
0 	530 	1656 	1845 	2446 	2593 	2672 	8301 	8384 	9075 	 
0 	3191 	3639 	4589 	4996 	6032 	6467 	7587 	7610 	9322 	9794 	 
0 	212 	1158 	1634 	3831 	5971 	6616 	8970 	9560 	 
0 	454 	2392 	3771 	3955 	4145 	5358 	7292 	7681 	8140 	8478 	9900 	9907 	 
0 	890 	1759 	2991 	3055 	3455 	3760 	7310 	7722 	7798 	 
0 	1975 	3381 	6421 	8716 	9111 	9327 	9685 	9949 	 
0 	117 	2256 	2537 	3407 	3634 	4191 	5374 	5983 	6727 	6857 	7110 	9685 	 
0 	289 	290 	1143 	1527 	3780 	4056 	4545 	4888 	4929 	8599 	8941 	9856 	 
0 	116 	1842 	2418 	3507 	5730 	5970 	6583 	7692 	8229 	8598 	9266 	9571 	 
0 	206 	356 	391 	1193 	2575 	3794 	4479 	4523 	4877 	5234 	7271 	9371 	9874 	 
0 	2745 	3283 	3541 	7988 	 
0 	837 	1433 	1799 	4503 	4528 	5427 	6055 	6450 	6737 	8187 	 
0 	157 	170 	392 	1210 	1255 	2707 	5569 	7795 	 
0 	99 	493 	712 	1487 	1703 	2347 	3973 	5025 	5308 	5641 	7240 	7259 	 
0 	556 	890 	1266 	2170 	2551 	3398 	4384 	6474 	9525 	 
0 	1279 	1620 	2623 	2647 	3576 	3733 	4882 	5839 	6934 	7852 	8767 	 
0 	169 	2468 	2500 	3418 	3760 	3921 	5464 	5727 	6521 	7162 	7924 	 
0 	469 	513 	802 	2196 	2346 	3168 	3886 	4472 	5512 	5662 	5828 	6063 	6143 	6520 	7415 	 
0 	375 	755 	2391 	3188 	6212 	7506 	8149 	8592 	8945 	9471 	 
0 	169 	177 	3190 	7831 	8032 	 
0 	1533 	2271 	4490 	7019 	7139 	8361 	9542 	 
0 	2131 	3034 	3905 	5954 	6063 	6257 	7245 	8696 	9663 	 
0 	149 	1576 	3561 	3994 	4561 	5272 	6555 	7169 	9701 	 
0 	1273 	2914 	3400 	4404 	5801 	6046 	6059 	6139 	6499 	6567 	7236 	9431 	9471 	 
0 	271 	590 	1296 	1326 	1820 	1839 	3618 	6220 	7209 	9104 	9718 	 
0 	118 	1619 	2453 	3279 	4862 	5401 	7377 	9880 	 
0 	292 	781 	1121 	2249 	3360 	6436 	7689 	8901 	 
0 	1157 	1328 	1647 	1702 	1808 	2137 	2178 	3337 	4065 	8443 	8605 	9853 	 
0 	791 	3543 	3800 	5832 	6177 	7767 	 
0 	43 	828 	1211 	1249 	1292 	1850 	2007 	2097 	2519 	2617 	2964 	3746 	5546 	6754 	7676 	8435 	8739 	8741 	8783 	9295 	9432 	 
0 	614 	2625 	3741 	5335 	6349 	6754 	8911 	9189 	9889 	 
0 	755 	1428 	2782 	3065 	3520 	4017 	6324 	7027 	8516 	8616 	8717 	8738 	9998 	 
0 	1218 	1424 	1770 	2248 	2840 	3051 	3769 	5297 	5379 	6144 	9562 	 
0 	2347 	2741 	2967 	3538 	3763 	4972 	5785 	7976 	9117 	 
0 	221 	1173 	1349 	1549 	3833 	5267 	6642 	7897 	7992 	8648 	9176 	 
0 	59 	362 	1168 	2076 	4560 	5072 	5392 	5742 	6873 	9231 	9771 	 
0 	1325 	2144 	4581 	5749 	5969 	7325 	8225 	8607 	9291 	9742 	 
0 	1195 	1271 	2884 	4303 	4355 	5033 	5775 	6218 	6396 	7648 	7770 	7963 	8804 	9286 	9468 	9976 	 
0 	974 	2137 	3212 	3304 	3502 	6040 	6506 	6802 	6999 	7288 	7993 	8751 	8939 	 
0 	568 	747 	1338 	2310 	4125 	4210 	4471 	4791 	5007 	5288 	5357 	6033 	6587 	6845 	7457 	7758 	7959 	9062 	 
0 	72 	3340 	4213 	4752 	6297 	6523 	8301 	8381 	8780 	8855 	9004 	 
0 	442 	3658 	4163 	4506 	5876 	6547 	7005 	7421 	8197 	9089 	9765 	 
0 	317 	2166 	5002 	8788 	 
0 	924 	972 	1985 	2948 	3249 	3354 	3604 	3967 	5835 	7809 	8134 	8567 	8588 	8920 	9559 	 
0 	1442 	2361 	2891 	3862 	4955 	5297 	5855 	6006 	7393 	8450 	8682 	 
0 	646 	666 	1265 	1628 	1994 	2028 	3331 	3979 	4409 	5113 	5264 	5418 	7749 	9774 	9932 	 
0 	76 	576 	1633 	2576 	3964 	6405 	7517 	7836 	8528 	9510 	9766 	9952 	 
0 	400 	741 	1350 	1569 	1653 	2521 	2843 	4072 	4921 	7141 	7278 	8868 	9375 	9793 	9817 	9860 	 
0 	474 	807 	5033 	6839 	6868 	7491 	8019 	9638 	9753 	 
0 	34 	1193 	1659 	1785 	2710 	3332 	4934 	5925 	6623 	7197 	7937 	8532 	8853 	9576 	 
0 	1361 	2506 	3055 	3437 	5213 	5242 	7715 	9332 	 
0 	166 	278 	3532 	3604 	4829 	5417 	6570 	6871 	7109 	 
0 	53 	1349 	1391 	3617 	5270 	6104 	6844 	7892 	9035 	9577 	 
0 	59 	372 	932 	1004 	1021 	2690 	4064 	4970 	5262 	5817 	6635 	6668 	7750 	7875 	8147 	8972 	9145 	9708 	9750 	9898 	 
0 	1053 	4233 	6510 	7775 	8152 	8221 	8459 	 
0 	281 	968 	1209 	1950 	5582 	5855 	6465 	6655 	6992 	7423 	8443 	8568 	9218 	 
0 	1018 	1314 	1757 	1817 	4069 	5951 	6255 	6644 	6655 	8672 	 
0 	472 	2602 	3597 	4118 	4330 	5879 	9431 	9572 	9879 	 
0 	1156 	1246 	1323 	1666 	2063 	2583 	3220 	3572 	3726 	3820 	3947 	4778 	5048 	5959 	7027 	7356 	7777 	9899 	 
0 	601 	2439 	2578 	2889 	6619 	7733 	8412 	8468 	 
0 	783 	3786 	4003 	5618 	6360 	9764 	 
0 	1194 	1718 	3650 	4116 	4994 	5221 	8145 	9619 	 
0 	1189 	1391 	1651 	2216 	3034 	3568 	3832 	5696 	6848 	7200 	8260 	8941 	 
0 	181 	654 	1857 	2230 	2726 	2968 	5316 	5577 	8783 	9618 	9854 	 
0 	1212 	2113 	2287 	2582 	3855 	4997 	5022 	5034 	5269 	6471 	6518 	9381 	9656 	 
0 	810 	1189 	2550 	6376 	6725 	8693 	8818 	 
0 	3525 	3738 	6546 	6663 	6705 	8403 	9802 	 
0 	360 	487 	6202 	6609 	8770 	9635 	 
0 	1506 	2841 	2963 	4332 	4369 	7184 	7260 	7446 	9183 	9244 	9396 	 
0 	93 	1139 	4844 	5312 	6123 	 
0 	453 	2951 	3003 	3200 	3798 	4843 	4886 	5982 	6615 	7610 	7920 	8619 	 
0 	2667 	4443 	5131 	7203 	7977 	8151 	 
0 	2190 	2203 	3091 	3648 	4172 	6680 	8677 	 
0 	680 	1080 	1770 	1904 	2171 	2250 	2343 	2672 	3218 	4302 	4314 	6968 	8136 	8205 	8265 	9252 	 
0 	11 	1943 	2854 	4240 	4556 	7033 	7157 	 
0 	1153 	1303 	1346 	1754 	2477 	3417 	4030 	4432 	6807 	7495 	8388 	8591 	8978 	9228 	 
0 	82 	457 	1025 	1489 	3894 	4189 	6511 	7731 	7781 	8367 	9271 	 
0 	409 	626 	919 	1239 	1561 	2565 	3802 	4847 	5100 	5649 	8883 	9157 	 
0 	342 	822 	1143 	3011 	5286 	5326 	6640 	 
0 	557 	900 	1968 	2012 	3022 	4019 	4736 	6152 	8607 	8636 	8665 	8674 	9874 	 
0 	4102 	4304 	5575 	6178 	7012 	7811 	8609 	8808 	 
0 	112 	488 	2101 	2230 	5246 	5604 	6132 	6759 	7120 	7936 	8416 	8827 	9121 	9343 	 
0 	146 	213 	307 	2732 	3186 	3813 	4329 	5049 	7044 	7449 	8077 	8217 	8526 	 
0 	2501 	3237 	3762 	4104 	4560 	6813 	7727 	7884 	9603 	 
0 	2984 	3094 	3474 	3873 	4881 	6308 	8123 	8634 	9278 	9481 	 
0 	197 	1478 	3092 	3146 	6786 	6948 	8626 	8849 	9693 	 
0 	1034 	2292 	2876 	4936 	5667 	5843 	8000 	8170 	8992 	9330 	 
0 	3195 	3486 	3567 	4034 	5397 	5411 	6817 	7063 	8350 	8370 	8822 	9698 	9859 	 
0 	1066 	1090 	2194 	3663 	4125 	5369 	5897 	5970 	8967 	9955 	 
0 	590 	835 	3145 	4202 	6000 	6649 	6823 	7032 	7338 	8434 	8853 	9382 	9428 	 
0 	934 	995 	1301 	1945 	2632 	4249 	8255 	9838 	 
0 	1597 	2499 	4542 	7630 	8601 	9173 	 
0 	400 	856 	1467 	1568 	2203 	3096 	5917 	6473 	6849 	6864 	7149 	8572 	9492 	 
0 	1178 	1683 	2365 	3020 	3989 	5463 	7826 	8197 	8747 	9140 	 
0 	9 	2548 	3553 	3561 	7465 	8636 	9617 	 
0 	394 	462 	543 	1049 	1814 	2678 	2993 	3301 	4453 	4605 	5054 	5523 	6608 	7874 	 
0 	2344 	4060 	4825 	4940 	6529 	6644 	6835 	7137 	7487 	7743 	7996 	8516 	 
0 	1393 	1830 	2067 	2447 	2944 	3059 	4202 	6050 	8874 	 
0 	1956 	3773 	4928 	5158 	5758 	7160 	7207 	7533 	7645 	9431 	9914 	 
0 	1041 	1188 	2277 	4123 	5171 	6573 	8902 	9449 	9746 	 
0 	395 	1282 	1461 	2598 	5019 	5472 	5628 	5859 	7329 	8271 	8992 	9534 	 
0 	950 	1809 	2465 	4767 	5799 	6176 	9439 	 
0 	825 	1299 	1385 	2715 	3686 	5165 	8211 	8358 	 
0 	397 	2147 	4162 	4660 	5290 	7723 	8287 	9017 	9564 	9979 	 
0 	914 	1220 	2405 	4937 	5456 	5815 	7357 	8600 	8613 	 
0 	1435 	6064 	6114 	6270 	6916 	8474 	 
0 	490 	633 	1527 	3737 	4615 	9061 	9594 	9990 	 
0 	2449 	3562 	4770 	5073 	5320 	6407 	8468 	 
0 	504 	1635 	3534 	4680 	6296 	8801 	9528 	 
0 	428 	2206 	4909 	6592 	7236 	8962 	9641 	9670 	9850 	 
0 	406 	2262 	2265 	4273 	5318 	5733 	9277 	 
0 	3219 	4852 	5307 	5857 	6846 	8294 	9098 	9121 	 
0 	2390 	2750 	3417 	3504 	3882 	4027 	4297 	5746 	5794 	6783 	7492 	8319 	9478 	9552 	 
0 	465 	1377 	3362 	4497 	5289 	5494 	6730 	9931 	 
0 	1444 	2160 	2830 	2975 	3119 	3129 	6514 	8219 	8309 	8604 	 
0 	1939 	2152 	2886 	3677 	4219 	4406 	4572 	6260 	7501 	8901 	9726 	 
0 	550 	1317 	2468 	4081 	4799 	5466 	6029 	8073 	 
0 	659 	853 	2159 	2866 	3089 	5068 	5523 	5657 	8761 	9684 	 
0 	76 	554 	675 	718 	1689 	3369 	5181 	6182 	6740 	6897 	8081 	8804 	 
0 	224 	1540 	1704 	2233 	2640 	2860 	4417 	5355 	5443 	5758 	7148 	7696 	7785 	7925 	7995 	8181 	9334 	 
0 	281 	849 	2309 	2642 	4151 	5484 	8646 	 
0 	119 	894 	2156 	2222 	2695 	2699 	6086 	7159 	9716 	 
0 	1083 	1408 	2025 	2296 	3117 	4133 	4773 	5552 	6468 	7007 	8242 	9805 	 
0 	898 	1156 	3271 	4921 	6067 	7610 	9502 	 
0 	1333 	1511 	1989 	2381 	2599 	3516 	4048 	5759 	6533 	8276 	 
0 	1317 	1573 	2576 	3782 	4069 	4203 	5228 	6961 	7192 	7283 	9035 	 
0 	2177 	2624 	2789 	2878 	3075 	3823 	3926 	4236 	9570 	9851 	9960 	 
0 	615 	1742 	2197 	4417 	6259 	6621 	6999 	8172 	9965 	 
0 	1008 	1380 	1405 	3257 	3902 	6381 	6667 	8343 	8454 	 
0 	217 	2078 	2380 	3511 	5060 	6507 	7486 	7993 	8233 	8613 	9201 	9292 	 
0 	407 	4575 	5017 	7159 	8616 	8901 	 
0 	17 	2423 	3903 	4368 	4970 	5328 	5427 	6709 	6884 	8097 	8507 	8874 	 
0 	578 	652 	888 	1071 	1690 	2678 	4525 	4996 	5646 	7850 	 
0 	770 	1299 	1442 	1651 	2492 	3428 	3489 	4144 	4229 	5336 	5882 	6327 	6730 	8581 	8834 	8952 	9064 	 
0 	5092 	7397 	7729 	8323 	 
0 	2114 	2811 	4420 	4803 	5087 	6201 	7226 	8616 	 
0 	630 	1241 	2697 	3900 	4113 	4325 	5398 	8863 	9954 	 
0 	1569 	2077 	2350 	2681 	4303 	5124 	5476 	5998 	6331 	6564 	6810 	8537 	8538 	9211 	9929 	 
0 	2279 	2766 	3440 	3582 	4567 	5065 	7247 	8757 	8895 	8932 	9106 	 
0 	4122 	4992 	5393 	6796 	8108 	8847 	 
0 	61 	1076 	1166 	3350 	3571 	5970 	6081 	6738 	 
0 	47 	1313 	1979 	4240 	4484 	5767 	6197 	6497 	6888 	7175 	7662 	7985 	8360 	9347 	 
0 	819 	1443 	2542 	2818 	3455 	4126 	4245 	4366 	4923 	5170 	5467 	5690 	6512 	7961 	8725 	9072 	9889 	 
0 	43 	439 	868 	1353 	2200 	2215 	3453 	3737 	5024 	5036 	6093 	8457 	8686 	 
0 	439 	606 	756 	1152 	2022 	2278 	3036 	3268 	3428 	4694 	5522 	6295 	6732 	7991 	8601 	8978 	9293 	 
0 	2198 	2492 	3360 	4034 	6248 	8152 	9563 	 
0 	1114 	2441 	6212 	6557 	7674 	9096 	9803 	 
0 	84 	2496 	2709 	3662 	3744 	5288 	5861 	6795 	9597 	 
0 	318 	473 	488 	732 	1579 	1740 	2262 	3400 	3551 	3895 	5350 	5416 	6652 	6809 	7140 	8644 	9378 	9413 	9635 	 
0 	647 	885 	1410 	1573 	1734 	1782 	2451 	3447 	4488 	5346 	5965 	6207 	6818 	8171 	 
0 	165 	595 	1093 	1557 	1630 	2650 	3365 	5192 	6646 	7607 	 
0 	1063 	2310 	2714 	3808 	6955 	7128 	7587 	7786 	8462 	9698 	 
0 	622 	855 	1952 	2266 	2956 	3657 	5995 	6624 	7282 	 
0 	1599 	3012 	3598 	5258 	5819 	6477 	6866 	7783 	8637 	8665 	8687 	 
0 	2272 	2419 	2656 	2916 	3258 	5782 	6735 	8483 	9483 	 
0 	1804 	2632 	4683 	4977 	5079 	6467 	8922 	9223 	9319 	 
0 	181 	859 	1351 	2098 	2711 	2980 	4205 	7492 	8326 	8818 	9346 	9486 	 
0 	44 	8682 	9038 	9755 	9968 	 
0 	196 	298 	1878 	1921 	2148 	2331 	2973 	3026 	3084 	4950 	5153 	5818 	7590 	9010 	9409 	9471 	 
0 	462 	550 	870 	1013 	1365 	2346 	2363 	2913 	3077 	3238 	3776 	4024 	5692 	5989 	6112 	8420 	 
0 	920 	2066 	5184 	5439 	6475 	7315 	7330 	7915 	9212 	9584 	 
0 	583 	663 	1237 	1919 	2238 	4131 	5693 	5959 	6897 	7917 	8617 	 
0 	303 	1614 	2508 	6450 	6786 	7868 	9787 	 
0 	965 	1344 	1719 	2281 	2374 	2825 	2965 	4055 	4176 	6187 	7644 	7878 	 
0 	221 	4965 	5008 	6567 	6687 	7103 	7734 	 
0 	276 	335 	609 	3983 	7210 	8749 	9755 	 
0 	723 	2288 	4253 	4651 	5115 	6114 	6416 	6577 	7448 	7520 	7555 	7985 	8697 	8850 	 
0 	555 	2984 	3625 	5060 	6257 	6860 	6955 	8091 	8533 	8664 	9408 	9425 	 
0 	830 	1131 	1455 	2153 	6769 	9133 	 
0 	181 	2934 	3149 	3946 	4274 	5322 	5484 	6073 	6674 	6730 	6833 	7906 	7919 	8508 	8513 	 
0 	1063 	3743 	4918 	5494 	5623 	6053 	6717 	6915 	7429 	9665 	 
0 	2431 	2458 	3009 	6858 	7917 	8473 	8646 	9340 	 
0 	1027 	1415 	2388 	2733 	2761 	3012 	3367 	6360 	6857 	7166 	8190 	8531 	8753 	8867 	 
0 	1587 	1839 	2250 	2347 	3012 	3180 	3741 	4007 	6238 	6631 	7045 	7440 	7789 	8961 	 
0 	1588 	1992 	2461 	3326 	4520 	5705 	6318 	7775 	8044 	9336 	 
0 	208 	970 	2293 	2611 	4365 	4884 	6524 	 
0 	160 	1970 	3612 	4654 	4715 	4884 	5549 	7012 	8140 	8180 	9863 	9994 	 
0 	353 	490 	849 	1883 	2884 	3854 	4326 	8906 	8946 	9711 	 
0 	606 	2752 	3480 	6176 	6287 	7721 	7845 	8863 	8923 	 
0 	4032 	4253 	4375 	4798 	4958 	5528 	9079 	9623 	 
0 	863 	903 	1049 	1801 	1811 	2077 	2227 	2317 	3973 	4332 	4945 	6183 	6723 	6810 	7853 	9114 	 
0 	2015 	2057 	2309 	5254 	8996 	9177 	9555 	 
0 	690 	1992 	2875 	4347 	4750 	4983 	5348 	7215 	8249 	9432 	9624 	 
0 	649 	959 	2792 	3318 	4750 	5741 	6442 	6763 	6879 	7461 	8532 	 
0 	1770 	3370 	3824 	6367 	6778 	7111 	7505 	7750 	8902 	 
0 	1232 	2573 	3427 	5464 	6677 	7559 	7943 	8203 	8894 	9951 	 
0 	742 	2568 	2580 	5586 	5779 	6787 	7705 	8176 	9571 	 
0 	101 	1666 	2581 	3502 	3949 	5066 	5135 	6076 	8850 	9095 	 
0 	1492 	5718 	7527 	8100 	8776 	 
0 	1534 	2516 	3756 	4085 	4477 	4800 	5487 	5915 	7621 	8830 	8926 	9363 	 
0 	957 	3138 	3505 	4441 	5734 	6966 	7517 	8203 	8747 	 
0 	585 	1194 	2263 	3002 	4141 	4588 	4722 	6200 	6423 	6887 	7367 	7848 	8065 	8272 	9298 	9440 	 
0 	547 	549 	1575 	2396 	2514 	3233 	4274 	4383 	5317 	5391 	6681 	6792 	7207 	7398 	8546 	9585 	 
0 	1124 	1551 	3376 	3819 	5300 	7421 	7732 	7748 	8652 	9255 	 
0 	154 	379 	847 	1524 	2434 	2890 	3254 	3712 	3793 	4359 	5665 	7498 	7543 	 
0 	243 	2102 	3858 	4372 	5534 	5559 	5814 	6986 	7232 	7589 	8842 	9039 	 
0 	772 	1726 	3382 	4968 	5709 	6405 	6508 	8485 	 
0 	1092 	2541 	2876 	3365 	3760 	4386 	5869 	6963 	7063 	9778 	 
0 	91 	2012 	2364 	5187 	5482 	6630 	7184 	9755 	 
0 	1101 	2054 	3353 	4296 	4417 	5038 	5137 	6763 	8404 	 
0 	769 	1989 	2634 	3386 	3475 	4127 	4131 	6730 	6948 	7450 	7591 	7777 	8703 	8931 	9052 	9682 	 
0 	340 	1925 	2112 	2268 	4056 	5269 	7015 	 
0 	394 	2719 	3414 	3704 	4270 	5655 	5738 	6231 	6572 	8791 	9891 	 
0 	371 	1024 	2127 	3874 	5445 	6136 	6206 	7656 	9398 	 
0 	252 	1522 	2680 	4643 	5160 	5597 	7340 	 
0 	1286 	5382 	6547 	7012 	7041 	8517 	8998 	9830 	 
0 	149 	1876 	2369 	3921 	5249 	5513 	6351 	6543 	9519 	 
0 	104 	333 	1990 	2260 	2670 	2797 	3125 	3220 	3467 	5665 	6477 	8227 	9889 	9921 	9946 	 
0 	1370 	3302 	4226 	5829 	6809 	7255 	8626 	9159 	9231 	9504 	 
0 	40 	1065 	5386 	5519 	6605 	7289 	9746 	 
0 	1047 	1662 	2493 	2567 	3442 	4451 	4652 	5004 	5183 	6040 	6640 	7198 	7699 	7716 	9562 	 
0 	167 	837 	1646 	2452 	5894 	5960 	7083 	7262 	7476 	7826 	 
0 	1119 	1538 	2041 	2925 	5460 	6762 	7177 	7904 	 
0 	967 	3001 	4698 	5486 	6241 	7351 	7485 	7717 	 
0 	355 	708 	1180 	3056 	3291 	3335 	3419 	4208 	4437 	6137 	6445 	7434 	 
0 	551 	1181 	1386 	1488 	2098 	3491 	3741 	3848 	5901 	6086 	6842 	9558 	9613 	 
0 	484 	842 	1265 	1623 	1746 	2655 	3568 	8850 	8921 	9095 	 
0 	1243 	1323 	4198 	4373 	4399 	5527 	6842 	8098 	8219 	8395 	 
0 	159 	2273 	2435 	2547 	3164 	5285 	5506 	5610 	6591 	6702 	6907 	8272 	9067 	9625 	 
0 	696 	2173 	2679 	3197 	7602 	7687 	 
0 	19 	772 	790 	2482 	3239 	4348 	4440 	4664 	4987 	5592 	6143 	6216 	6987 	8106 	9417 	 
0 	350 	2026 	2873 	4407 	4660 	5984 	6308 	6930 	9006 	9816 	 
0 	707 	2082 	2307 	2690 	3440 	3942 	4555 	4736 	4804 	5666 	5785 	 
0 	1242 	2157 	2807 	3525 	4276 	5295 	6033 	6215 	8485 	 
0 	91 	1784 	4860 	4899 	5407 	5641 	6838 	7024 	8526 	8713 	9223 	 
0 	546 	1559 	3498 	3507 	6473 	7085 	7342 	8543 	8681 	9244 	 
0 	1639 	3394 	5474 	6420 	7271 	9614 	 
0 	2685 	2929 	3117 	3616 	3653 	3838 	3859 	5038 	6889 	7142 	7266 	7953 	9684 	 
0 	3335 	3387 	3576 	4975 	5126 	5952 	5959 	7255 	7295 	7560 	8153 	8774 	 
0 	590 	1629 	2519 	2652 	4619 	6305 	7164 	7175 	7284 	7795 	9648 	 
0 	549 	873 	1672 	5334 	6092 	7195 	7468 	7482 	7860 	9447 	9834 	 
0 	206 	2085 	3540 	3683 	3725 	5265 	7205 	7418 	8153 	9893 	 
0 	2828 	8339 	8432 	8520 	9001 	 
0 	940 	1636 	2108 	3233 	3475 	3680 	4094 	4397 	6066 	6752 	7187 	7836 	7919 	 
0 	3657 	4058 	4959 	5762 	5876 	8293 	8480 	9719 	 
0 	1977 	2677 	3913 	4125 	5343 	6629 	7059 	8686 	 
0 	842 	854 	2588 	3539 	3955 	4750 	6038 	9272 	9460 	 
0 	413 	725 	984 	3350 	6375 	7857 	8089 	9663 	 
0 	256 	308 	612 	1525 	2416 	4514 	5902 	6517 	8091 	9978 	 
0 	1116 	1956 	2511 	4430 	4503 	8196 	8848 	8874 	9580 	 
0 	1279 	1458 	1979 	2177 	2698 	2870 	3043 	3478 	6715 	6727 	8643 	9940 	 
0 	481 	1329 	2500 	4161 	4474 	4757 	5122 	5816 	6444 	7011 	7420 	8221 	9792 	9945 	 
0 	224 	1003 	1538 	2416 	5501 	8283 	8434 	9112 	 
0 	343 	583 	878 	1163 	1174 	2040 	7614 	 
0 	722 	2158 	3237 	3876 	4758 	4967 	7467 	8760 	9140 	9160 	9687 	 
0 	1077 	1110 	1117 	2190 	3381 	3962 	5017 	5203 	6134 	 
0 	2064 	2448 	2663 	3699 	5384 	5597 	5694 	6353 	8457 	 
0 	436 	1555 	4294 	4366 	4605 	4728 	4905 	7123 	7702 	7830 	9468 	 
0 	585 	1899 	4374 	4919 	5816 	5912 	6572 	8445 	8496 	8849 	9103 	 
0 	773 	1685 	2872 	4254 	4825 	5142 	5394 	6267 	8699 	 
0 	110 	1574 	3514 	3526 	3707 	6067 	7311 	7710 	7985 	8311 	9494 	9869 	 
0 	929 	951 	2869 	4734 	6754 	 
0 	551 	1166 	1369 	1731 	2386 	3593 	3963 	5743 	7485 	9481 	9858 	 
0 	334 	2413 	2618 	3543 	4219 	4436 	4910 	5896 	6341 	6360 	8183 	8186 	9781 	 
0 	1024 	1346 	1430 	1708 	2442 	2700 	4890 	5075 	5227 	7289 	7687 	 
0 	2062 	2670 	3095 	4071 	5742 	5866 	7310 	 
0 	570 	2060 	5408 	6280 	7585 	7631 	7689 	8969 	9130 	 
0 	1387 	2135 	5312 	6068 	6471 	7840 	 
0 	213 	457 	819 	1890 	3222 	4354 	5758 	7430 	8673 	9202 	9892 	 
0 	1716 	3542 	5777 	8471 	 
0 	17 	216 	417 	617 	1288 	1620 	1777 	2690 	4069 	4924 	5383 	7463 	7987 	8371 	8499 	9340 	9601 	 
0 	1238 	3513 	4442 	5089 	5360 	5470 	5636 	7269 	7672 	 
0 	1344 	1568 	2120 	4571 	4872 	5366 	5416 	8920 	9203 	 
0 	870 	1179 	2884 	3608 	3801 	5734 	6210 	6958 	7668 	9186 	9707 	9957 	 
0 	579 	761 	1788 	2812 	4939 	5224 	5407 	6220 	6405 	9430 	9481 	 
0 	21 	650 	1077 	1774 	1814 	6230 	7799 	8290 	8393 	9353 	 
0 	457 	3669 	6275 	7781 	7782 	 
0 	539 	2299 	2777 	 
0 	2972 	4989 	6236 	6594 	7903 	8803 	9495 	 
0 	831 	1175 	1754 	2478 	2656 	4471 	4688 	6729 	6919 	7833 	8874 	9359 	 
0 	3517 	4016 	4535 	6126 	6499 	7293 	8691 	9945 	 
0 	147 	1827 	2186 	2403 	2832 	5523 	5573 	7116 	7372 	7979 	9163 	 
0 	332 	2940 	3635 	3937 	5453 	5512 	6871 	7046 	7803 	8082 	8359 	9741 	 
0 	3306 	4280 	5198 	6116 	7409 	7476 	 
0 	1149 	1193 	1257 	1512 	1760 	2259 	3177 	5293 	5879 	5945 	6481 	6488 	8638 	8693 	9238 	 
0 	1358 	4151 	4473 	5272 	5724 	7424 	7826 	8818 	9167 	9793 	 
0 	303 	2322 	3194 	3570 	4199 	4557 	5458 	7614 	 
0 	542 	891 	1202 	1460 	2206 	3200 	5551 	5554 	6199 	6918 	7933 	8823 	9386 	 
0 	24 	1275 	3004 	3302 	4573 	4872 	5263 	6581 	 
0 	481 	706 	989 	1368 	1437 	2718 	3112 	3995 	4789 	4933 	5338 	5496 	7203 	7450 	7467 	8070 	8076 	9311 	9454 	 
0 	1453 	1693 	2044 	2849 	3289 	4390 	4752 	5876 	6253 	6717 	6900 	7022 	7621 	7694 	 
0 	795 	1229 	1467 	1567 	1959 	2228 	2419 	2899 	5239 	5644 	5797 	6033 	7131 	8272 	8477 	9681 	 
0 	48 	210 	218 	371 	1272 	1714 	2261 	2823 	4120 	5459 	6663 	7235 	9517 	 
0 	1618 	1981 	3226 	3704 	4696 	5387 	5845 	6849 	8086 	 
0 	724 	860 	2110 	3519 	3947 	4145 	4330 	8149 	8517 	 
0 	1299 	2065 	2587 	4217 	4358 	6652 	8546 	8634 	9462 	 
0 	443 	1076 	1234 	1739 	3099 	4699 	5222 	5623 	6076 	6162 	8324 	9157 	 
0 	341 	498 	1351 	3106 	4032 	4716 	5619 	6998 	8217 	9460 	9467 	9682 	 
0 	768 	2440 	2738 	2938 	3013 	3580 	4141 	5909 	6801 	7626 	8409 	8539 	 
0 	3411 	4063 	4867 	5284 	5463 	5757 	9126 	 
0 	965 	996 	2245 	3538 	6252 	6431 	8441 	8641 	 
0 	2703 	3434 	3773 	4871 	5068 	9926 	 
0 	190 	1147 	1209 	1421 	3587 	3872 	3983 	5914 	6462 	6743 	8963 	9209 	9718 	9729 	 
0 	187 	281 	494 	737 	907 	3003 	3169 	3504 	4477 	5025 	5631 	7831 	8108 	8137 	9144 	9231 	9368 	 
0 	2046 	3370 	4032 	5141 	7052 	7158 	8987 	9390 	9793 	9921 	 
0 	1133 	1831 	3951 	4420 	4950 	5591 	6403 	7218 	8323 	8519 	8531 	8848 	8857 	9208 	9800 	 
0 	8 	1685 	2981 	2995 	3148 	5016 	5879 	6191 	7562 	8031 	8608 	8649 	 
0 	2562 	4695 	5043 	5877 	6136 	9011 	9932 	 
0 	1108 	1309 	3661 	6037 	7619 	8643 	 
0 	396 	870 	1156 	2440 	2495 	2634 	5117 	5872 	6878 	7499 	7691 	7927 	9884 	 
0 	235 	238 	1569 	2867 	6117 	7487 	7789 	7811 	 
0 	563 	1126 	1711 	2300 	2514 	2652 	2873 	3163 	5350 	6719 	7379 	7740 	8559 	8610 	8764 	 
0 	197 	715 	875 	2707 	4278 	4463 	6168 	7416 	8214 	 
0 	279 	1155 	1488 	2224 	2520 	3489 	3592 	4045 	5258 	5992 	6202 	7355 	8199 	 
0 	367 	2180 	4909 	5814 	5937 	6427 	7104 	7177 	7768 	8033 	9065 	9207 	 
0 	813 	1346 	1818 	2233 	3924 	5431 	5635 	7459 	8378 	 
0 	2157 	3130 	3972 	6519 	8567 	9339 	9609 	 
0 	856 	1361 	2148 	3481 	4079 	4149 	5090 	5175 	7195 	7592 	8070 	8930 	 
0 	1586 	2463 	2758 	2993 	6767 	7102 	7310 	 
0 	3703 	4362 	5898 	6857 	8571 	 
0 	3568 	4341 	4638 	5887 	7066 	7079 	7305 	7830 	8417 	9681 	 
0 	136 	2633 	7280 	7481 	7796 	8110 	8588 	 
0 	69 	189 	846 	1116 	1326 	1356 	3025 	3895 	5684 	6446 	6932 	7325 	7722 	7811 	8221 	9951 	 
0 	417 	628 	1942 	3080 	3636 	3962 	8238 	8386 	9088 	9291 	 
0 	174 	1323 	2423 	2582 	3170 	3208 	3694 	4434 	6242 	6324 	6457 	6984 	7987 	8563 	 
0 	537 	785 	958 	1205 	4502 	5582 	7191 	7786 	8432 	 
0 	542 	3213 	3875 	4007 	6760 	7212 	7646 	9179 	9928 	 
0 	3038 	4663 	5081 	5602 	6497 	 
0 	2559 	5061 	5396 	5493 	6953 	8600 	 
0 	269 	287 	593 	1248 	1698 	1847 	2309 	2675 	7316 	8210 	9469 	9488 	9798 	 
0 	1038 	1840 	2907 	3257 	7357 	7421 	8530 	9214 	 
0 	124 	2129 	3068 	3078 	3512 	4305 	5236 	5840 	6293 	6690 	8919 	9360 	 
0 	1499 	2560 	3312 	3572 	4681 	5490 	6228 	7113 	7411 	9708 	 
0 	225 	451 	646 	675 	700 	936 	1017 	2086 	2108 	2606 	3544 	5400 	5742 	6587 	6913 	8322 	9106 	9748 	 
0 	107 	1294 	2768 	2848 	3186 	5890 	6309 	 
0 	310 	691 	1034 	3126 	6014 	7988 	8030 	8402 	9269 	9543 	 
0 	343 	736 	1055 	1448 	2180 	2818 	4369 	5456 	6342 	7573 	9467 	 
0 	2205 	2346 	2614 	5958 	6332 	7358 	7592 	7965 	 
0 	1764 	2066 	2412 	3737 	4231 	4518 	5184 	6188 	7548 	9269 	9693 	 
0 	1155 	2324 	2937 	3239 	5861 	5993 	6833 	6872 	9054 	9512 	9684 	 
0 	571 	581 	2317 	2403 	3066 	4296 	5693 	5706 	5887 	6071 	6159 	8037 	 
0 	375 	1324 	1491 	1703 	3901 	5422 	5935 	8085 	8256 	 
0 	693 	982 	1455 	4314 	4765 	5936 	6162 	7139 	8449 	 
0 	1204 	3959 	3970 	6007 	7836 	9026 	9750 	 
0 	2181 	2816 	2856 	5802 	5820 	6086 	6182 	6805 	 
0 	148 	1969 	2460 	2802 	3067 	3439 	3939 	4738 	7974 	9337 	9718 	 
0 	340 	421 	1693 	2111 	2928 	4591 	5675 	5911 	7139 	8239 	8702 	8770 	9018 	9735 	 
0 	403 	1582 	1647 	1765 	5299 	7570 	7736 	9054 	9353 	9804 	 
0 	164 	392 	712 	1412 	1532 	1888 	3083 	3725 	3896 	5508 	5554 	6015 	6409 	7279 	7385 	7924 	8327 	8949 	 
0 	1368 	2130 	3145 	3490 	3959 	5222 	5288 	7202 	7531 	8047 	 
0 	2176 	2549 	2932 	4784 	5077 	5103 	7691 	8659 	 
0 	2049 	2321 	2449 	3103 	3175 	4233 	4562 	4849 	5863 	6102 	6684 	7307 	7508 	7658 	8654 	9272 	 
0 	1910 	2601 	3066 	4765 	5444 	6659 	7290 	7786 	9401 	9639 	 
0 	671 	1412 	2259 	3225 	4264 	4448 	4630 	5881 	6456 	7132 	7738 	 
0 	663 	823 	1003 	1894 	2128 	2955 	3687 	4048 	7587 	9332 	 
0 	1761 	2400 	2912 	3245 	3574 	4022 	4974 	5670 	6266 	7551 	7588 	9262 	 
0 	152 	1790 	1879 	2027 	5112 	6845 	7353 	8134 	9326 	9523 	 
0 	987 	1274 	1397 	2468 	3451 	3866 	4153 	5563 	6322 	6638 	7454 	8618 	9245 	 
0 	220 	2749 	3705 	3999 	4264 	4267 	5842 	6938 	7010 	7076 	7913 	 
0 	119 	943 	1047 	2588 	3262 	3737 	5015 	5035 	5610 	6094 	6569 	7193 	8716 	9747 	9832 	 
0 	123 	235 	322 	1669 	1996 	2057 	2877 	3484 	4294 	5886 	 
0 	628 	664 	1511 	4132 	7955 	7957 	8179 	8323 	8825 	 
0 	865 	1470 	1899 	1945 	2388 	2769 	3554 	3925 	4998 	7998 	8719 	9626 	 
0 	2660 	4077 	5674 	5867 	8757 	9598 	 
0 	1781 	6376 	7259 	7743 	7836 	8197 	9997 	 
0 	97 	459 	1331 	1719 	2049 	2205 	5455 	6475 	6592 	6843 	6974 	7998 	8750 	9464 	 
0 	18 	210 	291 	1606 	1789 	1833 	3857 	4301 	4562 	4879 	5785 	6816 	8147 	 
0 	94 	949 	1037 	2707 	4695 	5202 	7010 	7719 	7723 	9843 	 
0 	60 	2409 	2611 	6857 	7067 	8371 	8684 	 
0 	582 	4060 	4624 	8118 	9477 	9972 	 
0 	1245 	6488 	6647 	6992 	 
0 	2649 	2973 	4902 	5995 	6657 	7426 	7627 	7831 	7904 	9100 	9534 	 
0 	2217 	2263 	2832 	3802 	4221 	6265 	8174 	9951 	 
0 	1156 	2216 	3594 	4011 	4990 	7142 	7805 	8535 	8921 	8993 	9148 	 
0 	842 	1695 	2932 	2933 	3292 	3713 	7228 	7792 	8289 	9580 	 
0 	963 	971 	1000 	1963 	3156 	3826 	6902 	8621 	9204 	 
0 	279 	456 	546 	2692 	2979 	3754 	3997 	5196 	5795 	6668 	7993 	8545 	8635 	8769 	 
0 	150 	1912 	5384 	5502 	6331 	6621 	7216 	8504 	9910 	 
0 	250 	1035 	2996 	3417 	4060 	4941 	6327 	6725 	6805 	7394 	8232 	 
0 	794 	1808 	2668 	4855 	5374 	5920 	6256 	7430 	8294 	9176 	 
0 	90 	907 	997 	2025 	2067 	2406 	3223 	3960 	4145 	7083 	8816 	 
0 	360 	778 	875 	1426 	1678 	1812 	2429 	5630 	6195 	6705 	6902 	7497 	9162 	9197 	 
0 	2120 	2722 	3622 	5040 	5696 	6292 	7409 	8202 	8504 	9787 	 
0 	2533 	3439 	5137 	5744 	6173 	6630 	6645 	9014 	9138 	 
0 	486 	594 	1436 	3344 	3895 	4264 	4720 	4920 	5614 	6746 	9721 	 
0 	686 	690 	3010 	3504 	3954 	6263 	6323 	6613 	9832 	 
0 	640 	3527 	5876 	8545 	9663 	9891 	 
0 	1143 	1474 	1764 	2625 	3946 	4210 	9256 	 
0 	1999 	2895 	3162 	3257 	5717 	6267 	6784 	7173 	7506 	8572 	 
0 	394 	1660 	2443 	3122 	5550 	5587 	6163 	7728 	8575 	8586 	8845 	 
0 	1140 	1233 	6325 	6505 	6822 	6853 	8822 	9240 	 
0 	460 	2947 	4200 	5273 	6996 	7073 	7287 	7672 	8692 	 
0 	788 	2530 	5162 	5476 	6922 	7385 	7586 	9928 	9954 	 
0 	933 	2621 	4180 	4749 	4945 	7967 	9575 	9603 	9842 	 
0 	3586 	5344 	5826 	6787 	7024 	7302 	8450 	8460 	9603 	 
0 	266 	833 	1745 	2508 	2628 	3658 	3822 	3884 	5432 	5537 	5644 	6302 	6651 	7536 	 
0 	616 	2113 	3848 	5897 	5916 	6018 	7451 	8742 	8811 	9035 	9726 	 
0 	1932 	2507 	5490 	6189 	6249 	6443 	9418 	 
0 	847 	906 	1332 	 
0 	1215 	3056 	4212 	4977 	6160 	6546 	6685 	9020 	9385 	 
0 	2781 	3646 	3919 	4208 	5512 	6824 	6935 	7010 	7999 	8596 	8862 	9057 	9209 	 
0 	1525 	2577 	3453 	3490 	3841 	4798 	5121 	5553 	5609 	6338 	7322 	7974 	9639 	 
0 	148 	960 	2712 	2998 	3638 	6157 	6364 	8988 	 
0 	3165 	3293 	3641 	3954 	6651 	6804 	7378 	7745 	 
0 	507 	889 	924 	1308 	1335 	1917 	2064 	2960 	5863 	6068 	6908 	8902 	9782 	9910 	 
0 	943 	1354 	1407 	1775 	2510 	3531 	5055 	7039 	7579 	9362 	 
0 	403 	3024 	3973 	7363 	9250 	 
0 	513 	707 	2147 	4133 	6706 	8881 	 
0 	109 	431 	1223 	1243 	2017 	2514 	2546 	4033 	6295 	6329 	8574 	9301 	 
0 	1138 	1225 	2428 	3380 	3395 	4655 	5446 	5519 	5906 	5990 	6122 	 
0 	688 	1659 	1720 	2621 	5257 	6132 	6805 	9442 	9850 	 
0 	1224 	2252 	2973 	5150 	6240 	7443 	8652 	 
0 	1121 	1383 	1641 	2314 	3374 	3381 	4204 	4261 	4571 	4860 	7911 	9919 	 
0 	818 	2917 	3745 	4713 	5353 	5443 	6497 	7462 	7736 	7941 	8690 	9916 	 
0 	207 	5407 	7879 	9308 	9765 	 
0 	204 	268 	1542 	1679 	5919 	7716 	8958 	 
0 	1308 	1633 	1747 	1829 	2816 	4534 	5423 	6772 	9119 	9906 	 
0 	2896 	3040 	3257 	6472 	7479 	8280 	9534 	 
0 	863 	1115 	3304 	3924 	 
0 	136 	1966 	3900 	4275 	5233 	8747 	9228 	 
0 	801 	981 	1450 	2118 	3206 	4133 	4359 	4505 	6417 	6996 	7255 	9478 	 
0 	34 	525 	581 	1191 	1358 	2203 	2505 	2625 	2637 	2849 	2923 	3127 	3526 	3716 	3982 	4096 	8015 	8027 	9048 	9297 	9919 	 
0 	951 	1912 	2470 	3089 	5029 	5149 	5839 	5908 	8342 	8964 	9051 	9850 	 
0 	324 	3400 	3489 	4877 	5914 	6527 	7137 	7308 	7323 	8592 	 
0 	4 	570 	3815 	3918 	4124 	5264 	5790 	5873 	6023 	6173 	 
0 	2370 	2495 	2997 	3369 	3862 	4042 	6469 	8709 	 
0 	456 	3085 	3636 	7094 	7271 	8064 	9327 	 
0 	2916 	4527 	4666 	5795 	6179 	6274 	6452 	7471 	8138 	8670 	9621 	 
0 	227 	384 	1932 	2084 	4036 	4387 	4861 	5471 	5517 	8566 	 
0 	4 	1526 	1568 	2185 	4675 	4686 	 
0 	2515 	3175 	3275 	4165 	6055 	6499 	9186 	 
0 	899 	3344 	4116 	4602 	5979 	6148 	7996 	8739 	9420 	 
0 	2127 	5899 	6217 	7359 	8342 	9171 	 
0 	1348 	1828 	2572 	2829 	4678 	6869 	7014 	7125 	7468 	7761 	8352 	9656 	 
0 	1114 	1132 	2514 	4177 	4258 	4961 	5276 	6233 	6881 	7034 	7646 	7771 	7788 	8542 	9769 	 
0 	200 	391 	597 	1694 	1903 	6753 	7878 	9619 	9637 	9691 	 
0 	1831 	4325 	4955 	5591 	6557 	6743 	9270 	 
0 	3782 	4697 	5138 	5725 	8333 	8688 	9050 	9519 	 
0 	2833 	2942 	5161 	7297 	7751 	8082 	8791 	9940 	 
0 	2064 	2581 	2947 	3845 	4645 	6968 	7357 	8433 	 
0 	29 	81 	487 	2923 	3128 	6360 	 
0 	195 	1395 	1494 	1523 	2004 	2212 	2287 	4146 	5916 	8137 	 
0 	3127 	3732 	4242 	5589 	6325 	7293 	7990 	8256 	 
0 	1827 	2576 	2902 	3474 	3502 	4842 	5891 	6497 	7440 	8442 	9037 	 
0 	385 	484 	2497 	3237 	4133 	4334 	4594 	5464 	5921 	7629 	7917 	8318 	8642 	9314 	9509 	9848 	 
0 	177 	678 	1976 	2039 	2938 	6016 	6992 	7315 	8324 	 
0 	280 	1278 	1835 	1852 	2073 	2640 	2763 	3679 	3887 	5132 	5153 	5754 	9387 	 
0 	153 	730 	1140 	2700 	3085 	3568 	3794 	4554 	6798 	9393 	9962 	 
0 	26 	237 	714 	1178 	2071 	2867 	3121 	4924 	6147 	6406 	6762 	8145 	9140 	9806 	 
0 	46 	757 	847 	1565 	2339 	3133 	3697 	4642 	4738 	6833 	7127 	8149 	8495 	8536 	9575 	 
0 	475 	759 	813 	824 	1383 	2639 	4042 	5634 	6182 	6606 	8062 	8400 	 
0 	1203 	1718 	2698 	2726 	2937 	3805 	5114 	5609 	6062 	7531 	9814 	 
0 	957 	1725 	4777 	5915 	6879 	6957 	7141 	 
0 	1097 	3067 	3971 	4108 	5366 	5679 	5964 	6820 	7866 	8480 	8566 	 
0 	100 	375 	1397 	1660 	3885 	3903 	5425 	6974 	7900 	8253 	8363 	8813 	9051 	9644 	9919 	 
0 	113 	498 	1672 	1803 	3513 	3746 	4342 	4499 	4896 	4974 	6071 	6350 	9189 	9374 	9524 	9717 	 
0 	3201 	3506 	4071 	5653 	6581 	7051 	7313 	7386 	9582 	9670 	9726 	 
0 	55 	1609 	2132 	2411 	3376 	4241 	4719 	5222 	6680 	6736 	8763 	9333 	9891 	 
0 	124 	1179 	2211 	4171 	4511 	7236 	8148 	9087 	9093 	9929 	 
0 	32 	1279 	1384 	1605 	2389 	3843 	3849 	4596 	4922 	5713 	6245 	7239 	7359 	7542 	8611 	9012 	9245 	9662 	9752 	 
0 	209 	218 	241 	764 	1618 	1974 	3880 	7164 	9796 	 
0 	1724 	2777 	2806 	5261 	5938 	5960 	7829 	 
0 	345 	656 	723 	1253 	1948 	2743 	3755 	3823 	4341 	6522 	6626 	6904 	8834 	8948 	9025 	 
0 	1088 	2738 	3217 	3762 	4769 	4991 	5222 	8817 	 
0 	393 	572 	1688 	3556 	4231 	6468 	6733 	7895 	8284 	8523 	 
0 	318 	970 	1544 	2546 	3193 	3277 	5358 	5432 	6045 	7192 	7215 	8363 	9109 	9736 	 
0 	2066 	3466 	6556 	6736 	7612 	9445 	 
0 	1487 	1922 	2093 	2309 	3553 	4297 	5525 	6358 	6445 	8473 	8794 	9003 	 
0 	2789 	5482 	6744 	6821 	7320 	9329 	 
0 	699 	789 	1824 	2470 	4803 	5230 	7515 	7684 	9014 	9908 	 
0 	529 	596 	3843 	5917 	5940 	7758 	8006 	8079 	8328 	9327 	9812 	 
0 	955 	1134 	1247 	1496 	3953 	4472 	4605 	5893 	9519 	 
0 	3816 	4963 	5281 	6739 	8061 	8775 	9507 	 
0 	1515 	3523 	3690 	3906 	4631 	8477 	8487 	8875 	 
0 	508 	763 	1018 	1463 	2638 	2795 	2983 	4370 	4568 	5144 	6051 	7155 	8132 	 
0 	103 	154 	291 	1943 	3383 	3413 	4192 	4380 	5494 	6016 	7227 	8136 	8200 	8440 	8485 	8966 	9141 	9167 	9542 	 
0 	1249 	2093 	2812 	2824 	3102 	4163 	5818 	7501 	9903 	 
0 	784 	2405 	4546 	5237 	5494 	5565 	5923 	6152 	6228 	7608 	8769 	 
0 	1078 	2233 	4936 	5234 	6917 	6969 	7568 	8097 	 
0 	2017 	2773 	2975 	3555 	6154 	6762 	6904 	8216 	 
0 	380 	2888 	3333 	5447 	5658 	5992 	7123 	7801 	8654 	 
0 	1769 	2502 	2946 	4314 	4388 	5923 	6898 	7563 	 
0 	291 	1884 	2193 	2564 	3387 	3921 	5152 	5663 	6020 	7346 	8893 	 
0 	1372 	1782 	1793 	1985 	3491 	3675 	3802 	3986 	4251 	4921 	5444 	6158 	6323 	6397 	7283 	9385 	9764 	9868 	9909 	 
0 	115 	1060 	1460 	1517 	5353 	5414 	5416 	7695 	8066 	8162 	8333 	9448 	 
0 	262 	2455 	3195 	3378 	4661 	4749 	5594 	6336 	6909 	7060 	7096 	9902 	 
0 	479 	1050 	1091 	1851 	2434 	3337 	3983 	4396 	4734 	5971 	8227 	9223 	 
0 	1633 	1634 	2275 	6670 	6885 	7061 	7456 	7604 	8137 	8589 	 
0 	254 	414 	2450 	4166 	4525 	5207 	5812 	9977 	 
0 	37 	453 	1154 	2950 	3603 	4708 	5761 	7014 	7212 	7644 	7809 	8140 	8535 	8928 	9779 	9961 	 
0 	618 	1492 	9231 	9429 	 
0 	780 	2455 	2977 	3284 	4269 	4272 	4771 	5829 	8349 	8458 	9665 	 
0 	998 	1282 	2956 	4990 	6886 	7447 	7763 	8926 	9489 	 
0 	599 	7175 	7778 	9815 	 
0 	341 	1651 	3532 	5815 	6276 	7819 	7999 	8316 	8418 	8939 	9777 	 
0 	1125 	2578 	2704 	2979 	3789 	4928 	5243 	5411 	5792 	5971 	9267 	9314 	 
0 	143 	1071 	2784 	3163 	8551 	8887 	9601 	 
0 	1430 	1891 	2720 	3020 	3356 	3876 	4892 	6433 	6691 	7029 	8058 	9143 	 
0 	234 	812 	4609 	4696 	4851 	6420 	 
0 	1922 	3858 	5603 	5908 	8086 	8303 	8898 	9821 	 
