0 	594 	1104 	1128 	1534 	1595 	2704 	3487 	3596 	9509 	 
0 	2373 	2728 	6146 	6505 	8030 	9231 	 
0 	84 	219 	422 	1918 	2378 	4042 	4336 	5795 	6165 	6193 	7159 	8662 	 
0 	25 	244 	1244 	1333 	1600 	6992 	7382 	7603 	8950 	9649 	9820 	 
0 	249 	1040 	2040 	2104 	4639 	6208 	7122 	9097 	9338 	 
0 	1173 	2626 	2798 	3464 	5923 	7281 	8304 	8643 	8993 	 
0 	381 	543 	1522 	3970 	4715 	6603 	6613 	6729 	7235 	7394 	9418 	 
0 	315 	2890 	4751 	6346 	6458 	7327 	7609 	9055 	9067 	9899 	 
0 	1332 	1544 	1676 	3190 	3439 	4834 	5423 	5486 	5973 	7251 	7420 	7547 	8642 	 
0 	171 	638 	842 	876 	925 	999 	1831 	2687 	3183 	4606 	5327 	6288 	7659 	8028 	8873 	9882 	 
0 	1646 	3408 	6174 	6201 	8251 	8956 	9389 	9564 	 
0 	141 	729 	1161 	1217 	2203 	2667 	2711 	3017 	6233 	6967 	8047 	 
0 	1992 	2069 	5800 	7730 	8111 	8278 	8914 	9411 	 
0 	217 	778 	1809 	4023 	4752 	6169 	6607 	6623 	7917 	8025 	8079 	9576 	9619 	 
0 	381 	2880 	4906 	5171 	5895 	6053 	6505 	8705 	8974 	 
0 	37 	657 	1219 	2141 	2615 	3155 	3921 	4000 	4182 	4386 	4458 	4869 	6109 	8018 	8149 	8624 	9145 	9534 	 
0 	916 	1757 	1772 	3429 	4196 	4507 	5456 	5864 	6477 	7382 	9604 	 
0 	391 	4053 	6888 	7263 	7289 	 
0 	414 	1342 	2070 	2571 	3049 	4088 	4373 	4841 	7763 	8015 	9304 	9367 	9676 	9953 	 
0 	102 	1288 	1386 	2115 	3558 	4084 	4399 	4997 	7468 	7651 	9912 	 
0 	799 	1019 	1852 	2951 	4497 	5462 	 
0 	286 	1010 	1710 	2598 	4628 	4777 	6832 	9158 	9845 	 
0 	752 	1022 	2111 	2519 	2823 	4540 	6976 	7245 	8132 	8871 	9602 	 
0 	1207 	2741 	3436 	6193 	6781 	9953 	 
0 	350 	1053 	1375 	1707 	3172 	4220 	4681 	7042 	7207 	9542 	 
0 	60 	825 	837 	839 	4361 	6321 	8013 	8911 	9629 	 
0 	822 	1660 	3174 	7900 	8691 	 
0 	3313 	3921 	4987 	5243 	5487 	6135 	7036 	7866 	7897 	8440 	9398 	9452 	9469 	 
0 	585 	1527 	8009 	8277 	8301 	8334 	8581 	 
0 	446 	2350 	3374 	7404 	7560 	9231 	 
0 	1229 	1448 	1749 	2104 	2455 	2725 	3377 	3835 	4464 	4948 	5353 	5459 	7399 	7506 	7537 	8001 	 
0 	3806 	4056 	4534 	5199 	5580 	6081 	6238 	6809 	7221 	7821 	8052 	8337 	8676 	8712 	 
0 	159 	1285 	3529 	6438 	7278 	9284 	9543 	 
0 	1545 	2881 	3054 	3338 	3814 	5174 	5650 	7421 	7447 	9454 	9658 	9883 	 
0 	512 	2270 	4927 	4994 	5065 	7559 	 
0 	562 	1386 	2274 	2556 	4149 	6108 	6214 	6875 	7137 	8060 	9341 	9347 	 
0 	820 	1028 	2370 	2741 	2897 	6402 	6428 	7265 	8435 	9223 	9602 	9710 	 
0 	431 	1184 	1903 	2635 	3840 	4941 	5688 	7054 	8461 	8966 	9086 	9162 	9699 	 
0 	705 	4591 	5240 	5365 	5550 	7192 	7344 	9133 	 
0 	476 	656 	745 	2659 	4336 	5298 	5431 	5866 	6081 	6427 	6852 	7674 	7873 	 
0 	1408 	2411 	4823 	5827 	5861 	7929 	9123 	9865 	 
0 	2567 	3136 	4368 	6036 	7824 	9454 	9457 	 
0 	25 	86 	636 	5224 	5827 	5991 	6980 	8836 	 
0 	840 	2322 	5975 	7800 	9023 	9783 	 
0 	1485 	1796 	2121 	2310 	2825 	3429 	3684 	4905 	5112 	5277 	7484 	9895 	 
0 	289 	655 	2559 	4477 	4750 	6057 	6247 	7973 	9106 	 
0 	690 	994 	2608 	4096 	5277 	5693 	5956 	7012 	8344 	9756 	 
0 	196 	1749 	2411 	3307 	3849 	4409 	6516 	6626 	8011 	8738 	8742 	8764 	9315 	9932 	 
0 	586 	1140 	2800 	3410 	5168 	6074 	7560 	9270 	9329 	 
0 	289 	794 	887 	2460 	3480 	4485 	5621 	9399 	 
0 	1494 	1851 	4242 	6006 	6194 	6509 	6953 	7773 	8812 	 
0 	18 	1294 	2687 	4075 	7307 	7325 	7431 	7546 	9711 	 
0 	57 	435 	779 	2200 	5769 	5975 	6509 	8031 	8207 	8462 	8540 	9106 	9274 	 
0 	338 	512 	850 	1119 	1230 	5240 	9220 	 
0 	1007 	1932 	4082 	4652 	4723 	4813 	8195 	9505 	9622 	 
0 	1995 	1998 	2091 	7484 	7678 	7921 	8181 	8332 	8746 	 
0 	1296 	2217 	4128 	4668 	4894 	6948 	7027 	7258 	7670 	8141 	9571 	 
0 	157 	460 	539 	2730 	2799 	3153 	4215 	4563 	5164 	5327 	6984 	7450 	8575 	 
0 	1733 	1842 	3997 	4039 	5593 	 
0 	999 	2104 	2223 	2480 	2900 	5786 	5815 	5999 	6260 	6298 	6323 	6494 	6776 	8220 	8341 	9088 	9868 	 
0 	1338 	1798 	2938 	3118 	4330 	4915 	7134 	7583 	8035 	9064 	9678 	 
0 	464 	480 	2662 	3972 	4204 	5001 	6938 	9587 	 
0 	113 	2167 	3950 	4441 	6651 	8468 	8825 	9448 	 
0 	508 	1061 	2403 	2446 	3087 	7328 	7548 	8138 	8189 	8728 	9165 	9243 	 
0 	823 	3926 	6130 	7686 	8491 	8495 	 
0 	1452 	1544 	1874 	2431 	2745 	3286 	3701 	6322 	6538 	6735 	7320 	9345 	 
0 	198 	252 	538 	873 	2920 	3149 	3984 	5628 	6819 	8111 	8697 	8707 	9960 	 
0 	225 	288 	1569 	2964 	5346 	5741 	5803 	6428 	7535 	9372 	 
0 	441 	659 	2565 	2896 	4889 	8318 	9626 	 
0 	1939 	2011 	3263 	3491 	6020 	7425 	8608 	 
0 	1265 	1645 	2403 	2566 	3789 	3817 	6359 	7425 	 
0 	637 	733 	2468 	2859 	4991 	5885 	6112 	6295 	6639 	7035 	7140 	9216 	9866 	9961 	 
0 	989 	1181 	4299 	4687 	6120 	6122 	6818 	6985 	7631 	8435 	8995 	9388 	 
0 	234 	2217 	2340 	2875 	3030 	3626 	5811 	6038 	6479 	7981 	8202 	8485 	8533 	 
0 	1985 	4015 	5442 	7408 	7437 	8096 	9312 	 
0 	4700 	5304 	6429 	6819 	8308 	9284 	9840 	 
0 	730 	1095 	1635 	3789 	8295 	8307 	9159 	9311 	 
0 	386 	1337 	2553 	3592 	5739 	6700 	7055 	 
0 	3358 	5263 	5522 	6063 	6067 	8939 	9075 	9505 	9625 	 
0 	71 	629 	961 	2531 	2918 	3402 	3970 	4723 	5684 	6959 	7642 	8013 	9017 	9041 	9823 	 
0 	526 	667 	1638 	4836 	5057 	6519 	7119 	9829 	 
0 	851 	1964 	2310 	3628 	5882 	7099 	8455 	9615 	9728 	 
0 	1677 	2255 	2606 	3782 	3938 	8120 	9021 	9850 	 
0 	1772 	1916 	2097 	2365 	6724 	6931 	7208 	8388 	8584 	9924 	 
0 	41 	705 	725 	4313 	4578 	4811 	6514 	6780 	7638 	 
0 	203 	2558 	3841 	4296 	5319 	5991 	6035 	6817 	7600 	8227 	9189 	 
0 	277 	649 	1295 	1894 	3262 	3793 	3999 	5473 	5768 	7652 	8183 	9402 	9687 	 
0 	856 	956 	1479 	1810 	2559 	3290 	5041 	5103 	5295 	9599 	 
0 	370 	1251 	2808 	5521 	6484 	6927 	8841 	8868 	9277 	 
0 	1289 	2276 	3009 	3281 	3747 	4165 	4901 	5188 	5984 	8343 	9485 	9697 	 
0 	521 	1162 	1953 	3181 	5661 	5859 	5926 	8357 	8853 	9877 	 
0 	284 	808 	2313 	2640 	2877 	3677 	3748 	4067 	5122 	5213 	5331 	5772 	6028 	7025 	9963 	 
0 	2228 	2456 	4459 	4930 	5274 	5282 	5376 	7689 	7753 	8248 	8990 	9258 	9583 	9800 	 
0 	16 	623 	1132 	1351 	1705 	2684 	5161 	5861 	7698 	7766 	7943 	8744 	8766 	 
0 	1073 	1936 	2060 	2520 	3217 	4402 	5970 	7054 	8941 	 
0 	377 	516 	536 	1444 	1478 	6296 	7013 	8614 	9314 	 
0 	1031 	2223 	3422 	5292 	8074 	8607 	 
0 	467 	2417 	3641 	3978 	5532 	6128 	6428 	6768 	7676 	7991 	9547 	 
0 	1718 	1950 	2047 	2526 	3727 	4425 	5416 	5475 	5974 	5979 	6360 	6493 	6990 	9391 	 
0 	89 	142 	224 	2208 	2875 	4459 	5091 	5271 	5572 	5765 	7061 	8535 	9960 	 
0 	253 	2066 	2119 	2159 	3698 	4185 	5106 	6545 	7321 	8737 	9020 	9315 	 
0 	2941 	6799 	7935 	9123 	9238 	9303 	 
0 	527 	701 	1796 	2715 	2933 	4660 	5279 	7290 	8566 	9108 	 
0 	347 	2567 	4965 	4970 	5074 	5504 	6483 	6683 	7576 	7757 	9844 	 
0 	90 	320 	621 	1102 	3218 	4183 	4547 	5251 	6248 	7256 	8263 	 
0 	2276 	2906 	7239 	8166 	8465 	9517 	 
0 	704 	2462 	3047 	3730 	4090 	4914 	6510 	6706 	7814 	8587 	9184 	 
0 	707 	2380 	3374 	4272 	6098 	6277 	6304 	7700 	8271 	9445 	9634 	 
0 	370 	1101 	2132 	3649 	3803 	4562 	5203 	5988 	6732 	7579 	 
0 	13 	1541 	2415 	3246 	3379 	6429 	7169 	9126 	 
0 	498 	1373 	1484 	1491 	2821 	3821 	6293 	6973 	8115 	8767 	 
0 	134 	400 	961 	1553 	1817 	2807 	4623 	4706 	7806 	8012 	8066 	8241 	 
0 	1833 	2086 	5829 	5988 	6398 	6755 	 
0 	389 	1300 	1967 	2016 	2119 	3397 	5182 	5305 	8270 	8929 	9124 	9448 	 
0 	127 	626 	735 	2228 	2355 	4053 	4259 	4260 	5361 	6279 	6705 	7853 	8631 	9860 	 
0 	54 	1415 	1462 	4054 	5978 	6289 	6413 	8110 	 
0 	660 	1205 	2100 	2873 	5357 	5924 	6315 	7331 	 
0 	632 	1446 	4839 	5161 	5183 	5860 	6360 	 
0 	97 	1455 	1567 	2110 	2138 	2921 	3362 	3869 	5263 	6148 	6262 	7577 	9486 	9786 	 
0 	423 	1123 	4011 	4527 	5217 	6169 	6392 	6900 	6925 	7354 	7982 	8412 	8417 	8453 	8595 	9635 	 
0 	2015 	2876 	3155 	3388 	3476 	6071 	8082 	9078 	9267 	 
0 	1471 	1503 	1516 	2256 	4266 	4420 	4881 	4914 	5111 	6174 	6762 	8491 	8687 	9443 	 
0 	95 	372 	1178 	1927 	2260 	2476 	2488 	6037 	7469 	 
0 	458 	1233 	2549 	3594 	4647 	5207 	5318 	5653 	5694 	7303 	8361 	9673 	 
0 	794 	2801 	4983 	5996 	 
0 	69 	1779 	1798 	2033 	2460 	4047 	4062 	5625 	6661 	7575 	8700 	8851 	 
0 	403 	1543 	2108 	2871 	3274 	4386 	4477 	4621 	5211 	8390 	 
0 	596 	812 	943 	1223 	2179 	2810 	5347 	8762 	 
0 	563 	2047 	2262 	2520 	2989 	4089 	4134 	5856 	6739 	7418 	7812 	7953 	7982 	9025 	9842 	 
0 	1102 	1588 	2462 	3287 	5434 	9093 	9394 	9535 	9579 	 
0 	1530 	2069 	2659 	3509 	4184 	4379 	4764 	7567 	9154 	 
0 	388 	2678 	4315 	4433 	6859 	7108 	9223 	9330 	 
0 	1821 	2311 	2755 	3974 	4435 	6732 	7009 	7581 	8022 	8538 	9251 	 
0 	1532 	2328 	4124 	6281 	6324 	7266 	7762 	 
0 	694 	1698 	2340 	2581 	2761 	2978 	3296 	3357 	3553 	3856 	4297 	5578 	5811 	5901 	6419 	8603 	9246 	9262 	9326 	9783 	 
0 	296 	2107 	2338 	3377 	3492 	5598 	6752 	7236 	7980 	8267 	 
0 	1257 	1636 	1726 	3583 	3975 	4200 	4272 	5421 	5468 	5672 	6321 	6764 	8499 	9367 	 
0 	1268 	1609 	3803 	3941 	3987 	5336 	5433 	5595 	8367 	8712 	8816 	 
0 	767 	880 	3306 	3927 	8063 	9790 	 
0 	290 	999 	1566 	3001 	5502 	5790 	6007 	6297 	6685 	8770 	9087 	9112 	 
0 	437 	630 	963 	3513 	3686 	3989 	4529 	6374 	6696 	8410 	8578 	8776 	8921 	 
0 	1269 	2706 	2934 	4479 	5852 	6855 	8056 	8256 	8556 	9157 	 
0 	502 	1095 	2745 	2781 	2783 	6037 	9244 	9832 	 
0 	254 	561 	1122 	2690 	3347 	4445 	4504 	5264 	7415 	 
0 	543 	2080 	2161 	4343 	4778 	4963 	6651 	6895 	7364 	9614 	9724 	 
0 	666 	1113 	1452 	1547 	3571 	3948 	4094 	4194 	4317 	8555 	9596 	9983 	 
0 	939 	2592 	2596 	4627 	4984 	5424 	6217 	7685 	9569 	 
0 	639 	700 	1197 	2131 	3393 	3563 	3866 	4254 	4609 	6486 	6517 	7201 	9007 	 
0 	334 	683 	786 	2152 	3398 	3488 	3958 	5371 	5460 	6215 	6553 	8800 	9926 	 
0 	2308 	2429 	2945 	3528 	3794 	3949 	4734 	5553 	6816 	8015 	8246 	 
0 	165 	564 	5368 	5886 	6241 	6654 	6758 	 
0 	744 	2325 	3581 	6698 	6822 	7839 	 
0 	768 	781 	866 	1937 	3564 	3655 	6033 	6173 	6961 	7972 	9130 	 
0 	516 	3738 	3741 	6060 	6389 	7294 	7569 	8846 	9112 	9969 	 
0 	1098 	2414 	2938 	4851 	4997 	6257 	6465 	6885 	8682 	9585 	 
0 	218 	408 	431 	3233 	7583 	9189 	 
0 	288 	2721 	4018 	4425 	5084 	7144 	7374 	8458 	8746 	9428 	 
0 	4421 	6768 	7615 	8854 	 
0 	2394 	5069 	5967 	7300 	7953 	 
0 	196 	2869 	4724 	5066 	5070 	9217 	9743 	9753 	 
0 	1435 	1580 	2398 	2909 	3162 	5193 	7264 	7700 	8411 	9111 	9650 	 
0 	1230 	1565 	3126 	3249 	4410 	5179 	5515 	6345 	7177 	9035 	 
0 	689 	1376 	2733 	2957 	2963 	3182 	3984 	4086 	4387 	4903 	5976 	6404 	6543 	6755 	6838 	7921 	 
0 	202 	419 	735 	752 	1986 	3059 	4032 	4684 	5795 	7798 	8440 	9002 	9030 	9118 	 
0 	1376 	1555 	1678 	2022 	2908 	4761 	5088 	7756 	8239 	 
0 	1564 	1660 	2094 	4555 	5064 	9896 	 
0 	1521 	2223 	2792 	4429 	4798 	5492 	5727 	6707 	7215 	7277 	7319 	7649 	8105 	8474 	8513 	8884 	 
0 	913 	2151 	3163 	4461 	5518 	7333 	8467 	 
0 	459 	2206 	2344 	2786 	4144 	4548 	5691 	6161 	6646 	 
0 	202 	843 	1015 	2968 	3362 	4501 	6349 	6693 	9713 	 
0 	504 	787 	3229 	3596 	4242 	4669 	7278 	8293 	8603 	9263 	 
0 	2916 	3067 	3171 	3659 	4123 	4817 	5670 	6947 	7164 	9002 	 
0 	270 	1179 	2507 	2592 	3637 	4330 	7328 	8407 	8528 	9126 	 
0 	162 	289 	1469 	1973 	2422 	5284 	6941 	6962 	7527 	7948 	9271 	9550 	9716 	 
0 	711 	2248 	3872 	4307 	5954 	6524 	6638 	7200 	7466 	9959 	 
0 	5709 	8833 	9071 	 
0 	533 	1023 	1439 	2226 	2319 	3696 	4280 	4468 	5462 	7906 	8416 	 
0 	1336 	2187 	6005 	6452 	6865 	7856 	9334 	 
0 	36 	92 	1484 	2054 	2307 	2666 	3272 	6281 	6453 	 
0 	524 	1117 	1639 	2055 	3413 	3861 	4658 	5021 	5032 	6009 	7047 	7955 	9340 	 
0 	467 	919 	2726 	2876 	3686 	5424 	5668 	7169 	8570 	8846 	9699 	9729 	 
0 	178 	1368 	3143 	3629 	5351 	5944 	6369 	6995 	8055 	 
0 	479 	1441 	1864 	4102 	5721 	6712 	7334 	7692 	8473 	9177 	 
0 	2764 	3506 	3763 	5387 	5433 	5462 	7676 	7824 	8086 	8299 	8398 	8859 	9188 	9472 	 
0 	900 	2956 	5672 	7978 	8736 	9596 	 
0 	56 	729 	2139 	4604 	4607 	4908 	5874 	6875 	7659 	 
0 	311 	1706 	2221 	3763 	5214 	6902 	9003 	 
0 	789 	1300 	1625 	1632 	1825 	3521 	4195 	5287 	6991 	7255 	8871 	 
0 	3108 	3209 	4090 	5886 	6833 	8684 	9638 	 
0 	542 	2249 	3046 	5915 	6307 	7236 	7430 	8063 	 
0 	759 	3682 	4409 	4854 	5319 	5494 	5969 	6053 	6086 	8718 	9505 	 
0 	121 	904 	1291 	1687 	5284 	5460 	5805 	7929 	9463 	 
0 	440 	840 	1130 	4871 	5896 	6622 	7300 	7412 	 
0 	62 	1236 	3277 	3283 	4103 	6350 	7441 	8387 	9008 	 
0 	485 	789 	2562 	4361 	4984 	5809 	6162 	7482 	8766 	 
0 	725 	1171 	1670 	2185 	4070 	4896 	6016 	7234 	8054 	8336 	 
0 	305 	1388 	2866 	3749 	6272 	6508 	7198 	7792 	 
0 	435 	1283 	3385 	3551 	3603 	3864 	4350 	6337 	7620 	 
0 	181 	903 	4179 	7341 	7628 	7882 	 
0 	2 	348 	2464 	3077 	3425 	3813 	5279 	5989 	6061 	9682 	 
0 	1973 	3975 	4422 	6493 	7726 	9166 	9469 	 
0 	4139 	5972 	6307 	6751 	6842 	7871 	 
0 	2792 	3062 	3359 	3882 	5120 	5931 	6892 	7068 	7572 	7905 	8073 	8662 	8746 	 
0 	949 	2826 	2966 	3695 	3700 	4007 	4682 	4747 	4859 	4978 	8623 	9572 	 
0 	48 	2782 	3260 	4135 	5854 	7295 	7313 	9288 	9302 	9867 	 
0 	2236 	2762 	3583 	6113 	7491 	 
0 	418 	2072 	2137 	2522 	5467 	5671 	5811 	6709 	7489 	7787 	7831 	9565 	 
0 	627 	1895 	2394 	2687 	2725 	4301 	5186 	6832 	8052 	9544 	 
0 	34 	678 	1065 	1813 	1917 	2763 	4386 	4744 	6346 	6502 	 
0 	428 	949 	1208 	4520 	4938 	4959 	8606 	8729 	9506 	 
0 	2979 	3049 	3391 	3829 	4004 	4077 	6603 	7187 	8404 	8941 	9430 	 
0 	953 	2462 	2942 	3612 	4250 	5123 	5377 	5873 	6090 	8324 	 
0 	1233 	3145 	3245 	4374 	5146 	5433 	6863 	7161 	7558 	7621 	7767 	9242 	 
0 	1996 	3156 	5213 	5556 	5975 	6010 	6062 	7349 	7541 	7870 	8913 	 
0 	1274 	2861 	3812 	5398 	5720 	6320 	6488 	9891 	 
0 	652 	1269 	5962 	6102 	6202 	7933 	 
0 	30 	723 	1281 	1722 	2356 	2974 	3979 	4347 	5296 	5595 	7116 	7875 	8237 	 
0 	1187 	1321 	1953 	1980 	2858 	3592 	3797 	5895 	6538 	8590 	 
0 	1108 	1163 	2457 	2778 	3192 	4508 	4849 	6541 	7155 	8381 	8814 	9362 	 
0 	638 	831 	2695 	3624 	3727 	4827 	7033 	9834 	 
0 	2630 	6542 	7089 	8059 	9156 	9385 	 
0 	970 	2246 	3564 	3751 	3822 	4245 	6330 	7766 	8546 	9041 	9984 	 
0 	1184 	1603 	4101 	5825 	6559 	7429 	8783 	9275 	9393 	9793 	 
0 	451 	1029 	1065 	1765 	2068 	4005 	4917 	5767 	6498 	7459 	8260 	 
0 	607 	2150 	2984 	6719 	8588 	9675 	 
0 	648 	1943 	2105 	3133 	3316 	3431 	3546 	4544 	5538 	5986 	6504 	6952 	7262 	9457 	9717 	9755 	 
0 	1543 	1714 	2167 	2427 	4172 	4703 	4811 	5573 	8292 	8444 	 
0 	1621 	2480 	3717 	3986 	4992 	5585 	6281 	8085 	9664 	9935 	 
0 	4523 	4855 	6553 	7661 	8247 	9379 	 
0 	1065 	2254 	2338 	2798 	3518 	4537 	5319 	7472 	7555 	8995 	9083 	9388 	 
0 	789 	1691 	3101 	4114 	5914 	6472 	8327 	8441 	8518 	9291 	 
0 	1932 	2708 	3145 	4087 	4648 	5404 	5675 	6073 	6086 	7938 	8587 	8991 	 
0 	20 	2178 	2283 	2527 	2754 	3138 	3878 	4135 	4256 	5504 	7953 	8272 	9756 	9858 	 
0 	320 	2343 	3639 	4918 	6938 	 
0 	126 	595 	1477 	4933 	5038 	6271 	6689 	6762 	8858 	 
0 	183 	312 	415 	4058 	4226 	5415 	5867 	6008 	6279 	7679 	8818 	9880 	 
0 	138 	284 	1384 	4346 	5176 	6204 	8692 	9078 	9681 	 
0 	864 	2676 	2939 	4049 	4909 	5483 	7455 	7586 	8216 	8309 	9425 	9883 	9921 	 
0 	170 	1437 	1593 	1620 	3823 	4610 	4614 	5962 	6633 	6674 	6694 	7510 	8633 	 
0 	3158 	3846 	5459 	5929 	7294 	7884 	8164 	8272 	9255 	9383 	9982 	 
0 	141 	1914 	2418 	3275 	7664 	7727 	8524 	9107 	9266 	 
0 	307 	1616 	2248 	3094 	4372 	4915 	7722 	7818 	8111 	8496 	9141 	 
0 	481 	552 	3632 	4617 	4994 	5932 	6422 	7075 	9601 	 
0 	594 	690 	734 	1436 	1500 	1622 	7878 	9346 	 
0 	501 	509 	1000 	2714 	4021 	4149 	5162 	5861 	6405 	6595 	8892 	8905 	9858 	 
0 	1872 	1946 	2472 	4498 	5478 	5846 	6226 	8892 	9046 	9618 	 
0 	2019 	5343 	5559 	5632 	6132 	6438 	7061 	7862 	7906 	8149 	8586 	9873 	 
0 	92 	243 	337 	1696 	1881 	2103 	2381 	3134 	4329 	4875 	7178 	8228 	8564 	8771 	8789 	8839 	9318 	 
0 	2361 	2581 	3251 	5131 	8092 	8317 	8319 	8919 	9004 	9188 	9360 	 
0 	254 	358 	566 	743 	1072 	2523 	3692 	4170 	4356 	4607 	5066 	5201 	6429 	7691 	8622 	9328 	9831 	 
0 	1807 	2424 	3404 	4901 	5918 	6018 	6251 	7573 	 
0 	992 	2068 	3193 	6029 	8010 	9142 	9677 	 
0 	549 	1031 	1621 	2543 	5500 	5806 	6017 	6748 	7452 	7721 	8469 	9156 	9334 	 
0 	550 	1524 	2242 	3954 	5111 	6330 	6941 	7783 	9119 	9186 	9275 	 
0 	1439 	2943 	4424 	7132 	7697 	9757 	 
0 	302 	389 	1219 	3600 	5440 	5607 	6656 	6819 	 
0 	1899 	2078 	3338 	3435 	3508 	3841 	3942 	4414 	5325 	8141 	 
0 	4817 	6346 	 
0 	1741 	1932 	2529 	5061 	5116 	5561 	6329 	7616 	8626 	9214 	9864 	 
0 	107 	262 	362 	986 	1015 	5681 	6280 	7087 	 
0 	687 	3140 	3572 	5887 	7378 	7536 	8223 	8414 	8591 	8885 	9495 	 
0 	1816 	4631 	6397 	8870 	9470 	 
0 	1547 	2145 	3334 	7572 	7665 	7827 	8573 	8797 	8922 	9181 	 
0 	984 	1216 	1241 	2826 	3317 	6487 	6622 	8104 	8497 	8953 	9346 	9389 	 
0 	846 	1428 	2055 	2401 	2452 	2484 	4578 	5856 	6791 	7362 	7836 	8989 	9439 	9669 	9693 	 
0 	178 	233 	1302 	1473 	2240 	3583 	4410 	5758 	6534 	6665 	6710 	6903 	7305 	 
0 	1071 	1520 	2531 	3087 	4341 	5365 	5839 	8996 	9180 	9215 	 
0 	4611 	5110 	5215 	7514 	8135 	8751 	9784 	9808 	 
0 	2026 	2055 	2081 	2495 	3437 	4916 	5401 	6210 	6632 	7167 	8984 	9531 	9859 	 
0 	542 	891 	1663 	2206 	2714 	5364 	5702 	6172 	6558 	6804 	7386 	8466 	8482 	8797 	8989 	9321 	 
0 	180 	1346 	5534 	7315 	7698 	8113 	 
0 	635 	747 	1121 	2758 	3125 	3243 	3610 	4251 	4422 	4440 	5226 	7508 	7687 	7944 	8107 	9506 	 
0 	2485 	2617 	3701 	3728 	3791 	4218 	5353 	5404 	6095 	6368 	7562 	8232 	8239 	 
0 	564 	762 	1224 	2757 	4105 	4152 	4391 	4794 	6496 	6875 	7272 	9097 	9866 	 
0 	201 	495 	2960 	3134 	4361 	4600 	 
0 	2020 	5750 	6133 	7623 	9177 	 
0 	924 	3101 	3634 	4413 	4642 	5761 	7255 	9072 	9157 	 
0 	792 	933 	1416 	4247 	5665 	5800 	8028 	8719 	 
0 	140 	2308 	2704 	3200 	4392 	5761 	5913 	7705 	8012 	8574 	8688 	 
0 	745 	1150 	2786 	3147 	4506 	5319 	9719 	 
0 	1096 	3917 	4393 	4615 	4678 	7653 	7934 	8368 	 
0 	188 	2177 	3074 	3203 	5424 	5621 	5646 	6313 	6479 	7175 	7394 	7651 	8888 	9895 	 
0 	195 	2132 	2333 	4539 	5194 	7653 	8696 	9058 	9593 	 
0 	3752 	4793 	6022 	7217 	7475 	9026 	9107 	9674 	9778 	 
0 	3964 	6037 	6092 	6949 	8308 	8428 	8879 	9238 	 
0 	627 	3113 	4287 	4772 	5289 	6246 	 
0 	416 	3091 	4055 	8963 	 
0 	371 	619 	967 	1211 	1612 	2144 	2322 	2739 	3613 	4092 	4806 	6613 	7892 	8722 	 
0 	169 	3360 	6191 	6819 	6915 	7092 	 
0 	16 	371 	2735 	3341 	3874 	5572 	6704 	7007 	7403 	 
0 	1725 	2122 	2736 	3775 	4320 	7122 	8966 	9453 	9756 	 
0 	182 	655 	1349 	1915 	2158 	2186 	5265 	5299 	6060 	6302 	6425 	6694 	7124 	8659 	8845 	8885 	9695 	 
0 	2571 	2776 	3287 	5386 	5865 	6501 	7050 	7155 	7436 	7638 	8226 	8366 	 
0 	2226 	2580 	3744 	5510 	6974 	7455 	7545 	7634 	8170 	8888 	 
0 	481 	1746 	2560 	3400 	3621 	3879 	6252 	7878 	9858 	 
0 	1233 	5503 	6356 	8076 	9753 	 
0 	137 	337 	348 	1423 	1534 	2109 	4722 	4953 	5128 	6813 	7228 	 
0 	1081 	1876 	2161 	7858 	 
0 	1888 	2162 	4555 	5283 	6100 	6514 	8926 	 
0 	632 	2136 	2214 	2817 	4576 	8183 	9188 	9392 	9438 	 
0 	261 	512 	858 	1250 	3170 	5485 	8646 	9906 	 
0 	447 	945 	2699 	2833 	3424 	3510 	3550 	5614 	6544 	7275 	7962 	8028 	8916 	 
0 	1426 	2490 	5371 	6396 	6589 	6767 	7397 	7985 	8602 	9538 	 
0 	617 	1492 	2383 	2855 	3397 	3999 	5247 	5662 	 
0 	171 	284 	636 	684 	971 	1844 	4566 	4809 	8005 	8363 	 
0 	293 	994 	2533 	4447 	4676 	6405 	6981 	7015 	9481 	9860 	 
0 	2614 	2899 	3110 	4572 	7125 	8580 	9143 	9475 	 
0 	660 	696 	2461 	5194 	6500 	8076 	9227 	 
0 	117 	410 	592 	2805 	3265 	4044 	5268 	5636 	6445 	6629 	8075 	8284 	9747 	 
0 	111 	223 	285 	734 	3624 	7281 	7478 	8237 	8604 	8753 	9163 	 
0 	1073 	2188 	2203 	2677 	3230 	5519 	5595 	5637 	9073 	 
0 	102 	1583 	2443 	3760 	5094 	5321 	5511 	6469 	7583 	 
0 	355 	3084 	4123 	4358 	5331 	5383 	5921 	6168 	6845 	8372 	9383 	 
0 	5005 	6434 	 
0 	244 	2739 	4053 	4219 	 
0 	334 	1154 	2214 	2435 	4925 	7876 	9811 	 
0 	677 	1432 	2150 	3029 	3994 	6454 	7114 	7332 	8609 	9271 	9770 	 
0 	177 	1954 	2080 	2574 	2608 	3083 	4063 	5132 	5646 	6807 	6982 	7566 	7583 	8248 	 
0 	1561 	1848 	2285 	3041 	3343 	3360 	3944 	4554 	6500 	6674 	7674 	8068 	8647 	9378 	9465 	9906 	9941 	 
0 	354 	2034 	3622 	6051 	8248 	9288 	9954 	 
0 	320 	2032 	2068 	7663 	9176 	9267 	9633 	 
0 	180 	3116 	3438 	4320 	4437 	4443 	4630 	5228 	5279 	6155 	7545 	7606 	 
0 	90 	1014 	1227 	1574 	2274 	2673 	2963 	3833 	7214 	7441 	9351 	9754 	 
0 	1247 	2087 	3644 	3805 	3861 	5675 	5944 	7171 	7956 	 
0 	733 	1485 	1890 	2255 	2420 	3796 	3945 	4197 	4227 	6195 	6936 	7237 	8211 	 
0 	183 	189 	1031 	1367 	2525 	3001 	4094 	4823 	5299 	6880 	8869 	9922 	 
0 	6 	3058 	3666 	5051 	6275 	6413 	7883 	9336 	9425 	 
0 	829 	1774 	3848 	4541 	4799 	5993 	7196 	7472 	8230 	9010 	 
0 	573 	1538 	1970 	2089 	3148 	3970 	4711 	6572 	7823 	 
0 	388 	769 	1114 	4062 	4387 	4665 	5123 	5460 	5631 	5645 	5773 	8954 	9292 	9559 	 
0 	651 	2037 	2351 	2451 	4225 	5880 	7397 	7584 	9117 	9377 	 
0 	1325 	1377 	1862 	4580 	5912 	7018 	7553 	8390 	8950 	 
0 	1091 	1332 	3376 	4866 	5230 	8055 	 
0 	2950 	3937 	3984 	4357 	4399 	4668 	5016 	5506 	6119 	7188 	7447 	9240 	9599 	 
0 	1551 	1738 	2573 	4016 	5166 	5560 	6172 	7056 	8028 	9885 	 
0 	156 	653 	1413 	3175 	4649 	4786 	6354 	6517 	7340 	7836 	8909 	9222 	 
0 	124 	1181 	1859 	2953 	4108 	5018 	5434 	5827 	5935 	6508 	6625 	7348 	8195 	8446 	9685 	9927 	 
0 	550 	1344 	2618 	4735 	4813 	5124 	5637 	7910 	8031 	8399 	 
0 	1791 	2880 	3123 	5203 	7672 	7703 	9942 	 
0 	569 	763 	822 	1762 	1950 	2191 	2688 	3742 	6408 	7957 	9124 	9908 	 
0 	4267 	5045 	5068 	5480 	5550 	6151 	7718 	7736 	9027 	 
0 	773 	1508 	2277 	2342 	2944 	7042 	8059 	8574 	 
0 	2321 	3922 	3932 	4253 	4286 	4615 	4908 	6212 	9345 	9462 	9651 	 
0 	1458 	3638 	4242 	7563 	7719 	8089 	9425 	9739 	 
0 	1004 	1591 	1889 	2365 	2720 	2755 	5286 	5789 	7541 	8046 	8409 	8716 	 
0 	622 	772 	893 	2209 	2338 	4610 	5734 	7263 	9325 	 
0 	118 	1577 	2251 	2342 	2919 	3038 	3046 	4084 	5193 	5321 	5973 	6466 	7315 	7683 	7831 	8420 	8459 	8802 	9097 	 
0 	989 	1751 	5199 	5823 	6949 	9971 	 
0 	559 	729 	2210 	2824 	3211 	4717 	4904 	5260 	6233 	7889 	8587 	9989 	 
0 	420 	1952 	2147 	3991 	4890 	5218 	5350 	5670 	5688 	5753 	5806 	7294 	9184 	 
0 	391 	2760 	3270 	3403 	3597 	4271 	4521 	4753 	4952 	6114 	6799 	8863 	9181 	9214 	9631 	9806 	 
0 	1422 	4620 	4768 	4943 	6802 	6896 	8448 	 
0 	1224 	2302 	2976 	3933 	4624 	6411 	7155 	7343 	7784 	 
0 	85 	472 	2662 	4944 	7734 	 
0 	1898 	2184 	3016 	6528 	6660 	7408 	7582 	8821 	9149 	 
0 	1812 	1993 	3139 	4094 	4113 	5248 	5413 	6572 	 
0 	355 	1159 	2470 	4623 	4666 	5885 	6162 	6959 	7294 	8572 	9123 	9420 	 
0 	829 	1378 	2623 	2843 	5703 	6465 	7864 	8090 	9580 	 
0 	212 	1047 	3612 	5541 	7579 	7594 	9067 	9880 	 
0 	3782 	5738 	6176 	6445 	7761 	8947 	9378 	 
0 	806 	860 	999 	2324 	3651 	4794 	5065 	5197 	5633 	6689 	6766 	7102 	7621 	8417 	8930 	9806 	9899 	 
0 	127 	219 	1552 	2277 	2306 	3008 	3530 	4147 	4554 	4561 	4599 	4838 	5337 	7118 	8123 	8551 	8745 	 
0 	2354 	4688 	4748 	5528 	5658 	5942 	7164 	7374 	9129 	 
0 	146 	2131 	3954 	3965 	4029 	6015 	8304 	8472 	9091 	9563 	9638 	9687 	 
0 	204 	372 	2851 	3044 	4058 	4221 	5727 	6100 	6219 	6285 	6426 	7235 	8863 	 
0 	390 	1669 	2480 	2865 	5779 	5913 	9041 	9937 	 
0 	227 	2056 	2464 	2952 	3356 	4002 	4209 	5462 	6338 	8292 	8604 	 
0 	186 	1661 	3047 	3586 	4935 	5002 	6035 	7701 	8137 	 
0 	405 	928 	1600 	2435 	2794 	4556 	5043 	6046 	6419 	7672 	7966 	8280 	8413 	8958 	 
0 	868 	4503 	7126 	9805 	 
0 	381 	467 	605 	624 	755 	2743 	3263 	3597 	4607 	6530 	7127 	7330 	8581 	9630 	 
0 	829 	1439 	1615 	1704 	2373 	3770 	3868 	4567 	6643 	7014 	7109 	9431 	9934 	 
0 	1414 	4102 	5089 	5521 	7306 	7327 	7702 	8312 	9164 	9170 	 
0 	2009 	2687 	4017 	4189 	4349 	4448 	5413 	5483 	6475 	7726 	9464 	 
0 	250 	287 	978 	1469 	4844 	5184 	6724 	7868 	8541 	8759 	9489 	 
0 	491 	4640 	7395 	7410 	7536 	8381 	8491 	9279 	 
0 	81 	1193 	1245 	1672 	3000 	5734 	7710 	8845 	9621 	 
0 	831 	920 	1084 	2365 	6503 	7483 	7786 	7839 	7867 	9679 	 
0 	348 	670 	1256 	3815 	6789 	7146 	 
0 	854 	1349 	2568 	2663 	4235 	4290 	7515 	 
0 	242 	256 	1570 	2115 	2945 	3249 	3352 	7040 	8756 	8829 	9082 	 
0 	917 	1425 	2634 	2837 	2963 	3550 	5022 	5146 	5373 	6627 	8218 	8375 	8514 	8640 	 
0 	1093 	2454 	2506 	3168 	3240 	4803 	6305 	7056 	7267 	7389 	7704 	9126 	 
0 	1225 	2015 	4649 	4819 	5018 	6849 	7240 	7351 	 
0 	752 	1371 	3510 	4553 	4976 	5023 	5429 	6015 	6112 	6397 	8411 	8454 	8930 	 
0 	1488 	1885 	6262 	6642 	6930 	6941 	7206 	9188 	9271 	9910 	 
0 	590 	975 	1150 	2168 	2728 	3285 	3823 	4005 	4254 	4868 	7881 	 
0 	408 	777 	838 	899 	2296 	2784 	3337 	6400 	6890 	8193 	9184 	9613 	 
0 	1400 	1701 	3585 	4066 	4232 	6240 	8083 	 
0 	654 	2732 	2894 	3140 	3454 	6450 	7182 	7264 	9277 	9621 	 
0 	247 	511 	1411 	1624 	2051 	2147 	2499 	4674 	4682 	5719 	6486 	7999 	8126 	8331 	9560 	 
0 	434 	5204 	7523 	8441 	 
0 	166 	5021 	5622 	7344 	8766 	9347 	 
0 	58 	282 	835 	999 	3775 	4504 	4837 	4972 	5507 	6729 	6794 	6884 	7548 	8881 	 
0 	405 	1351 	1393 	2569 	2577 	4101 	4967 	5135 	6202 	7501 	7580 	8618 	8874 	9293 	 
0 	2136 	2211 	3452 	3727 	6035 	9759 	 
0 	245 	1210 	1578 	1652 	2150 	2445 	6943 	7458 	7467 	7922 	8950 	9413 	9501 	 
0 	42 	512 	1387 	1404 	2980 	3242 	4605 	5093 	5524 	6533 	7291 	9761 	 
0 	856 	2505 	4442 	5468 	6253 	7212 	8183 	9324 	9358 	9448 	 
0 	1354 	2825 	3310 	4583 	5566 	7000 	8337 	9720 	9853 	 
0 	25 	103 	551 	3950 	4061 	4278 	6199 	6413 	7108 	7414 	 
0 	1860 	2283 	3117 	3415 	4059 	5534 	7777 	8484 	9478 	 
0 	75 	289 	1540 	2244 	3835 	4346 	5939 	6613 	8644 	8901 	9842 	 
0 	981 	1536 	1817 	2407 	2908 	3576 	6088 	6299 	6732 	7176 	9468 	9925 	 
0 	54 	226 	724 	2053 	3709 	4599 	4804 	4954 	7373 	8210 	 
0 	1838 	2503 	5145 	5518 	5646 	6516 	9875 	 
0 	172 	385 	647 	2295 	3443 	4449 	6027 	6571 	9197 	 
0 	496 	1623 	2119 	2342 	3025 	6584 	6906 	8172 	9397 	9488 	9799 	9847 	9856 	 
0 	2508 	2524 	3037 	4611 	6790 	6888 	7466 	7578 	8958 	9887 	 
0 	1058 	1369 	1494 	2480 	2753 	3053 	3798 	4310 	4392 	4620 	5515 	7059 	7297 	8344 	9539 	 
0 	244 	1522 	2141 	2639 	3284 	4792 	4820 	5338 	7357 	8140 	9681 	9761 	 
0 	2456 	4253 	4485 	4736 	6262 	7643 	7928 	8160 	8384 	 
0 	100 	1123 	1236 	1294 	3266 	3356 	3569 	5909 	6378 	8119 	 
0 	3071 	3097 	3435 	5134 	5793 	7896 	8368 	9348 	 
0 	105 	347 	1676 	7106 	8260 	9580 	 
0 	568 	1016 	1114 	2059 	2574 	3411 	4089 	4375 	4527 	4653 	6479 	7747 	8552 	9276 	9392 	9984 	 
0 	131 	649 	845 	1045 	1047 	1729 	1882 	3349 	3591 	4617 	5565 	6221 	6252 	8176 	8659 	8810 	9513 	 
0 	182 	401 	542 	1690 	3150 	3243 	3820 	4430 	4501 	5451 	6060 	8119 	8360 	8936 	 
0 	1031 	1160 	3309 	3994 	5693 	7536 	7657 	8469 	8936 	9346 	9909 	 
0 	539 	903 	2047 	2169 	2399 	2850 	3392 	4055 	4243 	4608 	6548 	7698 	9242 	9352 	 
0 	908 	3088 	3669 	6805 	7184 	7384 	8346 	8589 	9864 	 
0 	224 	2015 	2244 	3167 	6226 	9021 	9237 	9473 	 
0 	4863 	6374 	6966 	7025 	 
0 	608 	2868 	5715 	5821 	6956 	7984 	8477 	9320 	 
0 	73 	826 	2060 	3034 	3139 	4331 	5418 	6543 	6906 	6923 	9642 	 
0 	2488 	3047 	3310 	3335 	4093 	4943 	6230 	7495 	7547 	8822 	 
0 	751 	949 	1074 	1244 	2040 	5590 	8887 	9066 	9260 	 
0 	653 	1523 	2122 	2203 	4168 	4420 	4748 	4857 	5161 	6593 	7299 	7323 	8753 	 
0 	17 	1958 	2870 	5527 	6409 	6876 	8284 	 
0 	14 	60 	3053 	4128 	8880 	9972 	 
0 	1174 	1918 	1964 	2274 	2823 	5146 	7699 	8743 	9046 	9482 	9644 	9654 	 
0 	694 	1288 	4623 	4793 	4819 	4839 	9095 	9818 	 
0 	2182 	3214 	3313 	3742 	3825 	5853 	8477 	8507 	8927 	 
0 	686 	1639 	1703 	3939 	4095 	4351 	4687 	6250 	6371 	7016 	7427 	7436 	8769 	 
0 	500 	2335 	2344 	3599 	3752 	4272 	4469 	4557 	5469 	5534 	7183 	8435 	9277 	9566 	 
0 	6 	1567 	2327 	3344 	3539 	4940 	6917 	7416 	8036 	8072 	8434 	9326 	9982 	 
0 	809 	1932 	2262 	2654 	4299 	4441 	5349 	6142 	6734 	7635 	8596 	8898 	8901 	9774 	 
0 	1068 	1157 	1839 	2785 	3124 	4097 	5356 	6071 	6465 	9335 	 
0 	1746 	2258 	5251 	6177 	6270 	 
0 	1690 	2453 	2637 	5998 	6470 	7267 	8574 	 
0 	327 	851 	2258 	2617 	3257 	3294 	3975 	4465 	4554 	4656 	6881 	6985 	7457 	8027 	8163 	9170 	9444 	 
0 	304 	2039 	2837 	3800 	4200 	5647 	7397 	8230 	8391 	8645 	9312 	9330 	 
0 	1078 	1598 	2116 	2168 	2280 	3943 	4473 	5818 	8745 	9871 	 
0 	1278 	2976 	3537 	3565 	 
0 	1328 	1668 	1777 	4923 	6818 	7508 	8226 	8832 	 
0 	384 	2320 	3758 	4463 	7418 	8804 	 
0 	2082 	3224 	7587 	8336 	9254 	 
0 	2084 	4809 	8701 	8709 	9416 	9964 	 
0 	511 	4287 	6229 	8351 	9900 	 
0 	354 	1238 	2137 	2693 	3842 	5791 	6070 	6452 	6676 	7024 	7256 	8967 	9984 	 
0 	2546 	3238 	3554 	3894 	6680 	 
0 	424 	1314 	2895 	3058 	5617 	6763 	6870 	7624 	9293 	9517 	 
0 	1116 	1186 	2545 	2863 	4724 	4796 	5760 	6279 	6280 	7826 	8540 	9907 	 
0 	316 	990 	1301 	1783 	4392 	4743 	6785 	6793 	7827 	8119 	8724 	9046 	 
0 	227 	388 	776 	3638 	4481 	5309 	5719 	6307 	6774 	8384 	9004 	9233 	9372 	9428 	 
0 	1436 	2401 	2530 	4939 	8081 	8611 	 
0 	528 	2166 	2778 	2836 	6386 	7616 	7925 	9381 	9407 	9911 	9993 	 
0 	1886 	3653 	3756 	6263 	6593 	6856 	7958 	8519 	 
0 	106 	274 	714 	1018 	1147 	2207 	3300 	3991 	6025 	6883 	8156 	8933 	 
0 	2098 	3564 	5467 	5992 	7406 	7483 	8346 	8468 	 
0 	230 	3381 	3894 	4342 	7968 	9503 	9761 	 
0 	438 	3324 	4727 	5225 	5515 	6218 	7088 	8037 	 
0 	361 	856 	2445 	2446 	2544 	3661 	8052 	 
0 	1429 	4690 	4746 	4858 	5285 	5286 	8519 	9342 	 
0 	4046 	4231 	5161 	5982 	9896 	 
0 	525 	1363 	1470 	2380 	2617 	2805 	3090 	6640 	7516 	8105 	9023 	9142 	 
0 	285 	350 	1231 	1298 	2075 	2739 	3165 	3249 	4065 	4113 	4688 	6206 	6559 	6810 	8269 	 
0 	499 	887 	4110 	4739 	5633 	6243 	7545 	7819 	8167 	 
0 	650 	3569 	3617 	5102 	6182 	6255 	7329 	7807 	8062 	8459 	9324 	 
0 	1969 	2910 	4021 	4283 	4891 	5564 	6130 	7431 	8252 	8418 	8547 	9921 	 
0 	2055 	4098 	5700 	6159 	9163 	 
0 	298 	1576 	2370 	2659 	3769 	5103 	5698 	6125 	6559 	7284 	8841 	 
0 	511 	1368 	3321 	5601 	5889 	5958 	6458 	6948 	7927 	8363 	 
0 	328 	387 	3681 	3967 	4042 	5751 	8182 	 
0 	829 	1201 	1383 	3615 	4235 	4931 	7044 	7410 	7436 	8166 	9184 	9333 	9775 	 
0 	380 	1276 	2619 	4169 	6058 	6080 	6487 	6825 	7129 	7417 	7616 	9536 	9932 	 
0 	394 	1091 	2185 	5474 	5489 	7168 	9017 	9772 	 
0 	689 	2994 	3262 	3791 	3973 	4140 	4300 	4629 	5154 	6704 	7723 	8423 	8432 	9155 	9557 	 
0 	54 	206 	3513 	5590 	5893 	6321 	6444 	9192 	9546 	9648 	 
0 	616 	2825 	4546 	5552 	6255 	7112 	9042 	9414 	 
0 	196 	864 	898 	1504 	1622 	3744 	3953 	4303 	6486 	6845 	6881 	7526 	 
0 	1041 	2974 	5999 	6303 	6356 	6837 	7303 	7755 	9670 	9706 	 
0 	66 	4000 	4494 	5087 	5560 	5843 	8269 	9719 	 
0 	77 	240 	701 	2423 	2526 	3664 	5045 	5254 	 
0 	485 	1075 	1346 	2271 	2602 	5094 	5096 	5521 	6288 	6615 	6981 	7237 	8401 	8935 	9443 	9537 	9563 	 
0 	539 	2720 	3706 	3733 	3975 	5130 	5204 	5530 	7151 	8073 	9889 	 
0 	2692 	3141 	5196 	5234 	6569 	6946 	7890 	9289 	 
0 	1568 	3054 	3973 	4792 	5016 	6040 	6123 	6835 	9487 	 
0 	537 	1004 	1853 	5692 	9025 	 
0 	1270 	5023 	5214 	5433 	6125 	6521 	6732 	7561 	 
0 	1338 	1398 	2087 	4281 	6255 	9747 	 
0 	525 	7256 	8064 	8121 	8375 	9405 	9506 	9767 	 
0 	666 	853 	1026 	2292 	3380 	4552 	6058 	7569 	8616 	8987 	9551 	 
0 	985 	2332 	2997 	4543 	6292 	6821 	7534 	9353 	 
0 	136 	1170 	4813 	5676 	6156 	6191 	6341 	6798 	6977 	7566 	8951 	9338 	 
0 	2419 	2630 	2857 	3074 	3949 	4152 	5137 	6480 	8064 	8865 	9056 	9870 	 
0 	455 	865 	1554 	3758 	4083 	4239 	4432 	4596 	4667 	5193 	5645 	7002 	8241 	 
0 	656 	1830 	1874 	2218 	2393 	2855 	5086 	6352 	8263 	8586 	8764 	8836 	9107 	 
0 	1175 	2987 	4623 	5146 	5654 	5700 	6313 	8777 	9790 	 
0 	42 	715 	1466 	2393 	2879 	3392 	3411 	3770 	4680 	4842 	5485 	6071 	6478 	6486 	6515 	6990 	8136 	8735 	9285 	9568 	9903 	 
0 	77 	205 	1228 	6761 	7433 	7551 	9758 	 
0 	114 	2693 	4161 	5205 	5370 	6617 	7346 	9415 	 
0 	814 	1302 	1764 	2036 	4008 	7419 	9794 	 
0 	813 	2502 	4840 	5756 	6286 	6373 	7241 	7516 	7857 	7955 	8775 	8875 	9362 	9917 	 
0 	1952 	2797 	3877 	3882 	4039 	4257 	6074 	6285 	9191 	9256 	 
0 	1803 	2887 	4573 	5469 	7165 	8628 	8776 	 
0 	81 	855 	1996 	4054 	5731 	5771 	6499 	7303 	9200 	 
0 	248 	709 	1257 	2191 	2538 	3641 	4051 	5060 	5577 	6341 	6901 	7025 	8432 	9627 	 
0 	2217 	2242 	2260 	2830 	3679 	4048 	6310 	6713 	9036 	 
0 	236 	2169 	2343 	5710 	6327 	 
0 	2016 	2142 	4757 	6392 	9106 	 
0 	733 	1720 	2841 	3381 	4451 	6160 	8567 	8868 	9255 	 
0 	366 	1890 	2246 	3053 	3288 	6695 	8721 	8999 	9247 	 
0 	195 	3679 	4669 	6268 	6569 	6803 	7215 	7872 	8166 	8671 	 
0 	385 	2788 	3107 	5403 	6177 	6214 	6247 	8381 	8866 	9012 	9493 	9523 	 
0 	75 	360 	2070 	2943 	3419 	4765 	6285 	6730 	7110 	7156 	9733 	 
0 	1878 	2457 	3435 	3541 	3606 	5034 	5408 	5892 	6787 	7280 	9166 	9833 	 
0 	737 	937 	1245 	1879 	2650 	2692 	3715 	3794 	4115 	5465 	5704 	6411 	6935 	9163 	9438 	 
0 	491 	1920 	2312 	2686 	3309 	4369 	7245 	7331 	7678 	8230 	9451 	9841 	 
0 	3805 	4124 	4400 	4758 	5430 	5789 	5809 	8457 	8463 	8969 	9423 	 
0 	18 	843 	959 	980 	1329 	1529 	2294 	3464 	3742 	5263 	5730 	5731 	7957 	9357 	 
0 	294 	3268 	4283 	4880 	6038 	7638 	8969 	 
0 	465 	1168 	2275 	5258 	5438 	5971 	6473 	7192 	7789 	8840 	 
0 	390 	458 	873 	1376 	3020 	3964 	4109 	4801 	5486 	5849 	6067 	6845 	 
0 	2942 	5470 	7834 	8240 	8668 	 
0 	629 	1535 	4553 	4954 	5668 	6015 	6062 	6553 	8741 	8919 	 
0 	189 	357 	2104 	3592 	3734 	5132 	5515 	5819 	7142 	7168 	7739 	9352 	9400 	9783 	 
0 	349 	699 	1674 	3479 	4153 	4935 	6670 	6684 	 
0 	1522 	1591 	1654 	1877 	2519 	3556 	4560 	5297 	5337 	7173 	8172 	8760 	9704 	 
0 	1703 	2991 	5655 	5764 	6681 	8655 	8895 	9722 	 
0 	517 	1704 	3830 	4563 	5310 	5587 	5793 	6781 	6987 	7429 	7491 	8955 	9477 	 
0 	285 	356 	1073 	1755 	2023 	2182 	2298 	3682 	3805 	5437 	9432 	 
0 	1051 	1619 	3559 	3693 	7500 	7528 	9612 	 
0 	797 	1573 	3191 	3248 	3677 	4522 	4740 	8073 	 
0 	1467 	1509 	1625 	5838 	6545 	6888 	8870 	9612 	 
0 	158 	552 	2573 	3873 	3989 	4091 	4867 	5172 	5190 	5694 	8099 	8885 	 
0 	283 	403 	973 	3949 	5375 	5706 	6302 	9210 	9818 	 
0 	32 	1566 	1851 	3647 	4184 	5807 	6373 	9098 	 
0 	2032 	2692 	3647 	4455 	8132 	9144 	9413 	 
0 	935 	2207 	3798 	5067 	7482 	9332 	9382 	 
0 	5099 	8052 	8452 	8616 	9385 	9835 	 
0 	1055 	2199 	2389 	4246 	5401 	6564 	8374 	8701 	8755 	9503 	9763 	 
0 	2240 	3934 	5012 	6017 	6043 	7047 	 
0 	633 	2221 	3735 	4245 	4335 	5852 	7134 	7272 	7336 	9020 	9830 	 
0 	765 	1393 	1784 	3403 	4081 	4507 	4520 	5719 	7625 	 
0 	633 	1176 	1255 	1918 	3190 	3221 	3876 	3886 	6333 	6461 	8902 	 
0 	741 	1758 	2525 	2576 	3702 	3795 	4982 	7209 	8221 	 
0 	392 	1174 	2712 	4662 	5167 	5890 	6533 	7812 	8469 	8969 	9123 	 
0 	1135 	1743 	2106 	2429 	2649 	2830 	2999 	4399 	5156 	6762 	7771 	7930 	9188 	 
0 	3317 	5817 	6235 	6777 	7852 	9015 	9545 	 
0 	1369 	2880 	3260 	5033 	5601 	5660 	6278 	6900 	 
0 	108 	1155 	2510 	3996 	5954 	7412 	8361 	8625 	9621 	 
0 	416 	1844 	1979 	2766 	3468 	4913 	5376 	6302 	6777 	6998 	8415 	8637 	8857 	 
0 	979 	2368 	2461 	3360 	4063 	6433 	8901 	9116 	 
0 	1122 	2517 	2914 	7810 	 
0 	2285 	4585 	4737 	5577 	5860 	6989 	7057 	8145 	8725 	8760 	9211 	 
0 	583 	2486 	4557 	8141 	9118 	9254 	9684 	 
0 	5 	493 	595 	941 	1031 	2656 	7614 	7651 	 
0 	639 	1639 	2036 	5479 	5734 	6340 	6745 	6831 	6899 	6972 	7325 	7502 	9928 	 
0 	1278 	2134 	3811 	5690 	7844 	8564 	9222 	9897 	 
0 	35 	295 	1541 	1649 	2020 	2184 	6270 	6764 	8858 	 
0 	1631 	6434 	7795 	8962 	 
0 	395 	1266 	1978 	3221 	6447 	6597 	7100 	9063 	 
0 	541 	2610 	2700 	3508 	3824 	4158 	4642 	4925 	5244 	5454 	6403 	7060 	7326 	7516 	7663 	9445 	9448 	9674 	 
0 	749 	905 	3032 	4043 	4642 	4863 	8247 	8559 	9226 	9248 	9416 	 
0 	259 	672 	1179 	1814 	2853 	5173 	6545 	7277 	7347 	7718 	8671 	8899 	9582 	 
0 	306 	1895 	2800 	3184 	3236 	3928 	3953 	4302 	4475 	4812 	6181 	6439 	7286 	7559 	8102 	9847 	 
0 	377 	740 	1079 	1819 	2563 	3413 	3481 	3553 	3816 	4600 	5083 	6885 	8511 	8597 	8748 	 
0 	3221 	3565 	5315 	5363 	5908 	9340 	 
0 	5 	2094 	2730 	4271 	4579 	4912 	5671 	9534 	 
0 	2019 	4347 	6186 	6528 	8180 	 
0 	1454 	2726 	3819 	5412 	7041 	8668 	8673 	9507 	 
0 	149 	158 	241 	717 	1026 	3036 	3602 	3888 	5444 	6430 	7312 	8356 	9490 	 
0 	1251 	1395 	3152 	4376 	4520 	4671 	5453 	5664 	6423 	7402 	8262 	8578 	8892 	9900 	 
0 	124 	663 	1274 	1422 	2511 	3908 	4097 	4190 	4666 	4757 	4786 	5661 	8278 	8341 	8439 	 
0 	3889 	8057 	 
0 	327 	770 	1983 	3110 	3195 	4849 	7343 	7438 	7881 	 
0 	1337 	2569 	2668 	2761 	4475 	7837 	 
0 	4001 	5921 	6419 	6848 	6875 	8140 	8573 	9829 	 
0 	241 	565 	1795 	2435 	7887 	9189 	9537 	 
0 	349 	1156 	1620 	1696 	2887 	4844 	4899 	5821 	6697 	7012 	7993 	8306 	9936 	 
0 	1904 	3250 	3475 	3643 	4173 	6344 	7948 	8028 	8370 	9422 	 
0 	87 	736 	803 	1005 	1921 	4530 	4547 	4684 	5083 	5619 	6998 	8656 	8995 	 
0 	1253 	1507 	3208 	4072 	4284 	5656 	6386 	 
0 	1070 	1333 	2055 	7558 	7563 	8083 	 
0 	5593 	6264 	9476 	 
0 	377 	3253 	3346 	3889 	6193 	7055 	7069 	7785 	8246 	8497 	 
0 	177 	1905 	2290 	2300 	2949 	2989 	4087 	5645 	6243 	7514 	7549 	7697 	7989 	8106 	8231 	8348 	9317 	9923 	 
0 	1791 	2039 	3553 	3821 	4886 	5097 	8224 	8715 	 
0 	2290 	3369 	3987 	5410 	5585 	7548 	7687 	8420 	 
0 	382 	3337 	4276 	4348 	6321 	6598 	6674 	7304 	7794 	8217 	8592 	9392 	9665 	 
0 	374 	1100 	1749 	1772 	2852 	2861 	3585 	6551 	7249 	7804 	7858 	8260 	 
0 	216 	1625 	1946 	2835 	3528 	3923 	6742 	7022 	7259 	8590 	8912 	9052 	9946 	 
0 	4962 	5618 	5676 	8631 	 
0 	39 	148 	1337 	6139 	7499 	7671 	 
0 	414 	742 	1247 	2063 	2200 	3171 	7071 	7312 	8119 	 
0 	431 	549 	3900 	5521 	6574 	7382 	8436 	8629 	8840 	9054 	 
0 	301 	648 	1003 	5343 	5359 	5457 	7670 	8567 	8702 	9782 	 
0 	3487 	3518 	4204 	4411 	5718 	6184 	7274 	 
0 	1341 	3517 	6985 	9488 	9711 	9765 	 
0 	1011 	2775 	2810 	3397 	3614 	3828 	4027 	5175 	6387 	6449 	6582 	9342 	 
0 	3127 	3601 	3654 	4113 	5780 	5947 	 
0 	246 	1062 	1431 	2307 	2498 	3460 	4248 	4735 	4820 	5247 	5359 	5630 	5692 	6371 	6377 	6389 	6702 	6810 	7082 	7523 	8302 	9943 	 
0 	377 	905 	2718 	3267 	5207 	5319 	6501 	6672 	8134 	8170 	9180 	 
0 	2066 	3624 	5210 	5573 	5760 	8309 	8366 	8959 	9930 	 
0 	1651 	1776 	3072 	3252 	3537 	5325 	5640 	5822 	6835 	7472 	7864 	9084 	9718 	9801 	 
0 	16 	2204 	2400 	3141 	4738 	5266 	5378 	6836 	7068 	8209 	8640 	9022 	9732 	 
0 	375 	1695 	1832 	1998 	3281 	3546 	3589 	4479 	4737 	7714 	8096 	9229 	9255 	9562 	9613 	9815 	 
0 	224 	712 	757 	2090 	3038 	3387 	3806 	4192 	4876 	5290 	5364 	6571 	6666 	6744 	7830 	8069 	8968 	9749 	 
0 	332 	628 	2441 	2827 	3590 	6690 	6693 	8316 	 
0 	1392 	2521 	3327 	3811 	5615 	7845 	9850 	 
0 	2238 	3959 	4822 	5316 	6155 	8455 	9525 	9976 	 
0 	4994 	5190 	6875 	 
0 	320 	435 	1353 	2146 	2208 	2287 	2829 	3178 	3614 	3639 	4437 	4452 	7064 	7413 	 
0 	765 	1024 	2440 	3116 	6805 	8095 	 
0 	1575 	2273 	4005 	4645 	5514 	6507 	6897 	8708 	9095 	9907 	 
0 	270 	2186 	2345 	3177 	3541 	3640 	3645 	4141 	4861 	4893 	4964 	6004 	8492 	8540 	9020 	 
0 	336 	644 	833 	1216 	1627 	1642 	2490 	3412 	3671 	5416 	6079 	6803 	6927 	7046 	7483 	8783 	9393 	 
0 	817 	998 	3471 	3857 	5602 	5793 	6934 	8394 	8701 	9117 	9128 	9666 	 
0 	482 	637 	2719 	3580 	4250 	4633 	7392 	7623 	8860 	9272 	9692 	 
0 	633 	1585 	1803 	2789 	3044 	4246 	4624 	5448 	9114 	9151 	9975 	 
0 	64 	3110 	3404 	3875 	5776 	 
0 	378 	1085 	1219 	1336 	2262 	4550 	5842 	8249 	 
0 	116 	135 	1294 	1480 	2477 	3282 	4882 	5297 	5721 	5831 	6121 	6877 	7262 	7534 	8203 	8850 	8900 	8982 	 
0 	485 	1132 	1772 	4534 	4924 	8015 	9167 	9253 	 
0 	733 	2069 	4616 	5337 	6483 	6523 	7557 	7820 	8551 	9722 	 
0 	77 	817 	1046 	1535 	2071 	2797 	3595 	3718 	4600 	4744 	6788 	7979 	8258 	9290 	 
0 	574 	1845 	2213 	2809 	4538 	4686 	5055 	5299 	5322 	6094 	7840 	9004 	9459 	9695 	 
0 	1016 	1518 	1632 	4421 	4836 	8505 	9544 	 
0 	697 	949 	1129 	1446 	1953 	4819 	7529 	7710 	8596 	9805 	9913 	 
0 	553 	1421 	1467 	2480 	4923 	5824 	7321 	 
0 	151 	850 	3031 	4606 	4899 	7156 	8114 	8593 	 
0 	1650 	2374 	2489 	4435 	4499 	4606 	5068 	5110 	6860 	7857 	 
0 	793 	1168 	1366 	2874 	3349 	3407 	4447 	6531 	8238 	 
0 	401 	489 	2200 	3594 	3795 	4542 	4733 	6389 	8752 	8909 	9341 	9436 	9552 	9661 	 
0 	1037 	2437 	3876 	4391 	5433 	5627 	5945 	6085 	8898 	9302 	 
0 	313 	1460 	2398 	2462 	2917 	3414 	3589 	3604 	4532 	4844 	5237 	5958 	7591 	8822 	 
0 	2296 	3210 	3663 	5241 	7321 	8552 	9997 	 
0 	296 	675 	1313 	2566 	3784 	4365 	4642 	7418 	 
0 	2933 	3181 	4334 	5952 	5961 	7407 	 
0 	273 	2622 	4124 	5378 	8381 	8606 	9860 	 
0 	147 	888 	890 	1400 	3800 	4058 	4686 	5982 	9969 	 
0 	62 	2714 	2747 	3944 	4032 	4152 	4338 	5053 	5450 	6113 	7595 	8008 	 
0 	1439 	1731 	2163 	3750 	3808 	4949 	8005 	9962 	 
0 	2825 	3111 	3658 	5642 	5759 	6194 	6295 	6430 	6489 	7331 	8402 	8832 	8972 	 
0 	86 	133 	1925 	2434 	3336 	4313 	4363 	6711 	8441 	9096 	9322 	 
0 	50 	2619 	3630 	3681 	4610 	5126 	5662 	5681 	5882 	6011 	6718 	8300 	8840 	 
0 	859 	2017 	2634 	2937 	4428 	5183 	8318 	 
0 	661 	2395 	3150 	3265 	3544 	5793 	6360 	6644 	6705 	9911 	 
0 	368 	875 	1258 	2981 	3806 	4604 	5585 	5623 	6550 	7768 	9041 	9780 	9851 	 
0 	249 	701 	2469 	3031 	4775 	5328 	6935 	8887 	9599 	 
0 	1833 	2065 	2486 	4085 	5296 	6779 	6909 	7344 	8973 	 
0 	319 	368 	799 	848 	3410 	3703 	3911 	5975 	7804 	 
0 	336 	1121 	4673 	4985 	5127 	5314 	6705 	6749 	6907 	7472 	9890 	 
0 	2190 	3851 	3980 	4238 	4361 	4629 	7891 	8718 	8864 	9508 	 
0 	384 	552 	911 	1213 	1896 	2921 	3246 	3290 	3466 	4623 	4887 	7041 	8529 	9274 	 
0 	554 	3221 	7859 	8582 	9486 	 
0 	603 	1867 	2656 	2969 	5361 	5425 	6769 	9534 	 
0 	547 	817 	1713 	2980 	3497 	4126 	4807 	6628 	9684 	 
0 	1205 	1504 	3850 	4280 	4343 	4430 	4965 	6836 	7652 	8291 	8416 	9235 	9801 	9872 	9876 	 
0 	647 	1511 	2370 	2410 	2605 	4264 	4477 	5443 	7738 	7847 	8983 	9801 	9844 	 
0 	271 	615 	1005 	2288 	2801 	3433 	4578 	6074 	8850 	9847 	 
0 	2719 	4303 	6397 	6470 	8002 	8202 	9031 	 
0 	2302 	2376 	3124 	6858 	6945 	7312 	9041 	 
0 	830 	1838 	1973 	2723 	3677 	4764 	6899 	7845 	9564 	9842 	9948 	 
0 	1142 	1376 	3589 	3663 	4691 	4747 	6997 	 
0 	644 	648 	1847 	2722 	5912 	6020 	7596 	8730 	 
0 	1181 	1336 	2348 	6339 	7876 	9026 	 
0 	603 	1540 	1542 	6129 	6320 	6767 	7426 	8524 	8571 	9753 	 
0 	705 	2642 	2923 	3152 	4061 	6091 	6462 	6803 	7122 	7128 	8985 	9009 	9412 	 
0 	203 	685 	922 	1130 	3927 	6156 	8723 	 
0 	590 	748 	4491 	5961 	6577 	6903 	7079 	8513 	8565 	9075 	9974 	 
0 	798 	1168 	3566 	5273 	6258 	7101 	9074 	9119 	9911 	 
0 	204 	1620 	2727 	3768 	6406 	6767 	6934 	7073 	8571 	8739 	 
0 	967 	1919 	3057 	3185 	3589 	5259 	6748 	7929 	 
0 	691 	1213 	1549 	1694 	1912 	4783 	5521 	6458 	8914 	 
0 	415 	739 	1332 	1626 	1748 	2297 	4803 	6395 	6722 	6783 	8031 	8771 	9268 	9669 	9897 	 
0 	1738 	2120 	2660 	3153 	3582 	4595 	5568 	6067 	9094 	 
0 	2983 	3488 	7380 	7738 	8751 	 
0 	1058 	1213 	4441 	4932 	7524 	7950 	9352 	9872 	 
0 	221 	297 	3122 	4964 	5279 	7315 	7701 	9584 	9621 	9965 	 
0 	900 	2090 	2195 	3735 	4586 	5063 	8973 	9826 	 
0 	3135 	3554 	3667 	7000 	8154 	8951 	9141 	9227 	9380 	 
0 	2136 	6268 	7759 	 
0 	619 	2483 	3868 	4125 	4147 	5118 	8188 	9213 	 
0 	459 	660 	2820 	2965 	3164 	3293 	4542 	6225 	9152 	9808 	 
0 	594 	1716 	2310 	2577 	2719 	3653 	3745 	5445 	6014 	6494 	8859 	9254 	9380 	 
0 	426 	595 	2100 	2133 	2326 	3663 	4663 	5175 	5226 	6338 	7913 	8121 	9434 	 
0 	355 	753 	2093 	2749 	2941 	3937 	4147 	4820 	6514 	7052 	7498 	8278 	9078 	9366 	 
0 	1420 	1759 	1936 	4198 	4327 	5330 	6025 	9477 	 
0 	384 	899 	1487 	1722 	1827 	2283 	3913 	4112 	4315 	5771 	6174 	6656 	9137 	9966 	 
0 	203 	1538 	2169 	2309 	3780 	4142 	4183 	5058 	5380 	5632 	6995 	8026 	8748 	9963 	 
0 	1485 	1625 	3303 	3891 	4443 	4697 	5236 	5580 	6105 	7040 	7144 	7767 	8236 	9208 	 
0 	504 	851 	1025 	1342 	1611 	2375 	3575 	3784 	5413 	8836 	9185 	9549 	9686 	 
0 	72 	1130 	2251 	2258 	4577 	5722 	6850 	9937 	 
0 	1141 	1746 	2025 	2201 	3318 	6990 	7791 	8968 	9379 	9946 	 
0 	212 	3531 	4588 	4717 	5504 	6489 	8282 	9375 	9446 	 
0 	800 	837 	1811 	2963 	3676 	4196 	5470 	5690 	6926 	6934 	7848 	8066 	8818 	8994 	9254 	 
0 	353 	903 	994 	2406 	2515 	3130 	4432 	5128 	6505 	9364 	 
0 	3759 	5044 	5616 	5854 	9494 	 
0 	666 	841 	1890 	2635 	3000 	6021 	7591 	8125 	 
0 	2480 	7217 	7996 	8447 	8541 	8618 	8796 	8966 	 
0 	1455 	3846 	5637 	5717 	6628 	7057 	7107 	7649 	8597 	9038 	9301 	9425 	9570 	9958 	 
0 	1394 	1663 	2914 	3710 	5228 	5363 	5394 	6993 	7284 	 
0 	177 	877 	4040 	5657 	6256 	6416 	7088 	8938 	9381 	 
0 	375 	963 	981 	995 	1004 	1713 	2430 	4408 	5002 	6030 	6356 	7405 	7778 	7812 	8014 	9095 	9363 	9748 	9809 	9917 	 
0 	3 	818 	1703 	2719 	6789 	6817 	7583 	8885 	9388 	9716 	 
0 	620 	834 	2251 	2731 	2752 	4299 	4351 	6987 	7950 	8066 	 
0 	672 	1115 	1432 	2257 	5234 	6196 	6642 	6654 	6790 	7084 	8615 	 
0 	925 	1900 	2063 	2279 	2385 	2981 	3925 	4299 	5492 	6273 	7122 	7892 	8447 	9064 	9119 	9245 	9290 	9767 	 
0 	308 	2887 	2967 	5067 	5454 	8727 	8907 	9753 	 
0 	1852 	5095 	7640 	9554 	9968 	 
0 	762 	2813 	5110 	5374 	6018 	6664 	7043 	7443 	8031 	8137 	9094 	9418 	 
0 	132 	1206 	1219 	2869 	2880 	3734 	4056 	4507 	5162 	5896 	6085 	6394 	7417 	9007 	9113 	9788 	 
0 	1013 	1157 	1305 	1892 	2576 	5057 	6009 	7153 	7839 	8744 	9602 	 
0 	62 	1185 	1542 	1798 	3272 	4022 	4544 	5632 	6740 	6851 	7112 	7186 	7202 	7954 	8588 	9364 	 
0 	809 	1588 	1725 	2021 	2386 	3191 	3515 	3859 	4583 	4895 	5166 	5791 	5819 	6347 	6482 	6913 	8344 	 
0 	58 	244 	333 	642 	859 	883 	1407 	1915 	2079 	3193 	3541 	4804 	5313 	5364 	7120 	7866 	8989 	 
0 	6268 	6715 	6973 	7397 	7858 	8190 	8654 	8795 	 
0 	55 	1078 	2873 	2901 	2998 	3862 	5198 	5475 	6094 	7106 	7160 	8277 	 
0 	649 	1262 	2156 	2755 	2874 	2955 	3303 	4488 	4597 	4965 	5185 	5576 	5595 	6771 	9761 	 
0 	1406 	2994 	3090 	3387 	4660 	5406 	5547 	7411 	7588 	8512 	9331 	9377 	 
0 	829 	1516 	3348 	4488 	4581 	8287 	 
0 	1817 	3028 	3268 	3489 	4281 	6984 	7104 	7230 	8670 	8870 	9019 	 
0 	827 	1163 	1657 	2221 	2787 	3203 	3342 	4047 	6013 	7026 	8453 	9605 	9657 	9863 	 
0 	1753 	1886 	2302 	3652 	5079 	5106 	6242 	6259 	8555 	9603 	 
0 	1168 	1344 	2063 	2140 	4419 	7300 	7884 	8784 	 
0 	1421 	4635 	5139 	5543 	5886 	6146 	6842 	7086 	7416 	8710 	9971 	 
0 	224 	2367 	4197 	4500 	4874 	4927 	6365 	6793 	7797 	8063 	9588 	9881 	 
0 	1566 	2032 	4747 	5437 	6076 	6826 	6961 	7236 	7496 	8209 	8751 	8843 	8993 	9967 	 
0 	168 	471 	2185 	5423 	8666 	 
0 	633 	2043 	2148 	2470 	3485 	6242 	7002 	 
0 	453 	2788 	5167 	7592 	7813 	8887 	9413 	 
0 	1399 	3132 	4325 	4997 	9696 	 
0 	975 	1815 	3325 	4020 	4419 	5531 	6009 	8746 	 
0 	922 	1452 	2364 	2585 	2661 	3090 	3465 	4695 	5946 	6914 	7145 	8499 	 
0 	365 	1273 	1359 	1415 	3303 	4422 	4821 	4959 	5828 	6197 	6309 	7158 	7252 	7458 	8184 	 
0 	783 	2063 	4733 	4836 	6182 	7102 	7139 	7581 	8100 	 
0 	233 	817 	1406 	3541 	5241 	5719 	6241 	7100 	8047 	9071 	9213 	 
0 	315 	1843 	2492 	2648 	3539 	3931 	6876 	6987 	7791 	8673 	9169 	9653 	9786 	 
0 	3484 	4215 	4533 	4763 	4905 	5885 	9405 	 
0 	602 	2181 	3290 	3362 	3539 	5509 	6929 	7103 	8525 	8972 	9170 	9534 	 
0 	907 	1163 	1561 	1677 	1721 	2424 	3896 	4513 	7222 	7280 	8047 	 
0 	930 	1369 	1624 	3066 	4198 	6336 	7294 	7980 	8430 	9079 	9481 	 
0 	26 	962 	1888 	1934 	2768 	4564 	4651 	5796 	5872 	7035 	7615 	8093 	8714 	9092 	9279 	 
0 	308 	396 	663 	1736 	1738 	2624 	4141 	4559 	4779 	4973 	5447 	5556 	6222 	6245 	8361 	8442 	 
0 	517 	713 	4714 	4894 	5821 	6310 	6597 	6602 	6958 	8055 	8156 	8202 	8734 	 
0 	395 	1197 	1268 	2148 	3603 	3700 	3919 	4102 	4440 	5642 	5987 	6120 	6238 	7870 	9147 	9170 	 
0 	298 	835 	1031 	1384 	3059 	3324 	4038 	4801 	5242 	5974 	6280 	7087 	7606 	8567 	8691 	9048 	9123 	 
0 	1062 	3675 	4043 	4140 	5009 	6719 	6867 	8768 	 
0 	1036 	1419 	1938 	2710 	2792 	3865 	 
0 	393 	1445 	1634 	2075 	3085 	3548 	4080 	4744 	5388 	7320 	7417 	7661 	8267 	8678 	8729 	8826 	 
0 	1857 	4282 	4947 	7726 	7968 	8634 	8806 	9960 	 
0 	442 	690 	1170 	1863 	1915 	2379 	3682 	4967 	5017 	7072 	8309 	8427 	9913 	 
0 	1262 	1409 	1685 	1883 	2903 	5830 	7754 	9870 	 
0 	337 	694 	3374 	5018 	5818 	5982 	7505 	8541 	9523 	9979 	 
0 	431 	484 	1560 	2344 	4539 	5559 	5716 	7038 	7080 	8380 	9355 	9460 	 
0 	356 	1236 	2964 	3648 	3863 	4422 	5060 	5235 	6968 	7507 	9382 	 
0 	712 	912 	926 	1881 	2426 	2600 	3169 	4137 	5476 	7896 	8773 	9319 	9459 	 
0 	5150 	5522 	7954 	8374 	 
0 	191 	742 	1135 	1457 	1971 	3754 	4875 	4989 	6508 	7691 	8528 	8555 	9522 	9858 	 
0 	1853 	3627 	4504 	5153 	7720 	8927 	9328 	 
0 	1124 	2718 	2949 	3405 	4115 	5982 	7050 	8127 	9073 	9408 	9778 	 
0 	103 	696 	760 	2030 	2048 	3957 	4514 	4581 	4630 	5581 	6837 	7487 	 
0 	923 	2192 	2531 	3811 	4750 	6618 	7481 	7651 	7703 	7834 	8047 	8497 	 
0 	2056 	2798 	3360 	4670 	5483 	6811 	6889 	6904 	9342 	9376 	 
0 	440 	1735 	1966 	2354 	3449 	7844 	7883 	8093 	8194 	8392 	9211 	 
0 	278 	1992 	2025 	2417 	3525 	4512 	6367 	8110 	9495 	 
0 	369 	797 	2074 	5574 	6144 	7100 	8749 	8779 	9082 	 
0 	1801 	3233 	3876 	3977 	4800 	4859 	5034 	7190 	7546 	8433 	9120 	 
0 	37 	703 	994 	1007 	1776 	1890 	3577 	3846 	6789 	7602 	8139 	9220 	9738 	9781 	9990 	 
0 	517 	1539 	2412 	5033 	5215 	7477 	8247 	8676 	 
0 	211 	239 	2935 	5423 	6333 	7015 	7726 	9766 	 
0 	658 	950 	6428 	6862 	7926 	8758 	 
0 	373 	442 	2939 	3440 	3738 	4734 	4927 	5319 	7075 	7320 	7557 	7780 	 
0 	19 	223 	1708 	3972 	4072 	5068 	5457 	6288 	6592 	7412 	8503 	 
0 	382 	403 	1978 	2368 	3698 	4398 	5987 	7304 	7678 	7764 	8140 	8505 	9387 	 
0 	841 	4554 	5350 	5699 	5848 	8498 	9400 	 
0 	330 	1841 	2391 	5671 	6551 	6972 	7950 	8811 	9816 	 
0 	2467 	4588 	7410 	7787 	7945 	8768 	8800 	 
0 	652 	971 	1915 	2885 	3550 	6846 	7241 	7538 	7656 	7817 	 
0 	604 	2013 	2331 	2990 	5058 	6095 	6489 	 
0 	39 	1500 	5636 	6470 	7049 	7222 	7958 	8913 	 
0 	2127 	2485 	3539 	3573 	4785 	5037 	5601 	8222 	8617 	9882 	 
0 	357 	850 	1481 	5432 	6033 	6322 	6569 	6911 	7017 	7766 	8726 	8859 	8921 	9897 	 
0 	1669 	2456 	2684 	3347 	3427 	4280 	4424 	6192 	6850 	6859 	8906 	9292 	9568 	 
0 	804 	1722 	2423 	2680 	3119 	4775 	5481 	5604 	5666 	5906 	6675 	7363 	7486 	8806 	 
0 	729 	1262 	1683 	2481 	7019 	7031 	7751 	9804 	 
0 	3552 	5709 	6164 	9787 	 
0 	572 	1104 	2644 	2689 	7075 	7210 	7219 	8247 	9601 	9748 	 
0 	5193 	9027 	9802 	9873 	 
0 	381 	1879 	2828 	3712 	3938 	4661 	5064 	7295 	7817 	 
0 	266 	5462 	5481 	5939 	6021 	6306 	7924 	9987 	 
0 	141 	1017 	2447 	4090 	6198 	 
0 	314 	2144 	2190 	2370 	2545 	3967 	5509 	7673 	7704 	9134 	 
0 	2540 	4556 	5613 	6408 	7580 	8718 	9941 	 
0 	21 	1297 	2074 	2246 	2382 	4515 	4834 	5048 	6200 	7919 	8701 	8916 	9900 	9938 	 
0 	4819 	5342 	6575 	6672 	6838 	7124 	7479 	8262 	8269 	 
0 	476 	572 	4843 	5049 	9680 	 
0 	696 	1089 	1098 	1942 	2342 	3315 	4199 	5610 	7242 	7554 	9103 	 
0 	50 	537 	813 	1830 	1970 	2065 	3258 	5210 	5810 	6597 	6952 	7556 	7621 	8148 	8779 	 
0 	3618 	5202 	5401 	5697 	6082 	7290 	7545 	9043 	9433 	 
0 	52 	60 	264 	1053 	1812 	2007 	4900 	5066 	6250 	8346 	 
0 	342 	424 	1874 	2024 	2407 	2500 	3778 	5703 	5927 	7552 	9131 	9388 	9618 	 
0 	1430 	1483 	2063 	3029 	3222 	3547 	3628 	5341 	5601 	6526 	8445 	 
0 	50 	383 	4403 	4504 	5790 	6200 	7309 	7885 	8886 	 
0 	339 	390 	1520 	1844 	2939 	3221 	3340 	4462 	8752 	8786 	 
0 	1232 	2618 	2845 	4456 	4930 	5599 	5735 	6014 	6324 	9487 	 
0 	338 	1023 	2559 	2802 	3261 	3590 	5753 	5925 	9263 	9643 	 
0 	1292 	2692 	2703 	2718 	2907 	4220 	6652 	7574 	7983 	9893 	 
0 	2330 	2711 	4951 	5744 	6155 	6700 	7479 	8416 	9500 	 
0 	1484 	1653 	2111 	3034 	3896 	6427 	6987 	7000 	8778 	9859 	 
0 	200 	2862 	4751 	6171 	7836 	8050 	9090 	 
0 	1524 	2475 	2533 	3954 	4365 	6629 	6811 	6972 	7129 	 
0 	897 	1210 	2506 	4404 	4988 	6612 	8218 	9222 	 
0 	372 	837 	2534 	2618 	3013 	3258 	4839 	5062 	5400 	6409 	6592 	9004 	9882 	 
0 	1850 	2756 	3880 	5978 	6916 	8137 	9688 	 
0 	3963 	4135 	5348 	5454 	5484 	7195 	7666 	 
0 	1430 	1681 	2369 	3227 	3575 	3666 	3785 	4770 	5802 	6065 	6450 	7559 	7793 	8235 	8697 	9294 	9536 	9567 	 
0 	1316 	1355 	1615 	5685 	6627 	6854 	9062 	 
0 	584 	1127 	1145 	1924 	6288 	7509 	 
0 	264 	1383 	1674 	1795 	2611 	7669 	7888 	8354 	9527 	9999 	 
0 	247 	1634 	1943 	2699 	2993 	3597 	3890 	5793 	7366 	7648 	7699 	7821 	8425 	8636 	9627 	 
0 	2066 	3787 	4537 	6186 	6609 	9824 	 
0 	1028 	1414 	2290 	3109 	3308 	4634 	4817 	4844 	5460 	7017 	7715 	9071 	 
0 	2564 	3201 	3378 	3861 	4458 	6935 	7195 	7325 	7905 	8062 	 
0 	4482 	5483 	6290 	6319 	7942 	7957 	8751 	8931 	9050 	 
0 	1213 	1408 	3591 	4080 	4183 	4426 	4510 	4856 	4908 	5147 	5570 	6746 	9161 	9421 	 
0 	1015 	1770 	4362 	5385 	6163 	6182 	6401 	6783 	7015 	7473 	7900 	9541 	 
0 	1365 	1523 	2098 	2667 	4242 	4338 	5488 	5951 	7659 	7861 	8380 	9195 	 
0 	1225 	2039 	3113 	3699 	4195 	5451 	5597 	6459 	7272 	7689 	 
0 	98 	850 	893 	1295 	1775 	1808 	2528 	5984 	6315 	7110 	9797 	9831 	9909 	 
0 	316 	1392 	3447 	4213 	4448 	5343 	5833 	6657 	8444 	8644 	 
0 	369 	808 	845 	1242 	6589 	8175 	8927 	 
0 	514 	934 	1115 	1450 	2464 	3643 	3962 	5492 	5566 	7396 	7796 	9462 	9841 	 
0 	2172 	2595 	3243 	3469 	4906 	5116 	7368 	7629 	9935 	 
0 	226 	229 	618 	937 	3085 	3087 	4009 	4222 	5307 	5879 	6147 	6625 	6700 	7061 	7074 	8042 	8497 	8693 	 
0 	1183 	2495 	3140 	9128 	 
0 	293 	1279 	2657 	5742 	7073 	9599 	 
0 	142 	1874 	2417 	3497 	4261 	7807 	8247 	 
0 	788 	1085 	3119 	3270 	7165 	7483 	7809 	8522 	8596 	8646 	8996 	9568 	 
0 	6509 	8088 	8471 	 
0 	3705 	4178 	4561 	5979 	7383 	9502 	 
0 	471 	3136 	5168 	6760 	8729 	9345 	9453 	 
0 	760 	1666 	3139 	6385 	9206 	 
0 	474 	2506 	3889 	5258 	5410 	7293 	8291 	8376 	9928 	 
0 	1094 	2064 	5421 	6316 	6602 	6706 	7394 	7483 	8153 	8180 	 
0 	504 	1212 	1890 	3649 	4105 	4913 	5489 	6701 	7192 	 
0 	259 	1972 	2044 	2744 	2961 	3749 	3805 	4532 	5250 	5406 	6422 	9203 	 
0 	2193 	3595 	3758 	4042 	4227 	4846 	7797 	 
0 	1190 	1623 	2277 	2798 	3465 	3676 	3697 	3726 	4201 	4998 	7846 	8623 	8661 	 
0 	1613 	1914 	2224 	2742 	2751 	4878 	6374 	7113 	8125 	9930 	9933 	 
0 	617 	689 	944 	1895 	2883 	3152 	6374 	6617 	7536 	9095 	 
0 	1374 	1696 	2088 	3559 	3599 	5202 	6094 	8090 	8991 	 
0 	1267 	2742 	6224 	7847 	8157 	8914 	9722 	9933 	 
0 	630 	2072 	2305 	3550 	4062 	4849 	6016 	7138 	7856 	 
0 	170 	697 	917 	1049 	1507 	1675 	2558 	5003 	5668 	 
0 	192 	309 	1139 	1602 	2014 	2185 	2552 	2936 	3805 	4000 	4215 	4841 	5907 	6348 	7262 	7500 	8552 	9375 	9432 	 
0 	363 	688 	915 	2078 	3090 	4163 	5538 	5743 	5747 	6467 	7227 	8234 	8560 	9764 	9996 	 
0 	1545 	2574 	4126 	4257 	4284 	5485 	7116 	7961 	8183 	8686 	8784 	9063 	9170 	9375 	 
0 	409 	2966 	4751 	6472 	7008 	8619 	9090 	9861 	 
0 	504 	729 	988 	1932 	2246 	4092 	4387 	5095 	6426 	7525 	9893 	 
0 	607 	1781 	2084 	3900 	4304 	6916 	7036 	9461 	 
0 	223 	792 	1275 	3646 	3688 	4309 	7109 	8350 	8364 	9400 	 
0 	5 	354 	610 	1480 	2044 	3390 	3450 	4343 	4836 	5203 	5273 	7112 	8654 	8892 	 
0 	566 	1392 	2445 	3091 	5098 	5415 	5661 	5966 	5979 	6043 	6866 	7347 	8495 	 
0 	32 	511 	813 	948 	6431 	6744 	6777 	6839 	7906 	8514 	 
0 	600 	1276 	1303 	2472 	2515 	2583 	2619 	3682 	4380 	5133 	5427 	5430 	6091 	6603 	8996 	9202 	 
0 	248 	2076 	3557 	4838 	5995 	6333 	6621 	7584 	7672 	8088 	8511 	9455 	 
0 	2100 	2182 	4331 	7060 	7392 	8325 	9917 	 
0 	5320 	5669 	6698 	7327 	8261 	8534 	8723 	8994 	 
0 	178 	1412 	1495 	1559 	1581 	3123 	5040 	5069 	5107 	5248 	5746 	6899 	8022 	8187 	9369 	 
0 	37 	839 	1158 	1202 	1546 	5015 	6341 	7079 	7268 	9309 	 
0 	56 	342 	1600 	2948 	4034 	4655 	4757 	5520 	5605 	6051 	6985 	6993 	7884 	8009 	9453 	9559 	9838 	 
0 	450 	1312 	2605 	2772 	3607 	3641 	3749 	3779 	4575 	8394 	 
0 	796 	1566 	3973 	4947 	6089 	8503 	9807 	 
0 	1669 	1721 	1939 	2148 	3001 	3204 	3460 	4003 	5076 	5749 	 
0 	244 	287 	919 	2434 	4265 	4831 	6245 	7447 	8888 	9251 	 
0 	2 	18 	158 	352 	2635 	6642 	9192 	9947 	 
0 	673 	1443 	1868 	2424 	2773 	2974 	4352 	5537 	6273 	7017 	8284 	8984 	9999 	 
0 	1493 	1765 	2227 	3229 	4242 	4785 	6072 	6642 	6750 	8429 	 
0 	727 	2763 	3047 	3490 	3907 	5386 	5588 	6272 	6345 	6627 	6784 	6885 	8393 	9882 	 
0 	2855 	4106 	4555 	5236 	5794 	7214 	9149 	9624 	 
0 	641 	3587 	4150 	5672 	5731 	6254 	7811 	7909 	7970 	8911 	9025 	9190 	9516 	 
0 	1690 	2827 	4758 	6159 	6466 	8166 	 
0 	285 	697 	1833 	2036 	2353 	5340 	5457 	5607 	6068 	8260 	8291 	8535 	8706 	9420 	 
0 	768 	781 	1326 	1349 	1438 	1730 	3478 	5700 	7443 	7464 	7501 	7781 	8805 	9060 	9376 	 
0 	787 	999 	1283 	1480 	1671 	2349 	2697 	3996 	5040 	5147 	6941 	8426 	8650 	8732 	9098 	 
0 	1558 	1906 	2684 	3429 	4885 	5118 	5492 	7324 	8281 	8293 	8877 	9297 	9434 	 
0 	1892 	5130 	6861 	7194 	9118 	 
0 	98 	2356 	2792 	3031 	3091 	4361 	5812 	6981 	8937 	9086 	9979 	 
0 	138 	745 	2645 	3058 	3324 	6426 	6874 	9819 	9953 	 
0 	694 	2308 	3399 	5272 	5465 	5758 	8244 	8245 	8573 	8864 	9406 	9550 	 
0 	112 	415 	450 	691 	905 	1860 	3982 	9560 	 
0 	1493 	3695 	7533 	8969 	9088 	9387 	9854 	 
0 	775 	903 	2052 	2782 	3410 	3648 	4132 	5394 	5865 	6027 	6833 	7226 	8529 	9125 	9283 	 
0 	18 	3133 	4669 	5050 	6125 	9838 	 
0 	450 	1318 	1549 	4032 	4707 	4896 	6328 	6713 	6727 	7004 	7130 	7317 	8991 	 
0 	57 	1528 	2890 	3999 	4942 	5157 	6009 	7008 	7341 	7383 	7609 	8436 	8635 	9436 	9673 	9897 	 
0 	1621 	3440 	5067 	5514 	6344 	7351 	8565 	9402 	 
0 	274 	393 	970 	983 	1694 	1829 	2654 	4382 	4899 	5898 	7197 	7306 	7545 	7854 	7962 	8623 	 
0 	227 	1483 	2161 	2485 	2654 	3536 	3625 	3640 	4013 	4407 	4537 	6010 	7241 	7916 	8402 	8436 	8553 	9551 	 
0 	352 	1727 	3609 	3694 	3904 	4718 	4792 	5230 	7800 	8545 	9144 	 
0 	1145 	2123 	2422 	2878 	4047 	4193 	7617 	9131 	9519 	 
0 	723 	1038 	2333 	2445 	3020 	3126 	7353 	9320 	9954 	 
0 	2310 	2628 	4454 	5699 	6612 	8244 	9257 	 
0 	1499 	1505 	3119 	3687 	4165 	4604 	5472 	5584 	6784 	8785 	 
0 	487 	519 	4111 	4168 	4748 	4774 	5427 	6061 	6110 	6173 	6831 	7178 	7878 	8710 	 
0 	1092 	6630 	9164 	 
0 	2524 	2541 	3429 	4305 	5676 	6037 	7264 	8335 	8634 	9688 	 
0 	229 	1278 	4653 	5518 	5834 	6237 	6869 	7204 	 
0 	3054 	3540 	4278 	4548 	4930 	5728 	6157 	8025 	8883 	9253 	 
0 	472 	867 	1931 	2444 	4928 	5044 	5395 	7756 	7831 	8592 	9929 	9971 	 
0 	748 	1922 	2866 	6170 	6699 	7346 	8213 	8782 	 
0 	461 	1669 	1902 	2054 	3195 	4408 	5036 	6141 	7501 	7740 	8012 	8675 	8854 	9002 	 
0 	951 	1100 	1160 	2693 	5062 	5684 	5711 	5757 	5788 	6314 	6316 	6485 	7386 	7432 	 
0 	22 	2603 	6273 	6608 	8301 	8796 	9011 	9107 	9217 	 
0 	1108 	1414 	2512 	2983 	3202 	4632 	5094 	7644 	7756 	9362 	 
0 	1530 	3334 	4286 	4649 	5414 	6533 	 
0 	3831 	7165 	8248 	8525 	9746 	 
0 	2053 	3553 	3772 	4571 	9045 	 
0 	864 	3726 	3873 	5823 	7132 	8140 	8784 	9109 	 
0 	438 	1056 	1956 	2962 	3416 	3665 	4405 	4792 	4806 	6215 	6357 	6374 	8262 	 
0 	358 	3161 	3688 	4390 	6283 	7844 	 
0 	941 	944 	1087 	1286 	3503 	4246 	4582 	7021 	9319 	9798 	 
0 	1330 	3202 	8926 	9100 	9461 	9519 	9703 	 
0 	1301 	1375 	1733 	3699 	3992 	4689 	6011 	6824 	8298 	8925 	 
0 	70 	95 	937 	1343 	1968 	2398 	3095 	3263 	4360 	5022 	5755 	6900 	7791 	8432 	8761 	8833 	9058 	 
0 	86 	1138 	1333 	3376 	3427 	3989 	4255 	5248 	6725 	6766 	7384 	7943 	9313 	9716 	 
0 	1032 	1632 	1875 	3220 	4170 	4554 	4841 	6743 	7352 	8113 	8938 	9918 	 
0 	37 	1310 	1317 	2514 	2867 	2922 	3817 	4035 	4547 	7262 	7278 	7316 	8360 	8384 	9188 	 
0 	1295 	2716 	3088 	3710 	4693 	6052 	7585 	8826 	 
0 	1192 	2240 	2964 	3648 	4158 	5632 	6647 	9459 	 
0 	147 	320 	980 	2501 	2856 	5750 	6582 	7503 	8458 	9055 	9160 	 
0 	138 	1827 	1999 	4371 	4623 	6560 	6961 	7060 	7393 	 
0 	1232 	1645 	2205 	3043 	4051 	5734 	6985 	7647 	8484 	8992 	 
0 	589 	2456 	5572 	7068 	7239 	7941 	8417 	8418 	8950 	 
0 	1461 	5134 	6238 	6276 	7570 	7650 	7685 	8890 	 
0 	2554 	4022 	4401 	7746 	8704 	8929 	9275 	 
0 	56 	1519 	2983 	3162 	3548 	3994 	4730 	5829 	6719 	7003 	7437 	7777 	8078 	9124 	 
0 	1221 	1487 	2573 	4723 	5143 	5155 	7652 	 
0 	546 	1297 	1812 	3427 	3517 	3572 	6875 	7671 	7799 	8094 	8210 	9206 	9634 	9843 	 
0 	947 	2487 	6293 	7473 	 
0 	855 	1221 	2648 	4082 	4589 	5404 	5455 	5522 	5914 	6640 	 
0 	4579 	6517 	7537 	7788 	9703 	 
0 	349 	582 	1612 	2677 	3280 	3528 	4842 	5092 	5948 	6944 	9399 	 
0 	21 	640 	2824 	3020 	3687 	7060 	7916 	 
0 	1130 	4866 	4977 	5229 	5332 	5482 	5639 	6708 	7213 	8359 	 
0 	603 	1130 	2798 	3159 	3323 	3962 	4370 	4947 	5728 	6896 	7055 	7552 	7652 	 
0 	3848 	4464 	5028 	6670 	7039 	7110 	9481 	9830 	9880 	 
0 	68 	106 	216 	321 	404 	779 	1600 	1673 	1918 	2473 	3266 	3331 	6276 	6368 	7720 	8003 	8331 	8396 	8936 	9406 	 
0 	2193 	3079 	3096 	4674 	4982 	5666 	8494 	8682 	 
0 	1045 	1254 	1348 	3438 	3643 	9351 	 
0 	1486 	2150 	6128 	6571 	7281 	8263 	9185 	 
0 	2747 	4052 	4226 	4865 	4907 	6201 	6230 	7078 	8329 	9247 	9872 	9876 	 
0 	302 	766 	1103 	1891 	2779 	3131 	3336 	4204 	4933 	7031 	8530 	9797 	 
0 	1251 	4915 	7844 	8010 	 
0 	879 	2032 	3509 	4552 	5787 	6800 	9060 	 
0 	124 	529 	1057 	3915 	4826 	5661 	8368 	8408 	 
0 	1471 	6335 	6882 	7712 	8604 	9485 	 
0 	279 	973 	1353 	2126 	2308 	3399 	4055 	4701 	5109 	5597 	6630 	6654 	 
0 	466 	845 	3683 	4688 	4734 	5027 	5897 	8966 	9566 	9622 	 
0 	786 	3392 	3619 	6483 	7423 	7610 	7707 	8561 	9185 	 
0 	38 	1737 	1897 	2580 	3802 	4174 	5909 	5982 	6019 	7226 	7300 	7435 	8286 	9400 	9683 	 
0 	333 	2841 	3050 	3922 	6218 	7055 	7509 	9897 	 
0 	577 	623 	681 	789 	977 	1365 	2135 	2280 	2970 	3384 	4152 	4349 	4673 	 
0 	616 	1139 	1551 	1568 	1792 	2223 	2258 	2335 	3975 	4713 	5190 	6058 	7840 	8037 	8290 	8701 	8961 	 
0 	2624 	3146 	3598 	6339 	8449 	 
0 	1324 	2455 	2688 	2715 	6247 	6324 	7854 	8608 	8695 	9983 	 
0 	1019 	2155 	2251 	2566 	3766 	4112 	4540 	6335 	8519 	8521 	8547 	8894 	 
0 	193 	1140 	2379 	3512 	5899 	7558 	7951 	9614 	9830 	 
0 	2042 	2853 	3046 	3132 	3249 	6015 	7030 	 
0 	81 	854 	981 	2699 	3563 	6745 	7679 	8644 	8741 	 
0 	491 	1404 	5000 	8651 	8681 	9522 	9629 	 
0 	889 	1052 	1098 	1235 	1505 	2499 	2602 	2797 	3059 	3385 	5010 	5896 	5996 	6567 	7798 	8014 	9194 	9641 	 
0 	870 	1375 	1446 	4951 	7399 	7671 	7888 	7936 	 
0 	737 	1970 	2742 	9324 	9641 	 
0 	1156 	1961 	2683 	4251 	4262 	4726 	4934 	5865 	5945 	6102 	6357 	7069 	7284 	7704 	9774 	 
0 	1169 	1392 	1663 	3136 	3379 	3585 	3654 	5937 	7625 	7699 	9558 	9838 	 
0 	1031 	1605 	1972 	2018 	2526 	5736 	5944 	6177 	9848 	 
0 	555 	3399 	3454 	4523 	5670 	6428 	7338 	9729 	 
0 	160 	229 	2046 	5468 	5673 	7339 	9540 	 
0 	598 	666 	2888 	3003 	3346 	5336 	5694 	5940 	6441 	6860 	7156 	7598 	7622 	7650 	7900 	8623 	9096 	9625 	9628 	 
0 	181 	2255 	2258 	3080 	4036 	4332 	5186 	5263 	5593 	5681 	5925 	6240 	6749 	7412 	8660 	9150 	9741 	 
0 	1802 	2126 	2903 	3344 	3402 	4347 	4714 	5221 	6423 	7521 	8268 	8879 	 
0 	362 	603 	660 	5216 	6519 	7218 	7564 	8669 	 
0 	278 	2040 	2042 	2371 	4304 	5807 	6255 	 
0 	585 	1723 	2517 	3804 	4128 	5506 	6668 	6711 	7655 	7916 	8492 	9256 	9407 	9862 	 
0 	412 	502 	976 	1279 	2728 	2778 	2795 	3469 	3471 	3902 	4823 	9372 	9948 	 
0 	898 	4126 	4486 	5019 	7247 	8264 	8269 	8717 	9831 	 
0 	243 	1886 	4712 	6466 	6978 	7827 	8092 	9460 	9993 	 
0 	38 	1304 	1711 	1789 	2782 	3238 	5712 	6949 	7312 	7667 	7726 	8231 	8853 	8897 	9716 	 
0 	763 	1598 	3194 	3372 	3596 	3610 	4106 	4345 	4687 	4804 	5462 	5613 	8935 	9220 	9293 	 
0 	480 	1449 	2201 	3451 	3873 	5112 	5956 	6224 	7085 	8005 	8729 	9477 	 
0 	199 	2879 	4050 	4054 	5089 	5969 	6293 	7161 	7800 	8697 	8870 	9171 	 
0 	510 	596 	726 	814 	1174 	4136 	4827 	5295 	6841 	6963 	8072 	8229 	8582 	9283 	9810 	9876 	 
0 	3190 	3435 	3507 	3691 	4001 	4230 	4460 	6152 	7041 	7368 	8266 	8840 	8867 	 
0 	708 	733 	1971 	2944 	5475 	6084 	6173 	7173 	7296 	 
0 	240 	1182 	1444 	1720 	1845 	2471 	3459 	3715 	4071 	4326 	7239 	7464 	7660 	9467 	 
0 	538 	1217 	1629 	2266 	2365 	2953 	3062 	4181 	7500 	8512 	9036 	 
