0 	1100 	2451 	2613 	2979 	3875 	5717 	6291 	7908 	8244 	 
0 	7446 	9581 	9904 	 
0 	1979 	2861 	3427 	4536 	4664 	5289 	7518 	 
0 	2227 	3752 	3854 	4067 	4905 	5461 	6087 	6233 	7579 	7764 	8597 	9062 	9890 	 
0 	1624 	1977 	2247 	2291 	2835 	2978 	3003 	3203 	3261 	3563 	5234 	7039 	8344 	8488 	8705 	 
0 	458 	830 	2585 	2644 	3455 	4049 	5388 	5807 	8582 	8661 	9119 	9322 	9401 	 
0 	169 	1102 	2113 	3366 	5674 	6295 	6834 	7044 	9614 	9648 	9939 	 
0 	584 	8054 	8770 	 
0 	1049 	2681 	2728 	2864 	3189 	3638 	6198 	7038 	9087 	 
0 	2187 	3301 	6076 	6309 	7128 	7231 	7374 	9579 	 
0 	462 	464 	548 	750 	1192 	2453 	2671 	3012 	3360 	4394 	5119 	5717 	6705 	6983 	8021 	9371 	 
0 	1710 	1935 	3287 	7657 	8600 	9421 	 
0 	2454 	4267 	5329 	5875 	6091 	6448 	7394 	9758 	 
0 	806 	1368 	3338 	3669 	4345 	4348 	6435 	8714 	 
0 	1324 	1425 	1858 	2086 	2428 	3185 	4115 	4609 	5950 	6140 	6259 	7842 	8322 	9214 	9281 	 
0 	1374 	4256 	4829 	5659 	5889 	8169 	8259 	8828 	9101 	9760 	 
0 	881 	942 	1192 	1943 	2327 	4774 	5578 	6158 	6536 	6813 	8415 	8628 	9870 	 
0 	898 	1955 	3507 	3833 	4061 	5177 	5770 	6932 	8793 	 
0 	81 	444 	1074 	1890 	2857 	3566 	3974 	4728 	5375 	6464 	6467 	6558 	7152 	7483 	7536 	8458 	9471 	9820 	9965 	 
0 	959 	1039 	1560 	3143 	4055 	5253 	5543 	6438 	7303 	7938 	8020 	8969 	9023 	 
0 	351 	1272 	1423 	1468 	2354 	3410 	4194 	4242 	5118 	5585 	6091 	6260 	6480 	6810 	9708 	 
0 	610 	1332 	2241 	3563 	4681 	5124 	5858 	6282 	7544 	9519 	 
0 	386 	1501 	1986 	4296 	5758 	6045 	7492 	8022 	 
0 	269 	685 	1664 	2240 	4291 	5011 	6726 	7347 	8176 	8808 	9456 	 
0 	1140 	2047 	2232 	2463 	3713 	3764 	4160 	5632 	5909 	7978 	8614 	 
0 	280 	1063 	1381 	2027 	2319 	2528 	3586 	4540 	5522 	8693 	9659 	 
0 	604 	3023 	4739 	5626 	6069 	6994 	7589 	7605 	8492 	8572 	 
0 	1084 	1580 	3276 	3682 	4086 	4162 	4319 	5581 	6041 	6620 	7224 	7385 	7722 	9123 	9340 	9923 	 
0 	1700 	3073 	3359 	5095 	6253 	6941 	7170 	8036 	8824 	9302 	 
0 	451 	1206 	1242 	2767 	3328 	3479 	5857 	6069 	6171 	6201 	6439 	6571 	6601 	7198 	7910 	8223 	9571 	 
0 	1062 	2503 	3347 	4995 	5087 	5275 	5512 	6109 	 
0 	441 	1183 	1974 	4102 	4780 	6435 	7338 	7983 	8096 	8252 	8325 	8418 	8557 	8748 	8979 	 
0 	269 	2146 	4085 	4631 	4790 	5388 	5596 	5861 	6019 	6316 	6606 	6836 	8929 	9549 	9574 	9730 	 
0 	56 	184 	2294 	5705 	6119 	6720 	7158 	 
0 	1558 	1881 	2299 	3596 	3835 	4513 	4863 	4975 	6492 	6726 	7213 	9424 	9886 	 
0 	1763 	1785 	3285 	3878 	6549 	 
0 	211 	409 	514 	832 	2122 	2445 	5958 	6031 	6282 	7191 	7769 	8750 	9112 	9150 	 
0 	328 	966 	1999 	3294 	3867 	5038 	5481 	5769 	6451 	6931 	8635 	 
0 	29 	1661 	1986 	1993 	2923 	3830 	4382 	4808 	5432 	5989 	7458 	8904 	9942 	 
0 	731 	766 	1019 	1443 	3164 	3442 	4208 	4699 	7013 	7031 	7783 	9282 	9410 	 
0 	375 	757 	2823 	2948 	3402 	4038 	7697 	7881 	8004 	 
0 	727 	1156 	1336 	2159 	2561 	3609 	6301 	7329 	8481 	 
0 	1813 	2913 	2997 	3302 	4020 	4550 	5399 	6456 	 
0 	565 	2376 	2446 	3297 	4096 	4726 	5068 	5482 	5924 	6412 	7787 	 
0 	220 	1241 	3041 	5645 	9608 	 
0 	1277 	3327 	3431 	4682 	6663 	8416 	8952 	 
0 	554 	1776 	2576 	3356 	6009 	6014 	7969 	8626 	 
0 	250 	2699 	2731 	3720 	3859 	4339 	4371 	5339 	7077 	8358 	8416 	 
0 	2740 	3279 	4717 	5311 	6010 	6287 	7001 	7204 	7410 	 
0 	838 	1008 	2815 	2927 	3605 	3690 	4799 	5260 	5959 	6212 	7266 	8856 	9384 	9493 	9724 	 
0 	2306 	3986 	4531 	5269 	5524 	5749 	6607 	9816 	9870 	 
0 	8532 	 
0 	215 	313 	1429 	1678 	2416 	3265 	5096 	6683 	6936 	7148 	7670 	7839 	8974 	9377 	 
0 	836 	1954 	2010 	3361 	3564 	4703 	5310 	5591 	6010 	6650 	8024 	8802 	 
0 	190 	872 	1137 	1385 	1951 	2683 	4106 	6324 	6941 	7033 	7423 	 
0 	1421 	3419 	3836 	4442 	4565 	5098 	7058 	7848 	8541 	9592 	 
0 	553 	607 	738 	930 	2052 	2104 	2262 	2289 	2346 	4196 	4379 	4521 	7826 	8922 	9459 	 
0 	1655 	1970 	4640 	6540 	7030 	8958 	 
0 	576 	674 	2948 	3031 	4572 	6776 	8409 	8679 	 
0 	3242 	3402 	4400 	4757 	5236 	6234 	9285 	 
0 	109 	1266 	2748 	2791 	3984 	6360 	6668 	6732 	7246 	9736 	 
0 	675 	828 	1426 	2195 	4080 	4823 	5212 	5213 	6294 	7602 	7841 	8063 	9019 	9182 	 
0 	384 	463 	1030 	3168 	4467 	4931 	5461 	6090 	6898 	7020 	7738 	7919 	8602 	8749 	9304 	 
0 	1025 	2669 	3661 	3680 	4721 	4733 	5576 	6346 	9170 	9631 	 
0 	714 	5619 	6378 	9153 	 
0 	39 	3303 	3719 	6031 	7597 	8208 	8223 	8229 	 
0 	12 	1938 	3598 	4450 	5395 	9538 	 
0 	37 	764 	974 	1268 	2686 	2749 	7279 	7444 	7793 	9273 	9572 	9856 	 
0 	38 	536 	1886 	2397 	2655 	5268 	8437 	9507 	 
0 	208 	1208 	1530 	1682 	2022 	2522 	3311 	4070 	4441 	4635 	6402 	6538 	6877 	7752 	9080 	9330 	 
0 	4204 	4627 	5816 	5883 	6447 	6834 	7738 	8584 	9110 	 
0 	132 	679 	925 	3331 	3473 	3642 	3996 	5399 	5527 	5994 	7650 	7879 	8266 	9342 	 
0 	246 	289 	1188 	1573 	1834 	2089 	2686 	2707 	3201 	5166 	6003 	6073 	6338 	6452 	6839 	7275 	8249 	9785 	 
0 	574 	1774 	2237 	4192 	5012 	5200 	5353 	5541 	6804 	7401 	7608 	7739 	8094 	8310 	8531 	 
0 	729 	1018 	1302 	1742 	4043 	4753 	5576 	7639 	8426 	9606 	 
0 	11 	473 	969 	1133 	1312 	1675 	1898 	2351 	2477 	8484 	9344 	 
0 	175 	700 	798 	1160 	1212 	2147 	3650 	3796 	6163 	6303 	6953 	7924 	9241 	 
0 	623 	1488 	2501 	2624 	3755 	3775 	5209 	5423 	5727 	9756 	 
0 	2774 	3978 	8442 	8719 	9192 	9669 	 
0 	1542 	2114 	3162 	4847 	5169 	5735 	6381 	8567 	 
0 	1541 	1813 	2317 	3583 	4466 	 
0 	43 	147 	907 	2421 	4482 	5290 	7131 	8297 	 
0 	1290 	2315 	3270 	5245 	6149 	6525 	7506 	 
0 	686 	1996 	2156 	2465 	2656 	3164 	3632 	5590 	5997 	9323 	9631 	 
0 	321 	491 	1027 	1285 	2369 	2526 	2694 	3509 	5201 	5981 	6207 	8377 	9810 	 
0 	681 	4104 	4767 	5377 	5941 	6284 	6285 	8622 	8840 	9908 	 
0 	159 	560 	652 	2502 	2763 	4209 	4323 	5478 	5746 	5842 	6667 	7038 	7755 	7806 	7917 	9501 	9934 	 
0 	304 	882 	1660 	3436 	4355 	7297 	7582 	8924 	9643 	9906 	9933 	 
0 	113 	2314 	3285 	3963 	5504 	5810 	7189 	 
0 	935 	3315 	4379 	6108 	7126 	7881 	8799 	 
0 	897 	1290 	2227 	2861 	3598 	4427 	7134 	7244 	7307 	7986 	9439 	9455 	 
0 	861 	3986 	5450 	6251 	6830 	6940 	6970 	8332 	8476 	9286 	 
0 	1881 	2107 	3095 	3707 	6078 	8908 	9080 	 
0 	3660 	4857 	6596 	8382 	 
0 	444 	1180 	2277 	2288 	2459 	2622 	2928 	6383 	7597 	8846 	9082 	9567 	 
0 	3221 	4722 	6438 	7190 	7836 	7848 	8076 	8142 	9205 	 
0 	583 	2148 	2178 	2208 	5248 	8280 	 
0 	739 	1330 	2731 	2924 	3015 	3134 	3173 	3461 	3953 	4489 	4553 	7835 	9877 	 
0 	691 	2660 	2714 	5595 	6553 	7679 	8154 	8799 	8974 	9569 	 
0 	979 	3300 	 
0 	821 	1000 	1719 	2109 	3187 	4333 	6536 	7304 	7637 	8591 	8915 	9135 	9195 	 
0 	127 	294 	380 	1785 	1923 	2965 	3709 	4768 	5534 	5729 	6346 	7754 	7960 	8108 	9170 	9521 	 
0 	1006 	1290 	1332 	1543 	1656 	1958 	4123 	5873 	6466 	7335 	7350 	8104 	8129 	9963 	 
0 	2003 	2298 	2419 	2862 	3365 	4137 	5279 	6068 	7356 	8955 	 
0 	87 	260 	2413 	2567 	5313 	6455 	6545 	6598 	6891 	8000 	8789 	9697 	9881 	 
0 	860 	1170 	1942 	2071 	2830 	6806 	7408 	7438 	 
0 	197 	1746 	1922 	2539 	5184 	5765 	6093 	6531 	9115 	9553 	 
0 	1620 	1676 	2117 	2501 	3326 	4164 	4634 	5014 	5334 	7609 	7632 	9864 	 
0 	1476 	1601 	3247 	3808 	4813 	5248 	5324 	6072 	8218 	8917 	 
0 	29 	513 	1150 	1424 	2183 	4049 	4276 	4380 	6916 	7509 	7630 	 
0 	87 	1289 	1830 	1868 	3755 	6352 	6535 	7952 	 
0 	2578 	2599 	3115 	4333 	5104 	7731 	 
0 	386 	679 	2111 	2135 	2441 	2926 	3159 	4594 	5367 	6163 	9235 	9300 	 
0 	333 	704 	2547 	4194 	4728 	5121 	5526 	5872 	5939 	7646 	8145 	9086 	 
0 	1294 	2591 	3656 	3934 	4187 	6623 	8329 	8415 	 
0 	43 	360 	1922 	2275 	2547 	3918 	4713 	5769 	6526 	7655 	8708 	8834 	9031 	9580 	 
0 	3749 	3822 	7045 	7834 	7855 	8452 	9182 	9960 	 
0 	1129 	3420 	3755 	4551 	4978 	6152 	7386 	8179 	 
0 	1574 	1710 	2083 	2479 	2568 	3500 	4364 	5609 	6403 	6813 	7642 	 
0 	60 	185 	599 	1712 	2473 	3242 	3722 	4035 	4378 	7787 	8053 	 
0 	543 	3463 	4744 	6199 	6416 	7213 	9256 	 
0 	12 	333 	1420 	2716 	2883 	3536 	3912 	5747 	7393 	8271 	8653 	9156 	 
0 	76 	1408 	1552 	2134 	5417 	6138 	8143 	8554 	9311 	9437 	 
0 	784 	1447 	2136 	2763 	4164 	5444 	8119 	8412 	 
0 	187 	2588 	3188 	3703 	4375 	4599 	5710 	6287 	7782 	8762 	9038 	9322 	 
0 	363 	1149 	1303 	2028 	3995 	4773 	5298 	6444 	7363 	9557 	 
0 	586 	681 	2637 	3811 	4119 	4623 	6849 	 
0 	936 	1761 	2033 	2146 	3038 	4083 	4897 	4898 	5863 	8820 	 
0 	2526 	2639 	3501 	4646 	5612 	6581 	6636 	7569 	8000 	9573 	 
0 	527 	905 	1117 	5107 	5501 	7605 	8629 	 
0 	1817 	2568 	4293 	6684 	6871 	7030 	7431 	8192 	8670 	8694 	8947 	8948 	 
0 	1725 	3678 	5560 	6247 	9492 	9694 	 
0 	121 	1208 	2153 	3934 	5063 	7126 	7576 	7845 	8093 	8624 	9412 	 
0 	1075 	1882 	3430 	3805 	4782 	5148 	5531 	7055 	7800 	9674 	 
0 	1253 	1285 	3971 	4173 	4735 	4866 	5542 	6060 	6110 	9009 	9206 	9920 	 
0 	329 	1668 	2225 	4038 	4241 	5159 	5369 	5614 	7448 	7814 	8548 	8760 	9231 	 
0 	1511 	1923 	1934 	2771 	6148 	6531 	6564 	9582 	 
0 	381 	521 	1054 	1145 	1434 	2610 	3041 	4720 	7011 	7573 	 
0 	119 	276 	2086 	3909 	5537 	5608 	5872 	5951 	5999 	7626 	7967 	8928 	 
0 	328 	1739 	1750 	2137 	3579 	6538 	6949 	7128 	8857 	8966 	9171 	9340 	9807 	 
0 	1024 	1605 	1818 	3078 	3890 	3947 	6179 	7697 	7848 	8048 	8970 	9102 	9379 	9662 	 
0 	161 	886 	3222 	3293 	4446 	4936 	6804 	6853 	7933 	8695 	9188 	9767 	 
0 	20 	744 	795 	1170 	2103 	3314 	3335 	4002 	4457 	5274 	6678 	7720 	8665 	9467 	9556 	9634 	 
0 	6 	100 	1227 	3517 	3588 	3887 	5039 	5485 	6901 	6954 	 
0 	2638 	3507 	6277 	6682 	6908 	7200 	9548 	 
0 	1137 	2546 	3004 	3500 	4640 	5090 	5722 	6000 	8820 	8903 	 
0 	130 	1420 	1619 	5683 	5864 	6234 	6672 	7623 	 
0 	3364 	3802 	4202 	4785 	5994 	6902 	7544 	8458 	9016 	9516 	9820 	 
0 	2341 	7475 	9389 	 
0 	797 	1125 	1565 	3784 	4084 	5053 	6228 	6509 	6512 	6768 	7483 	7605 	9594 	9794 	 
0 	211 	518 	1109 	2507 	2651 	3138 	5254 	5931 	7135 	7248 	7998 	8279 	8386 	9505 	9747 	 
0 	684 	773 	1635 	1990 	3455 	5108 	6383 	6787 	7689 	 
0 	151 	952 	1526 	2060 	2516 	3654 	4120 	4670 	5432 	5696 	6313 	9558 	 
0 	1371 	3585 	6051 	6532 	 
0 	118 	313 	529 	1294 	3044 	3989 	4443 	4909 	6358 	6592 	8315 	9601 	 
0 	3813 	3839 	5021 	5814 	6775 	8551 	9018 	9207 	9736 	 
0 	966 	1041 	2091 	2412 	3568 	3633 	3809 	3873 	5544 	5762 	7454 	8580 	8977 	9356 	 
0 	945 	1936 	3465 	3537 	5754 	6407 	7001 	8437 	8714 	 
0 	618 	3512 	4687 	5728 	6646 	8872 	9276 	9589 	 
0 	621 	1918 	2802 	4440 	5635 	5783 	7227 	7675 	8356 	9189 	 
0 	1076 	1213 	2443 	2608 	2844 	3006 	4932 	5439 	5647 	7040 	7207 	7967 	8418 	8915 	 
0 	412 	1811 	2399 	2599 	3229 	3372 	4208 	5344 	5364 	5911 	7810 	8011 	 
0 	885 	2553 	3009 	4214 	4283 	4419 	4796 	5765 	8090 	9495 	 
0 	810 	856 	1255 	2751 	3079 	3086 	3753 	4262 	5077 	5158 	5180 	6162 	7354 	8218 	8724 	8742 	9353 	9494 	9604 	 
0 	294 	6095 	7052 	7679 	9552 	 
0 	4653 	5233 	5522 	 
0 	2094 	3650 	3762 	5714 	5920 	7088 	7397 	7854 	 
0 	158 	2099 	2835 	5504 	7690 	 
0 	1253 	1560 	2171 	2854 	2957 	3545 	4700 	5307 	6423 	6796 	7662 	7787 	8522 	8633 	8672 	8726 	 
0 	2069 	2174 	5524 	7220 	7654 	8978 	9575 	 
0 	1105 	1142 	4123 	5203 	6985 	7815 	8494 	8753 	9543 	9785 	 
0 	598 	847 	1268 	2580 	4973 	7199 	7277 	7420 	8195 	 
0 	229 	595 	5278 	7012 	7696 	9354 	 
0 	694 	2788 	3544 	7285 	7865 	7935 	8005 	9035 	9999 	 
0 	1795 	1808 	2209 	3141 	3154 	3753 	4616 	6768 	7599 	8430 	8547 	8995 	9630 	9947 	 
0 	757 	984 	3005 	3779 	7074 	8498 	9482 	 
0 	4065 	5055 	5287 	5402 	5891 	7041 	7659 	8545 	 
0 	1362 	4721 	4856 	5211 	5702 	5760 	5804 	9794 	 
0 	946 	3503 	3603 	3948 	4648 	4691 	6142 	6798 	8122 	 
0 	263 	497 	631 	1469 	1524 	1905 	2596 	2671 	3773 	3958 	6246 	8172 	8565 	9469 	9693 	 
0 	567 	1094 	1575 	3724 	4921 	5506 	6365 	6865 	6882 	7010 	7470 	7723 	9694 	 
0 	407 	1346 	3725 	5765 	6164 	6356 	7229 	7496 	7853 	7939 	8072 	8336 	8667 	9445 	 
0 	351 	1594 	3472 	4444 	4704 	4712 	5561 	5606 	7098 	7226 	8998 	 
0 	318 	1031 	2152 	2709 	2841 	3201 	4570 	5598 	6638 	7195 	7275 	7956 	8837 	 
0 	1518 	2279 	4628 	6631 	6958 	7364 	8037 	8222 	 
0 	56 	2077 	2122 	3335 	4324 	5885 	6195 	6343 	7049 	7891 	8715 	 
0 	632 	5221 	5282 	5678 	7893 	8452 	 
0 	464 	5395 	5630 	6306 	8217 	 
0 	1072 	2306 	2997 	3609 	4077 	4668 	5494 	7340 	7627 	9415 	9480 	 
0 	1394 	3232 	3572 	3575 	4111 	5165 	6201 	7019 	9637 	 
0 	1411 	1885 	2502 	4029 	4576 	4823 	5526 	5804 	6869 	8850 	9103 	9278 	9498 	 
0 	29 	1361 	2048 	3921 	4491 	4656 	4701 	7144 	7418 	 
0 	679 	1010 	1016 	1775 	2381 	5319 	5480 	8932 	9163 	9395 	9549 	9767 	 
0 	2114 	2893 	3498 	3519 	3559 	3784 	4354 	4376 	5062 	5065 	5644 	6595 	7702 	8376 	 
0 	2013 	2660 	3571 	3701 	5337 	5709 	6196 	6291 	7343 	 
0 	310 	549 	1640 	2323 	2350 	2785 	3547 	4222 	5544 	6768 	7102 	7973 	9188 	 
0 	887 	2108 	2583 	6205 	7407 	9451 	 
0 	751 	1630 	2205 	3200 	3273 	4817 	6689 	7989 	8147 	8747 	 
0 	190 	842 	3373 	5576 	5860 	6401 	7633 	7693 	 
0 	1321 	2802 	4538 	4544 	5144 	6125 	6268 	7423 	7455 	 
0 	299 	1259 	2232 	3358 	4750 	5188 	5677 	5758 	5898 	5904 	6142 	6261 	6777 	7621 	7923 	7970 	 
0 	916 	5849 	6366 	6839 	8474 	9129 	9357 	 
0 	606 	740 	1662 	2639 	3787 	4352 	4881 	5666 	5824 	6388 	7438 	8872 	 
0 	828 	3951 	4098 	4914 	6444 	7496 	7718 	7841 	9542 	 
0 	1651 	2079 	2114 	2865 	3282 	3843 	5307 	7833 	 
0 	361 	2273 	3133 	3825 	4861 	5567 	7932 	8116 	8659 	9294 	 
0 	874 	968 	993 	1029 	2374 	4772 	5057 	8713 	 
0 	2610 	2913 	5163 	8023 	 
0 	1069 	1132 	2897 	6782 	6960 	7706 	8209 	 
0 	2119 	3226 	3565 	3802 	4439 	7060 	7559 	7882 	9108 	9654 	 
0 	3091 	3311 	3360 	3522 	6468 	6805 	7104 	8396 	8814 	 
0 	132 	355 	1519 	2181 	2821 	3539 	6083 	8287 	9716 	9740 	9877 	 
0 	642 	1076 	2704 	3574 	5839 	7485 	8847 	9175 	9867 	 
0 	1160 	4018 	6509 	6603 	6619 	8655 	8675 	8679 	8827 	9729 	 
0 	8 	399 	1487 	1738 	2138 	3073 	4115 	4588 	5481 	5984 	 
0 	1609 	2751 	3330 	3899 	4073 	5918 	6454 	7184 	 
0 	177 	333 	2417 	3087 	5609 	5740 	6011 	6781 	7142 	7263 	7285 	7843 	8263 	8617 	 
0 	392 	539 	1604 	1778 	1895 	2589 	5834 	7560 	7848 	7978 	8011 	8999 	9412 	 
0 	2328 	3542 	4137 	4154 	5021 	5273 	6298 	6759 	 
0 	108 	1744 	2135 	3397 	6943 	7464 	7703 	8015 	8255 	8622 	8713 	9952 	 
0 	696 	1540 	3614 	4885 	6343 	6355 	7168 	7837 	9006 	9386 	9440 	 
0 	596 	1323 	1405 	1926 	2173 	2683 	3187 	5272 	5550 	7898 	8940 	8943 	9247 	 
0 	989 	4725 	4735 	5393 	5763 	9359 	9679 	9716 	 
0 	378 	608 	978 	1364 	1623 	3908 	4191 	4390 	5177 	5662 	6293 	6577 	6745 	6955 	7371 	7876 	8127 	9420 	 
0 	8 	882 	2556 	2750 	3911 	4914 	6127 	6932 	7391 	7578 	8273 	8352 	 
0 	779 	968 	2374 	3909 	4593 	5072 	6744 	6901 	8383 	8830 	 
0 	2527 	4230 	4266 	4425 	4470 	4867 	6347 	7986 	 
0 	81 	508 	912 	1143 	1970 	2473 	3384 	6558 	7659 	8322 	 
0 	146 	552 	798 	2086 	3091 	3324 	4955 	5731 	6501 	6604 	6939 	7739 	8500 	 
0 	1833 	1857 	3145 	3791 	5146 	7418 	8030 	 
0 	1683 	2586 	3020 	7878 	8053 	8161 	9915 	 
0 	105 	368 	855 	1594 	2752 	4813 	6129 	7153 	7512 	7800 	8466 	9008 	 
0 	1391 	2307 	2731 	3695 	5590 	5764 	6313 	6851 	7337 	7606 	8807 	8935 	9920 	 
0 	947 	2740 	3066 	3890 	4036 	5900 	7972 	8123 	8212 	8295 	9030 	 
0 	795 	871 	1655 	3796 	4437 	5295 	5427 	6035 	 
0 	171 	1368 	2123 	2239 	2283 	2541 	2648 	4574 	4853 	7698 	8974 	 
0 	1272 	1703 	2218 	3217 	4261 	4321 	5708 	6317 	8193 	8412 	8757 	9479 	9491 	9575 	9795 	9807 	 
0 	740 	1327 	3201 	3216 	3671 	5412 	5642 	6305 	7289 	7481 	9698 	 
0 	1300 	1483 	2142 	3771 	5214 	5336 	7587 	8449 	 
0 	1679 	3587 	4047 	4960 	5161 	5174 	5868 	6415 	 
0 	105 	954 	2316 	4137 	6825 	6868 	6967 	7192 	7787 	9048 	9117 	 
0 	1044 	1583 	2321 	3315 	3461 	3646 	4734 	6510 	6831 	7546 	7708 	8263 	9058 	9108 	 
0 	292 	945 	1029 	1879 	3733 	4292 	5387 	5699 	5798 	6123 	6538 	6740 	7077 	8833 	9510 	 
0 	338 	3727 	3908 	4570 	5135 	6053 	6512 	6758 	7486 	7740 	9525 	 
0 	1760 	1921 	2477 	2948 	5903 	6992 	7072 	7138 	8003 	8426 	 
0 	149 	663 	1377 	1813 	1970 	2203 	2234 	2762 	3415 	3870 	4150 	5717 	7425 	7786 	8376 	8517 	9303 	 
0 	793 	2137 	2322 	3568 	5996 	6163 	6186 	6974 	 
0 	530 	1752 	1772 	2330 	3971 	4700 	8323 	8595 	9479 	 
0 	155 	3829 	4982 	5608 	5680 	6868 	7581 	9955 	 
0 	807 	2366 	2493 	2582 	3539 	3976 	4572 	5367 	7088 	9496 	9567 	 
0 	523 	807 	1335 	1886 	2298 	2494 	2977 	4065 	5202 	6137 	6292 	6868 	8300 	 
0 	1997 	8088 	8573 	8956 	9296 	9349 	 
0 	2314 	3178 	3296 	3396 	4323 	4834 	4838 	6285 	6410 	6526 	9154 	9520 	 
0 	927 	1134 	1168 	1469 	1489 	2329 	3962 	4376 	4700 	5493 	6718 	6894 	8583 	9025 	9567 	 
0 	1519 	4441 	4657 	7194 	7324 	7827 	8952 	9571 	 
0 	711 	1163 	1410 	2167 	2665 	3353 	3475 	3522 	6033 	6541 	8545 	 
0 	3377 	5096 	5883 	7362 	8378 	9334 	9376 	 
0 	364 	2813 	2858 	3381 	3784 	4083 	4792 	5708 	5804 	8136 	8507 	9061 	 
0 	184 	1878 	2114 	3238 	5111 	5588 	6357 	6964 	7247 	7792 	8649 	 
0 	371 	588 	1200 	2876 	4092 	4992 	9855 	 
0 	920 	1855 	2219 	2550 	2971 	3500 	5009 	6002 	6435 	6561 	7954 	9104 	9695 	 
0 	2372 	3329 	5740 	7857 	9064 	9235 	9534 	 
0 	623 	1285 	7530 	8720 	8754 	8787 	9131 	 
0 	3137 	5369 	5843 	7721 	9492 	 
0 	518 	2766 	3196 	4289 	4320 	4429 	4812 	5088 	5392 	5897 	9730 	 
0 	1504 	3555 	3726 	4247 	5878 	5988 	6543 	7136 	8070 	 
0 	1060 	1300 	2224 	3438 	3524 	4424 	5844 	6419 	6963 	7533 	8562 	9136 	9673 	9848 	9947 	 
0 	2772 	3314 	4045 	4113 	4484 	6153 	6217 	6265 	6331 	6798 	7083 	7471 	7940 	8854 	9145 	9714 	 
0 	1067 	1171 	1751 	2347 	4058 	4944 	5136 	6998 	7120 	8137 	8747 	9462 	 
0 	5180 	6087 	6250 	6895 	8141 	8215 	 
0 	365 	1888 	2102 	3022 	3183 	5755 	6682 	6747 	7062 	8489 	9986 	 
0 	390 	3547 	4488 	4678 	5925 	6233 	 
0 	212 	549 	1020 	1236 	3356 	3792 	5978 	6357 	 
0 	38 	1453 	1649 	2687 	2989 	3533 	4755 	5126 	5604 	5753 	6574 	8736 	9702 	9983 	 
0 	652 	1971 	2024 	2089 	2351 	3857 	4017 	4084 	5142 	5575 	6001 	6645 	6774 	6978 	7761 	8214 	8574 	9405 	 
0 	240 	610 	2546 	3504 	3788 	4624 	5733 	7140 	7381 	8863 	9399 	9663 	 
0 	135 	2013 	4562 	4964 	6188 	7298 	7331 	7996 	8475 	8867 	9904 	 
0 	158 	1045 	2856 	3460 	5880 	6565 	6899 	9694 	 
0 	1981 	2695 	3946 	5757 	7950 	8443 	8559 	8910 	 
0 	3048 	3144 	3525 	3750 	3959 	4203 	6227 	7540 	7682 	7769 	8838 	8988 	9946 	 
0 	2121 	2641 	5199 	7840 	9017 	9022 	 
0 	1332 	1996 	2525 	2708 	6370 	6400 	8216 	9289 	9344 	 
0 	1456 	1988 	2678 	3610 	3992 	4637 	6120 	6228 	7239 	7972 	9874 	 
0 	54 	915 	1448 	1830 	4890 	5999 	8197 	8887 	9658 	 
0 	556 	1613 	1985 	3068 	7252 	7361 	7531 	7567 	 
0 	1084 	1134 	1262 	1997 	2224 	3101 	5457 	6804 	6999 	8032 	 
0 	645 	1683 	2219 	3033 	3715 	4080 	6753 	7661 	8924 	9043 	9097 	9930 	9976 	 
0 	286 	1904 	4326 	6299 	7201 	9461 	 
0 	788 	1572 	3060 	3460 	3770 	4203 	5360 	7315 	7516 	8019 	8431 	 
0 	565 	1110 	2899 	2996 	4107 	4377 	5139 	6006 	6157 	8089 	 
0 	1082 	1090 	1102 	2474 	4748 	4749 	 
0 	2420 	3199 	4421 	5379 	7830 	8191 	 
0 	870 	2856 	3138 	3539 	5892 	7426 	7502 	8809 	9393 	 
0 	782 	5261 	5957 	6738 	9035 	 
0 	622 	1114 	1154 	1866 	3323 	3834 	5419 	5936 	6804 	7636 	8051 	8412 	8623 	 
0 	2817 	5904 	6542 	6745 	7508 	7796 	8086 	8831 	8931 	9874 	 
0 	3534 	4563 	5031 	5288 	6271 	6733 	6738 	7847 	8056 	9019 	9028 	 
0 	3403 	4857 	4967 	5992 	6211 	8796 	8941 	9629 	 
0 	329 	4273 	6725 	7164 	8466 	 
0 	64 	387 	1303 	1833 	3480 	3612 	3643 	3795 	4042 	4322 	6279 	6714 	7385 	7411 	9498 	 
0 	1238 	1266 	1442 	1784 	4421 	6180 	7178 	7892 	8113 	8187 	 
0 	3385 	3600 	5147 	5443 	8453 	8926 	9567 	 
0 	65 	154 	1074 	1839 	2900 	6008 	8265 	8502 	9041 	 
0 	18 	1125 	1299 	2649 	2807 	3585 	4316 	4362 	4994 	5549 	5967 	6563 	8867 	 
0 	184 	584 	1326 	2509 	4380 	5157 	5236 	5405 	7254 	7314 	8991 	9097 	9901 	 
0 	948 	2099 	2264 	2940 	3186 	4420 	5833 	8714 	 
0 	2783 	5000 	6614 	7124 	7566 	 
0 	1797 	2038 	2082 	4064 	4089 	5298 	5763 	5826 	6821 	9268 	9361 	 
0 	444 	800 	1353 	2792 	3904 	3916 	6211 	6263 	6828 	7032 	7089 	9297 	9585 	 
0 	749 	3053 	3808 	5372 	5577 	6153 	6904 	7439 	7536 	9374 	 
0 	316 	573 	1412 	1839 	2897 	3083 	3273 	4404 	4660 	5053 	7212 	8930 	 
0 	1317 	1527 	2213 	2314 	2409 	3474 	5654 	5959 	6461 	6596 	7192 	9318 	 
0 	1075 	1418 	2263 	5852 	6016 	6350 	7846 	8874 	 
0 	2693 	3651 	4801 	7577 	8638 	 
0 	38 	3566 	4093 	4437 	5297 	6718 	8451 	 
0 	2321 	2619 	2664 	4138 	4210 	4929 	6902 	7414 	7520 	 
0 	3046 	5366 	5995 	6068 	6962 	8819 	9243 	9423 	 
0 	429 	1311 	2578 	3005 	3626 	3635 	4724 	7063 	7443 	7806 	8930 	 
0 	1332 	3132 	4478 	4527 	4798 	5736 	5816 	6538 	6599 	8897 	 
0 	48 	202 	1625 	2618 	2962 	6310 	6976 	 
0 	653 	1397 	1597 	5965 	6086 	 
0 	478 	1199 	1709 	3193 	4996 	8217 	9505 	 
0 	2735 	7812 	7814 	9002 	 
0 	599 	609 	1221 	1982 	2031 	2166 	2354 	2995 	3360 	3568 	3727 	3824 	7552 	7665 	9127 	 
0 	99 	827 	1014 	2757 	2829 	2988 	3110 	3224 	3841 	6003 	8968 	9230 	9793 	 
0 	717 	2006 	2964 	3105 	3546 	4672 	4699 	5127 	5354 	5439 	5657 	7439 	8331 	 
0 	106 	253 	1304 	2662 	3534 	3822 	4780 	6353 	6480 	6792 	6839 	7702 	8886 	9119 	9963 	 
0 	106 	1237 	2609 	2768 	2988 	6897 	6931 	7421 	 
0 	356 	2157 	3537 	4426 	4558 	7798 	8444 	 
0 	2525 	2774 	3751 	5115 	8520 	 
0 	1097 	2533 	5766 	6548 	7815 	8925 	 
0 	871 	1340 	1611 	3865 	4732 	4854 	6055 	6487 	7326 	 
0 	1021 	1102 	1281 	1318 	1681 	2167 	2446 	2617 	2907 	3898 	4353 	4959 	5551 	6070 	6198 	6684 	6750 	7827 	7937 	8008 	8332 	8676 	9236 	 
0 	3634 	4471 	5569 	5848 	8003 	8584 	8928 	9041 	 
0 	214 	579 	1435 	1780 	3333 	5601 	5737 	5811 	9376 	9685 	 
0 	992 	1250 	3285 	3904 	4029 	4409 	4819 	5105 	5343 	5445 	9955 	 
0 	305 	1041 	2124 	3051 	5250 	7183 	8177 	8622 	8667 	 
0 	2207 	3029 	4569 	4923 	5000 	6947 	7249 	8077 	8577 	8594 	 
0 	2910 	3549 	5931 	5935 	5973 	6048 	6125 	8060 	8490 	 
0 	1344 	1637 	2077 	3100 	4025 	4502 	 
0 	91 	1331 	1488 	5031 	6655 	6786 	7197 	7296 	7678 	 
0 	4687 	5510 	6589 	6633 	8599 	9202 	9441 	 
0 	63 	71 	104 	501 	2529 	3047 	4330 	5974 	5977 	6644 	7546 	8018 	8693 	9421 	9515 	 
0 	6063 	8927 	 
0 	869 	1339 	1731 	3673 	3772 	4845 	5796 	6278 	7082 	8337 	8726 	 
0 	136 	4365 	 
0 	303 	1181 	3059 	3585 	3764 	3815 	4879 	6333 	7311 	8270 	8484 	 
0 	847 	1608 	1777 	1823 	1891 	2551 	4704 	6693 	7011 	7284 	9042 	9136 	 
0 	1509 	1958 	2424 	2825 	3456 	3933 	5913 	5946 	5955 	5967 	6927 	7140 	7345 	7742 	8952 	 
0 	1918 	2567 	2773 	3544 	3562 	4000 	5593 	5669 	5946 	6384 	7164 	7244 	8291 	8379 	8886 	9204 	9251 	 
0 	2076 	3557 	4291 	4499 	4970 	6837 	7124 	7839 	7861 	9854 	 
0 	980 	1993 	2228 	2280 	3666 	3797 	5718 	7376 	7425 	7548 	8093 	8394 	9314 	9869 	 
0 	511 	589 	1443 	2084 	3189 	5134 	7793 	9104 	9936 	 
0 	1308 	2080 	3653 	5119 	5210 	6252 	8613 	8960 	9603 	 
0 	330 	1773 	2033 	2887 	3905 	4329 	5076 	5142 	6142 	8399 	9556 	 
0 	662 	2628 	4521 	5534 	5553 	6047 	6215 	6672 	8819 	9115 	9584 	9989 	 
0 	603 	1835 	2788 	3822 	5495 	7278 	7444 	9641 	9746 	 
0 	1584 	3180 	3258 	4025 	4783 	4981 	5375 	7014 	7947 	9369 	 
0 	745 	1842 	3013 	3785 	3921 	5336 	5816 	7013 	9267 	9828 	 
0 	434 	8736 	9000 	 
0 	695 	4266 	4735 	5273 	7316 	9461 	 
0 	952 	1191 	3365 	3560 	3817 	5213 	5500 	9154 	9434 	9486 	 
0 	1177 	2940 	4279 	5453 	 
0 	1500 	1958 	2023 	2079 	2891 	4966 	5210 	5776 	6625 	7143 	8465 	 
0 	91 	456 	1223 	2708 	4125 	4789 	5216 	5424 	6623 	 
0 	220 	2292 	3669 	4748 	5446 	6908 	8829 	8965 	9915 	 
0 	202 	2153 	3260 	3461 	8633 	9625 	 
0 	816 	4257 	4430 	5336 	5361 	6239 	7499 	7869 	8325 	9048 	9438 	 
0 	1013 	1235 	1988 	3214 	3789 	3849 	6858 	7414 	7418 	7823 	8181 	8472 	9099 	 
0 	350 	382 	1532 	1831 	2148 	2192 	2303 	3192 	3762 	4062 	4952 	5099 	8409 	8550 	8743 	 
0 	3718 	4162 	4212 	4616 	5464 	6081 	6595 	6922 	7111 	7858 	9705 	 
0 	626 	780 	823 	1153 	2551 	2784 	3500 	4318 	7123 	7561 	7827 	8384 	9066 	9276 	9919 	 
0 	2592 	3983 	6795 	7860 	7926 	9266 	9416 	9598 	9944 	 
0 	710 	921 	1794 	2087 	2846 	5108 	5179 	5692 	6161 	6856 	7171 	8110 	 
0 	662 	1015 	1663 	4492 	4653 	5406 	6561 	6738 	8853 	 
0 	154 	635 	1780 	2689 	5432 	6104 	8024 	8926 	8975 	9312 	 
0 	609 	630 	3326 	4753 	7973 	8162 	8164 	8523 	8665 	 
0 	1245 	1481 	1950 	2411 	3623 	4046 	4090 	4291 	7486 	8331 	9991 	 
0 	349 	558 	2709 	3206 	3289 	4706 	5935 	6183 	6980 	8357 	9000 	9396 	 
0 	2143 	2265 	7471 	 
0 	83 	757 	934 	1709 	1913 	2189 	2618 	3638 	4355 	4931 	4964 	5155 	5566 	6395 	6709 	7919 	7947 	9398 	 
0 	660 	1025 	4071 	4413 	5159 	6787 	6809 	7893 	7894 	9544 	 
0 	311 	1561 	1752 	2655 	3159 	4124 	5868 	6531 	9011 	9199 	 
0 	112 	438 	1479 	1639 	1694 	2474 	3067 	3912 	3950 	5170 	6584 	7050 	7199 	8474 	8821 	9661 	9739 	 
0 	3442 	3959 	5542 	5840 	5983 	7111 	7640 	8236 	8748 	9062 	9292 	9296 	 
0 	633 	1054 	3612 	4509 	5321 	7654 	7870 	 
0 	773 	2304 	2343 	3326 	3725 	4991 	6268 	7469 	8019 	8035 	 
0 	461 	1525 	3767 	4158 	5891 	6135 	6840 	7807 	8397 	 
0 	205 	2565 	5252 	6832 	8196 	9137 	9392 	9477 	 
0 	210 	3309 	4187 	4945 	5527 	6510 	7316 	9098 	 
0 	100 	135 	344 	925 	1594 	2400 	4577 	4696 	5231 	6556 	 
0 	679 	1232 	1522 	1648 	2118 	2313 	2332 	2964 	3562 	3572 	6271 	6571 	6828 	 
0 	749 	2035 	3407 	4685 	4686 	5409 	8610 	8832 	8865 	8978 	 
0 	160 	3317 	3607 	7062 	7498 	7562 	7712 	8394 	8544 	9257 	9733 	 
0 	1189 	1399 	1989 	2528 	4959 	5213 	5283 	5818 	5965 	6804 	6868 	8703 	9669 	9962 	 
0 	119 	1625 	2477 	3941 	5557 	5598 	5652 	8573 	 
0 	876 	1470 	4926 	5517 	6147 	6686 	7068 	 
0 	1320 	1499 	2184 	3138 	3857 	3954 	4425 	5293 	5510 	6954 	9280 	9434 	 
0 	186 	4129 	6822 	7110 	8490 	 
0 	465 	637 	730 	1394 	1785 	5641 	6892 	7021 	8733 	9589 	 
0 	2831 	4271 	4451 	7526 	8388 	8641 	 
0 	4099 	4931 	5533 	5608 	 
0 	2156 	4182 	4403 	5675 	5751 	6757 	7567 	9425 	9811 	 
0 	416 	1714 	4200 	4417 	4543 	4679 	5347 	6717 	6805 	6854 	6869 	7682 	 
0 	1803 	6587 	6819 	7096 	8397 	8973 	9365 	 
0 	1221 	1846 	2869 	3638 	4496 	6822 	7487 	9729 	 
0 	681 	779 	1765 	1789 	2029 	4159 	7916 	8721 	8738 	 
0 	829 	1640 	2759 	3905 	6148 	6286 	7814 	8717 	9676 	 
0 	1122 	2411 	3091 	3632 	4095 	5984 	7259 	7868 	7979 	8040 	8827 	9130 	 
0 	45 	538 	782 	2248 	4085 	4176 	4265 	5879 	8754 	9851 	 
0 	1255 	2211 	3659 	5192 	6729 	7067 	7595 	9991 	 
0 	285 	451 	1190 	1914 	4729 	4999 	5409 	5591 	7966 	8390 	9277 	 
0 	1310 	1648 	2438 	2595 	2792 	3848 	3853 	4726 	5143 	5509 	6154 	6268 	8871 	9337 	 
0 	1750 	2160 	2200 	5452 	6123 	6656 	7630 	8335 	9158 	 
0 	2068 	2116 	2130 	2596 	2879 	5079 	5426 	6063 	6482 	7636 	7902 	8372 	8824 	8917 	9408 	9761 	 
0 	2625 	3682 	5216 	8115 	8736 	9526 	 
0 	335 	1514 	2202 	2618 	4198 	5035 	6581 	7766 	7869 	7918 	8277 	 
0 	266 	2805 	3369 	4060 	5051 	7393 	9603 	9976 	 
0 	430 	1312 	2787 	3253 	5130 	7105 	9306 	9442 	9866 	 
0 	1587 	2331 	3158 	4507 	4514 	4704 	5057 	5199 	6173 	6248 	6574 	7880 	8750 	9125 	 
0 	445 	470 	1121 	1146 	1910 	2242 	2633 	2846 	5090 	5855 	6404 	6517 	6988 	7078 	8689 	9588 	 
0 	654 	856 	1055 	3802 	4551 	5668 	6563 	8630 	8727 	9332 	9459 	 
0 	256 	1880 	3202 	3333 	3434 	8351 	8574 	9325 	 
0 	1020 	1890 	1964 	2004 	4261 	4393 	5028 	5731 	8296 	9738 	 
0 	1109 	1578 	1928 	2144 	2416 	2699 	3216 	3542 	4217 	6122 	6780 	6806 	 
0 	1014 	2969 	4502 	5370 	6125 	6349 	6683 	7642 	8381 	9954 	 
0 	853 	1061 	3140 	3881 	4036 	4541 	4544 	6274 	6743 	6899 	6907 	8302 	 
0 	1490 	1709 	4888 	6462 	9316 	9857 	 
0 	3029 	3126 	3541 	4876 	5685 	5854 	8264 	 
0 	744 	1052 	4675 	8463 	9071 	9301 	 
0 	3192 	3373 	3764 	3997 	5986 	6439 	8804 	8818 	9137 	9637 	9888 	 
0 	5476 	6466 	8602 	9017 	 
0 	31 	728 	2609 	4501 	4794 	5177 	5959 	7153 	8316 	8708 	9602 	 
0 	2037 	3521 	5415 	7282 	9125 	 
0 	626 	1137 	5498 	5909 	7972 	9268 	 
0 	1334 	1727 	3615 	4150 	4471 	5116 	6552 	7655 	8160 	9196 	 
0 	11 	3884 	4053 	4663 	4869 	5124 	5356 	6076 	6369 	6916 	7540 	8243 	8455 	9078 	 
0 	542 	602 	902 	1875 	2568 	2699 	3031 	3789 	4085 	4677 	4757 	5204 	8238 	 
0 	822 	2635 	4483 	4793 	5263 	6041 	7080 	8886 	9279 	9560 	 
0 	102 	894 	1852 	2527 	3203 	4656 	4755 	6209 	8176 	8254 	8371 	8643 	9190 	9395 	9937 	9947 	 
0 	725 	2576 	2864 	5896 	6021 	7962 	9839 	 
0 	322 	4818 	5491 	7096 	7243 	8182 	 
0 	236 	438 	1300 	3554 	3643 	4978 	5139 	6914 	9338 	 
0 	1039 	1352 	1811 	3652 	5578 	6511 	8879 	9316 	 
0 	920 	2113 	2990 	2999 	3624 	4317 	4460 	5329 	5997 	6792 	7236 	8095 	8998 	9492 	9933 	 
0 	508 	553 	1701 	3331 	4384 	5159 	6612 	8751 	9663 	 
0 	4091 	4158 	6178 	7060 	7578 	7924 	8117 	8629 	8975 	9366 	9771 	 
0 	399 	1123 	1558 	2192 	5024 	5162 	7748 	9033 	 
0 	1283 	1834 	3836 	4288 	4363 	4442 	5090 	5113 	5814 	7014 	7677 	8030 	9284 	9509 	 
0 	561 	848 	894 	3342 	5674 	7279 	8993 	 
0 	1552 	1766 	1868 	3920 	4487 	4991 	5546 	8834 	9376 	9716 	9719 	 
0 	654 	3109 	4135 	4512 	4722 	4896 	5606 	6383 	6562 	7427 	7768 	9465 	 
0 	2897 	3309 	4902 	8065 	8145 	8735 	9576 	 
0 	395 	1273 	3367 	3790 	4493 	4769 	4810 	5063 	5363 	5408 	6516 	7796 	9379 	9577 	9870 	 
0 	100 	864 	4412 	4879 	5198 	5345 	5761 	6253 	7575 	7751 	8571 	 
0 	663 	3678 	3842 	5585 	6331 	6583 	7062 	7538 	8118 	8702 	 
0 	1282 	3039 	3450 	4045 	4154 	5330 	5883 	7565 	9775 	 
0 	598 	1700 	2321 	4782 	5465 	7295 	7331 	8760 	 
0 	108 	565 	979 	1994 	2025 	2445 	2485 	3750 	4058 	4466 	5557 	6912 	8343 	9158 	9388 	 
0 	307 	353 	2895 	4117 	4757 	6005 	6263 	6875 	7027 	9504 	9546 	 
0 	593 	3787 	3984 	6986 	7015 	8636 	9225 	9352 	 
0 	2478 	2704 	3085 	3158 	3294 	3610 	5016 	5177 	5894 	8937 	9357 	 
0 	222 	415 	850 	1574 	2026 	2216 	2539 	4081 	5063 	6517 	6727 	8115 	9231 	9993 	 
0 	150 	1670 	2015 	3491 	3974 	4282 	 
0 	37 	278 	1883 	3128 	4634 	9676 	 
0 	970 	6784 	6813 	7013 	7691 	 
0 	850 	1510 	2059 	4300 	5152 	5349 	5750 	6025 	6147 	8499 	 
0 	806 	3234 	3602 	3791 	5494 	5946 	7227 	8534 	8630 	9879 	 
0 	1020 	1799 	7007 	7244 	9151 	 
0 	1179 	1253 	1988 	2269 	2622 	7245 	7268 	7916 	8173 	8374 	 
0 	37 	1396 	2409 	3340 	3862 	5559 	7367 	7470 	8465 	 
0 	257 	1668 	3507 	4476 	5066 	5275 	5659 	6225 	7587 	8121 	8959 	 
0 	2004 	2282 	3451 	4074 	4552 	4900 	5879 	7732 	9184 	9323 	9994 	 
0 	637 	758 	1708 	3420 	5541 	6331 	6362 	7277 	8265 	 
0 	1991 	3071 	3887 	5098 	6150 	6289 	7765 	9772 	9939 	 
0 	410 	693 	2122 	2254 	2711 	5477 	6449 	6463 	7022 	7151 	 
0 	1108 	1861 	2005 	4794 	4864 	6240 	6646 	9365 	9421 	 
0 	561 	915 	2330 	2349 	5842 	8234 	9066 	9268 	9602 	9928 	 
0 	253 	1822 	3266 	3595 	4022 	4848 	4938 	5893 	7754 	8095 	 
0 	948 	1383 	4287 	4637 	6007 	7346 	8087 	9068 	 
0 	775 	1637 	2679 	2917 	4505 	4681 	5424 	7299 	8623 	8864 	8887 	 
0 	1377 	2125 	3156 	3496 	4115 	4310 	4553 	8784 	 
0 	809 	2620 	2719 	6611 	6976 	9162 	9460 	9631 	 
0 	1238 	1690 	1918 	2278 	2770 	5834 	8804 	8901 	 
0 	598 	1823 	3401 	5090 	6751 	7694 	7771 	8110 	8178 	8811 	9049 	9255 	9606 	 
0 	191 	878 	945 	3348 	4316 	6673 	8044 	8324 	8692 	9372 	9725 	9752 	9998 	 
0 	427 	1499 	1503 	2393 	3500 	4180 	5395 	6565 	6716 	6965 	7993 	8953 	9102 	9127 	9349 	 
0 	1214 	2074 	2667 	2748 	3129 	3494 	3523 	3967 	4464 	7695 	8690 	8940 	 
0 	341 	1077 	1340 	3226 	3725 	3813 	5903 	6796 	7991 	8385 	9338 	 
0 	1253 	1953 	3586 	4278 	5565 	7192 	7207 	7491 	7566 	 
0 	316 	1427 	 
0 	2299 	3841 	4470 	7744 	8110 	9488 	 
0 	143 	205 	752 	2030 	3466 	3698 	3990 	4607 	4890 	5930 	6344 	6435 	7194 	8303 	9667 	 
0 	432 	1888 	2980 	5934 	8880 	8894 	 
0 	3150 	3272 	3941 	5049 	5677 	5870 	7962 	8050 	8409 	9544 	 
0 	1596 	3197 	4474 	5414 	6788 	8871 	9183 	9887 	 
0 	3337 	3971 	4883 	5809 	7851 	 
0 	211 	4988 	5147 	6211 	7395 	7621 	7648 	7798 	9070 	 
0 	1763 	2423 	4475 	4609 	6679 	6879 	9935 	 
0 	430 	1397 	1486 	1723 	3832 	6103 	8906 	9213 	 
0 	455 	1363 	2131 	3421 	5590 	8243 	8782 	9620 	9848 	 
0 	752 	1022 	1956 	2328 	3136 	4990 	5111 	5480 	6973 	9579 	 
0 	647 	2249 	2480 	3281 	3478 	5251 	6262 	7412 	9143 	9927 	 
0 	266 	1486 	1675 	1937 	2113 	2698 	4888 	5323 	5345 	6346 	6854 	8121 	 
0 	563 	1265 	4071 	4773 	6083 	8480 	8659 	9254 	9672 	9981 	 
0 	44 	343 	408 	707 	774 	2413 	2741 	2842 	4563 	4694 	6127 	6775 	6784 	7636 	8906 	8974 	9006 	9092 	9639 	 
0 	2381 	2458 	3578 	4459 	4497 	4680 	4971 	5097 	5807 	5830 	5901 	6900 	7319 	7476 	9222 	9569 	9980 	 
0 	2095 	2236 	2797 	4867 	5191 	5914 	8583 	8856 	 
0 	785 	3354 	4426 	8341 	 
0 	880 	1348 	1602 	2165 	6172 	6194 	6783 	7109 	7440 	8534 	 
0 	632 	1466 	2255 	5025 	5786 	5953 	6689 	9043 	9226 	 
0 	317 	535 	985 	1136 	1955 	2358 	3300 	3634 	3861 	4119 	4124 	4308 	5467 	6205 	8660 	 
0 	496 	3338 	3784 	4991 	5659 	5784 	7980 	9591 	 
0 	281 	1631 	1845 	2394 	4848 	4916 	7380 	9526 	 
0 	1416 	2655 	3070 	6121 	6143 	9095 	9281 	9929 	 
0 	158 	404 	1929 	3973 	6785 	7457 	7831 	 
0 	401 	561 	2704 	3365 	5739 	8121 	8722 	9040 	9199 	9427 	 
0 	350 	2110 	3984 	4728 	 
0 	264 	609 	1184 	1563 	1681 	2684 	4784 	5756 	6350 	7108 	7351 	8628 	9424 	 
0 	54 	339 	1211 	1254 	4052 	4399 	5092 	5501 	5511 	8939 	 
0 	878 	1610 	2014 	5815 	6494 	7029 	7653 	8266 	8806 	9682 	9964 	 
0 	168 	3175 	5145 	5176 	6811 	7033 	8166 	9748 	9759 	 
0 	418 	420 	973 	979 	1391 	3714 	5895 	6229 	7442 	8006 	8410 	8528 	9347 	9442 	 
0 	59 	2684 	3941 	4329 	5056 	5778 	5981 	7326 	8427 	8829 	9872 	 
0 	89 	1179 	1665 	2214 	3354 	3704 	4117 	5046 	5212 	5936 	6313 	6950 	7968 	8253 	8813 	9420 	9437 	9494 	 
0 	1387 	1939 	2525 	2952 	3748 	3901 	5191 	5208 	6042 	6910 	7221 	7619 	 
0 	1152 	3929 	5461 	6529 	7412 	9689 	 
0 	1311 	1532 	3517 	3616 	5672 	5726 	5994 	7107 	8028 	9106 	9426 	 
0 	2438 	2602 	4813 	5869 	6185 	7034 	8898 	9147 	9661 	 
0 	5489 	5847 	6210 	8520 	9127 	9442 	 
0 	1069 	1940 	2201 	3236 	4729 	6727 	6780 	6798 	8130 	8918 	 
0 	896 	1784 	4143 	4876 	7633 	 
0 	853 	1369 	1527 	3848 	8133 	 
0 	2756 	2958 	3530 	4926 	5582 	6189 	6334 	6599 	9007 	9285 	 
0 	438 	3699 	4023 	4622 	4778 	7055 	8000 	8296 	 
0 	166 	2681 	3017 	4420 	4635 	6513 	6605 	7639 	8525 	8626 	 
0 	545 	3289 	4240 	6322 	6668 	7453 	8403 	9133 	 
0 	394 	4214 	6228 	6320 	6667 	7067 	 
0 	87 	2197 	3722 	3752 	4353 	4410 	5870 	6338 	6339 	6840 	7410 	8328 	8691 	9996 	 
0 	338 	512 	575 	1795 	2005 	4729 	5237 	5846 	6100 	6334 	6527 	8771 	9152 	9570 	9743 	 
0 	1220 	2391 	3020 	3085 	3629 	4190 	4815 	5104 	8402 	8668 	 
0 	266 	1080 	2480 	3147 	5076 	6569 	6581 	8109 	8560 	9896 	 
0 	364 	1079 	3915 	6934 	7357 	7610 	7705 	8668 	8715 	9035 	9600 	 
0 	664 	1102 	3473 	6278 	7891 	8126 	8226 	9112 	 
0 	768 	1624 	3965 	4189 	4360 	4568 	4571 	5016 	5806 	6457 	6987 	7547 	8008 	8065 	 
0 	454 	4513 	4584 	4752 	8033 	8859 	 
0 	84 	1692 	1947 	2857 	3145 	6764 	7295 	8872 	9358 	9656 	 
0 	1878 	4400 	6507 	6526 	7344 	8145 	8262 	9989 	 
0 	287 	546 	791 	2579 	4494 	5077 	5281 	5492 	6558 	7426 	9625 	9698 	 
0 	1568 	2036 	3544 	5429 	5825 	6211 	7223 	7588 	8675 	8897 	 
0 	487 	1790 	1851 	5351 	6869 	9032 	9745 	 
0 	3703 	4021 	5268 	5530 	5891 	6654 	7539 	8334 	8966 	 
0 	721 	1122 	1450 	5585 	6373 	6920 	8361 	9098 	9844 	 
0 	629 	1922 	2930 	4018 	4064 	5530 	6274 	8111 	 
0 	274 	512 	1771 	2769 	5194 	6188 	7388 	7490 	8496 	9072 	9235 	 
0 	375 	3362 	3375 	3757 	4113 	4377 	5040 	5572 	5640 	6434 	6548 	8164 	9601 	 
0 	650 	792 	2294 	4896 	6265 	6412 	6926 	9063 	9819 	 
0 	350 	722 	1803 	2399 	2984 	3660 	5737 	7413 	7864 	9431 	9519 	9951 	9976 	 
0 	463 	1034 	1447 	2881 	5450 	6038 	7412 	8888 	9281 	 
0 	3 	1843 	3735 	4067 	4289 	6076 	6368 	6655 	6667 	6967 	7541 	7544 	7656 	8871 	 
0 	1019 	1168 	1822 	2303 	4053 	4761 	5037 	5108 	6581 	6806 	7069 	8756 	 
0 	478 	1382 	1918 	2440 	3015 	3587 	4560 	4963 	5604 	6475 	6892 	7083 	7315 	8318 	8742 	 
0 	895 	1845 	2991 	 
0 	380 	1518 	1587 	2295 	3143 	4067 	6889 	7047 	9055 	 
0 	155 	3063 	5389 	6807 	8165 	9288 	9573 	 
0 	373 	1149 	2868 	3949 	4147 	4735 	6222 	6285 	8161 	9121 	 
0 	929 	4294 	6359 	6537 	7436 	8139 	8537 	8729 	8875 	9362 	9812 	 
0 	3791 	4852 	6762 	7052 	7654 	7745 	8118 	8435 	 
0 	329 	1549 	3602 	3772 	3929 	5804 	6027 	6207 	7971 	8487 	8966 	9036 	 
0 	451 	617 	860 	1611 	2366 	2948 	3351 	3557 	3647 	3810 	6413 	8067 	9118 	 
0 	369 	797 	1649 	1747 	2029 	2057 	2218 	4416 	5308 	5353 	5806 	6801 	7053 	7893 	8380 	 
0 	1628 	1850 	2828 	5323 	6195 	7371 	9478 	 
0 	137 	851 	1288 	1721 	2565 	4921 	5323 	6940 	7388 	7392 	9493 	 
0 	1072 	2923 	3635 	3659 	4275 	4972 	6116 	7595 	7911 	8533 	9779 	 
0 	859 	1118 	1462 	1951 	3760 	5219 	5786 	7899 	8322 	9824 	9843 	9994 	 
0 	1180 	2249 	2922 	3271 	3702 	5264 	5932 	5956 	6174 	7953 	8615 	9604 	9881 	 
0 	842 	2813 	2914 	3532 	7868 	8471 	9743 	 
0 	70 	2038 	5117 	5121 	6425 	7129 	8346 	 
0 	1424 	3501 	5592 	6092 	6822 	8396 	9827 	 
0 	2396 	3122 	3658 	4545 	5035 	9487 	9622 	 
0 	1027 	1760 	4737 	6670 	7050 	7718 	8160 	9697 	 
0 	705 	706 	723 	2286 	2326 	5200 	6350 	6551 	7549 	8871 	 
0 	526 	2317 	3071 	3847 	5002 	7223 	9901 	 
0 	812 	1241 	1950 	2658 	3145 	5058 	6215 	6793 	6804 	7388 	8311 	 
0 	231 	1357 	2900 	2938 	4189 	5367 	6233 	6756 	9610 	 
0 	315 	816 	2719 	4149 	4564 	4577 	6438 	7331 	7928 	8620 	9150 	9468 	 
0 	122 	445 	915 	2254 	2657 	3105 	3818 	4005 	4827 	4924 	 
0 	1419 	1563 	2379 	2694 	3277 	3683 	4161 	4610 	5187 	7195 	9071 	9221 	 
0 	698 	953 	2564 	3217 	3684 	4627 	4911 	6430 	7251 	8129 	8716 	 
0 	860 	2525 	4675 	4803 	7837 	9046 	 
0 	1621 	3103 	9443 	9877 	 
0 	329 	387 	1919 	2024 	2322 	5260 	6469 	6896 	7806 	8344 	8528 	9216 	9221 	9481 	 
0 	53 	1886 	2121 	6231 	7531 	9034 	9699 	9937 	 
0 	555 	955 	4647 	6811 	8238 	 
0 	603 	902 	1182 	1231 	1390 	2011 	5466 	6599 	6765 	6996 	9742 	9815 	 
0 	256 	3408 	4827 	5611 	8000 	9564 	9588 	9620 	 
0 	455 	564 	1495 	2085 	2135 	4086 	5077 	5193 	7119 	7518 	9576 	 
0 	67 	1320 	2101 	2498 	3509 	3601 	6791 	7660 	9577 	 
0 	235 	4293 	6669 	7119 	7285 	7691 	8442 	8992 	9925 	9956 	 
0 	667 	2183 	3315 	3663 	4543 	4877 	6255 	7429 	7485 	 
0 	1733 	2181 	2573 	4706 	7327 	8003 	8368 	8873 	8950 	 
0 	771 	975 	1108 	1736 	2562 	3402 	4096 	5909 	6187 	6363 	7122 	7658 	 
0 	730 	1509 	1731 	1968 	2341 	2731 	3247 	3490 	4176 	7532 	7973 	8857 	 
0 	2562 	2855 	3102 	4700 	5650 	6043 	6683 	7646 	8222 	 
0 	1217 	2593 	2846 	6677 	7324 	9414 	 
0 	9 	314 	435 	1140 	2929 	3241 	3398 	3959 	8979 	 
0 	2242 	2606 	2788 	2822 	3866 	4156 	4172 	6928 	9981 	9983 	 
0 	1620 	5370 	6651 	7655 	9048 	9526 	 
0 	24 	758 	1347 	1746 	1781 	4303 	4952 	5622 	6609 	7247 	9542 	 
0 	234 	330 	1215 	2285 	2644 	3957 	4241 	4444 	4488 	5607 	5735 	5915 	5945 	8137 	9277 	 
0 	1520 	2662 	2674 	2712 	3004 	5347 	 
0 	237 	1331 	1569 	3029 	3199 	4981 	5337 	6469 	7074 	8693 	 
0 	366 	564 	1629 	2604 	4423 	4680 	5244 	5726 	8287 	8945 	 
0 	1284 	1959 	3318 	4053 	4174 	5942 	6613 	8851 	9794 	 
0 	112 	815 	2219 	3119 	3218 	3672 	4340 	4350 	4777 	6094 	6201 	7797 	 
0 	197 	935 	1920 	3149 	4772 	6849 	7132 	8371 	8819 	9004 	 
0 	1886 	2877 	4556 	6179 	6395 	6630 	8241 	 
0 	477 	596 	2188 	4253 	5970 	7089 	7338 	9281 	9572 	 
0 	687 	2205 	3072 	3793 	3960 	7518 	 
0 	834 	1146 	3535 	5272 	5318 	6783 	7892 	8532 	9065 	 
0 	255 	1107 	1607 	1907 	2068 	3525 	3770 	4319 	4733 	8238 	8580 	8673 	9021 	9584 	9638 	 
0 	867 	949 	1590 	1942 	2182 	2755 	2994 	6045 	7545 	8227 	8252 	8899 	9880 	 
0 	412 	990 	2513 	4650 	5465 	5839 	8243 	8480 	9216 	 
0 	88 	277 	1223 	3726 	4085 	4296 	4628 	7806 	8407 	8850 	9283 	 
0 	1004 	1544 	1841 	2708 	6208 	6211 	7379 	8390 	8743 	9203 	9420 	9574 	 
0 	151 	1319 	1395 	2725 	3125 	3289 	4606 	5169 	5389 	5580 	6615 	7106 	8187 	8534 	8592 	8692 	 
0 	432 	616 	1767 	1829 	2582 	4269 	4843 	5715 	6680 	7017 	7783 	7966 	8676 	 
0 	16 	705 	738 	2112 	3004 	4186 	5548 	5898 	6260 	7330 	8617 	 
0 	1571 	1898 	3555 	4743 	5816 	7863 	 
0 	619 	1612 	3739 	4055 	6432 	7353 	7643 	8999 	 
0 	1197 	2359 	2883 	3660 	5300 	5419 	6286 	6530 	6820 	7026 	7303 	9685 	 
0 	217 	1513 	2415 	4464 	5466 	8561 	 
0 	897 	1825 	2485 	5026 	5320 	5796 	6658 	7302 	7613 	7987 	8187 	8628 	8929 	 
0 	240 	947 	2163 	2203 	2409 	3556 	3916 	3987 	4720 	4753 	5717 	5835 	7024 	7160 	7444 	9303 	 
0 	336 	2240 	3512 	3987 	4209 	5327 	5391 	5496 	5911 	6945 	8751 	8822 	9497 	9902 	 
0 	695 	1151 	3618 	8076 	9374 	9686 	 
0 	1839 	1982 	2513 	3048 	3743 	6096 	7917 	8136 	 
0 	801 	1339 	1480 	2482 	3085 	5189 	5190 	5392 	5817 	7309 	7355 	7912 	9241 	 
0 	534 	1699 	2691 	5189 	8080 	9382 	9970 	 
0 	1383 	1812 	3131 	3445 	3736 	4223 	5967 	7064 	7590 	8179 	8433 	8558 	9381 	9924 	 
0 	1195 	1407 	2138 	2493 	2830 	4038 	4544 	5505 	6305 	9697 	 
0 	2751 	3079 	3912 	6342 	7026 	9341 	9525 	 
0 	812 	1785 	1795 	2203 	2989 	3061 	8617 	 
0 	25 	302 	467 	686 	4322 	5236 	5548 	6038 	6437 	6754 	6841 	7980 	9310 	9629 	 
0 	1879 	4340 	4583 	 
0 	704 	801 	3097 	4880 	4906 	5487 	6427 	6924 	7553 	7995 	8070 	8935 	 
0 	610 	957 	3721 	5543 	6226 	6358 	6921 	8010 	9113 	 
0 	1798 	2411 	2629 	3537 	3847 	5519 	5996 	6424 	9257 	9719 	 
0 	1391 	1412 	2664 	3182 	4529 	4870 	6322 	9821 	 
0 	1273 	1570 	2058 	2546 	3471 	5276 	7341 	8560 	 
0 	442 	986 	2880 	4178 	4278 	4836 	5531 	7364 	7932 	8632 	 
0 	1204 	3118 	3572 	3643 	3994 	4363 	4554 	4636 	5772 	6300 	8605 	 
0 	2944 	4772 	7655 	8396 	9936 	 
0 	975 	2837 	2950 	3386 	3557 	4782 	7534 	8811 	9090 	 
0 	312 	662 	2157 	2350 	3181 	6393 	6490 	8528 	 
0 	160 	226 	1057 	1234 	1741 	1966 	4417 	4560 	5321 	7253 	 
0 	639 	1102 	2020 	2824 	3208 	3510 	4041 	4593 	6054 	7233 	7560 	7717 	 
0 	374 	460 	1670 	3499 	4379 	5926 	6094 	6258 	8724 	9083 	9267 	9502 	9937 	 
0 	113 	603 	793 	4073 	4195 	4594 	5550 	5839 	6477 	6504 	6865 	 
0 	2005 	2493 	3163 	3559 	3910 	4321 	5571 	7202 	7673 	7988 	9204 	9909 	 
0 	370 	1087 	2676 	3509 	3889 	3954 	8026 	8165 	 
0 	350 	1038 	1711 	1801 	2681 	4362 	4746 	6441 	7497 	8367 	 
0 	292 	650 	1202 	2132 	2638 	2655 	2816 	3720 	4442 	4802 	5189 	6118 	7072 	7391 	9476 	9486 	 
0 	28 	292 	1374 	5831 	5980 	7617 	8269 	8703 	8978 	 
0 	276 	944 	1023 	5025 	5798 	9574 	 
0 	280 	303 	463 	684 	1524 	3460 	4411 	6393 	 
0 	432 	775 	2382 	3568 	3697 	4642 	5222 	5287 	5511 	6557 	8844 	9024 	 
0 	258 	2982 	4239 	5795 	7573 	9145 	 
0 	1135 	1471 	3474 	4574 	5271 	7286 	7517 	7566 	8444 	9096 	 
0 	3860 	4449 	6842 	8365 	8785 	8876 	8914 	9884 	 
0 	331 	698 	1463 	1657 	1757 	2062 	2865 	3017 	3081 	3172 	4817 	5207 	6580 	8195 	 
0 	2023 	7194 	8887 	 
0 	327 	473 	948 	3740 	3955 	4269 	4722 	5443 	6158 	6785 	7647 	8376 	9940 	 
0 	650 	853 	2144 	2698 	3193 	4661 	5135 	6676 	7370 	7849 	8950 	9430 	 
0 	4702 	5632 	5755 	6492 	8527 	8821 	9437 	 
0 	169 	1075 	1503 	1690 	2728 	3384 	3445 	4410 	4628 	6521 	7315 	8856 	9317 	 
0 	1107 	3020 	3470 	4248 	4255 	4934 	4948 	5751 	6575 	8008 	8414 	9227 	9739 	9760 	9844 	 
0 	107 	487 	853 	4672 	5568 	6654 	7077 	7299 	8082 	8742 	9945 	 
0 	380 	485 	985 	1052 	3509 	3881 	4748 	5181 	5533 	7270 	7340 	8164 	9297 	 
0 	648 	1239 	3915 	6496 	7012 	7691 	9749 	 
0 	2165 	2233 	4775 	5941 	5987 	6115 	7007 	9185 	 
0 	1332 	1518 	4998 	6260 	6719 	7088 	7194 	7765 	8818 	9282 	9441 	9979 	 
0 	73 	236 	255 	588 	1069 	2091 	3129 	3374 	3405 	5692 	5828 	7657 	7778 	 
0 	1230 	1286 	2902 	3603 	4240 	4250 	7695 	8787 	 
0 	345 	562 	2633 	2638 	2740 	4173 	4270 	4409 	6147 	7268 	 
0 	3156 	3759 	3806 	4594 	5822 	7232 	7610 	8754 	9460 	9510 	 
0 	345 	415 	5816 	6008 	6377 	7615 	 
0 	241 	4537 	5657 	8191 	 
0 	667 	3964 	4005 	4170 	5322 	5874 	7401 	7575 	9807 	 
0 	2061 	2838 	3628 	5718 	6725 	9235 	9735 	 
0 	1483 	1675 	2094 	2696 	2832 	3250 	3642 	4948 	5143 	7037 	8417 	8439 	8884 	 
0 	4236 	4491 	6266 	6564 	7169 	8230 	 
0 	743 	842 	1546 	2777 	3361 	7284 	 
0 	410 	929 	1740 	2341 	2492 	3097 	3790 	3846 	4174 	5481 	5837 	5867 	6006 	6050 	9135 	9528 	 
0 	1383 	1999 	2934 	3935 	5336 	5368 	5948 	6355 	6397 	6550 	7138 	8675 	8900 	9130 	9298 	 
0 	2830 	3481 	3874 	4867 	5940 	6286 	7167 	8607 	9011 	9378 	9907 	 
0 	396 	899 	4671 	4974 	5278 	5519 	7655 	8247 	8580 	8853 	9683 	 
0 	2252 	2788 	3011 	4355 	6005 	6459 	6748 	7108 	7333 	7421 	7791 	9140 	9876 	 
0 	2801 	3829 	4754 	5262 	5357 	5470 	7449 	8134 	 
0 	1638 	2159 	4022 	4460 	6700 	9795 	 
0 	250 	747 	965 	1028 	1457 	2582 	2963 	6105 	7489 	7677 	9083 	 
0 	1445 	4884 	5407 	5617 	5672 	7208 	8388 	 
0 	2100 	3124 	3537 	4034 	7126 	7446 	9321 	 
0 	1236 	2322 	2906 	3419 	3523 	3841 	4469 	4711 	5956 	6702 	8433 	8529 	8706 	 
0 	62 	3629 	4299 	6890 	8371 	8530 	 
0 	582 	1721 	2627 	2784 	3395 	4133 	7172 	7675 	8093 	9060 	 
0 	481 	2075 	2385 	4129 	4275 	4740 	5318 	5500 	6555 	6767 	7298 	7517 	8186 	9460 	9531 	 
0 	666 	1982 	2208 	2470 	5468 	5505 	6945 	7305 	7932 	8024 	 
0 	23 	203 	1473 	2025 	2681 	3764 	4349 	4625 	5431 	5896 	6732 	8775 	9728 	 
0 	1321 	1380 	1427 	2446 	4679 	4698 	4742 	5014 	9111 	 
0 	313 	1011 	1118 	2446 	2453 	4340 	5774 	8021 	 
0 	301 	948 	1661 	2967 	3811 	7551 	8991 	 
0 	995 	1119 	2221 	5740 	6588 	7639 	 
0 	158 	403 	771 	3305 	4128 	6485 	8658 	8705 	9274 	 
0 	636 	874 	1403 	1731 	2404 	2705 	3415 	3792 	5557 	5837 	5858 	6884 	8226 	9881 	 
0 	2158 	2757 	3062 	5015 	5106 	6205 	7062 	 
0 	281 	3095 	3769 	4385 	4620 	5626 	8686 	 
0 	701 	2142 	4198 	4966 	5950 	 
0 	1855 	2229 	3571 	3951 	4156 	4553 	4875 	5632 	6879 	6934 	8098 	9206 	 
0 	105 	288 	574 	1100 	3342 	3673 	3865 	6215 	6761 	7146 	7668 	9150 	 
0 	296 	1993 	3910 	4467 	4471 	5833 	6572 	7651 	7886 	8511 	8998 	9087 	 
0 	12 	733 	1572 	1705 	2214 	3279 	4666 	5183 	7493 	8742 	8876 	9405 	9799 	 
0 	65 	2517 	4497 	5242 	5281 	8216 	8690 	8786 	9476 	 
0 	1499 	4322 	4479 	4858 	5845 	6380 	7476 	7920 	8987 	9214 	 
0 	266 	665 	2505 	3961 	4060 	7832 	9087 	9635 	 
0 	541 	1131 	3952 	4037 	6890 	6991 	7964 	8290 	8716 	9810 	 
0 	422 	559 	2366 	3706 	8136 	9314 	9790 	9850 	9944 	 
0 	275 	1435 	2099 	3431 	4153 	4551 	5103 	5411 	6327 	7678 	7721 	8902 	9730 	 
0 	182 	2737 	2782 	5982 	6786 	7377 	7965 	 
0 	816 	1921 	4387 	4401 	4996 	6015 	8416 	9139 	9166 	9799 	9874 	 
0 	117 	2663 	4183 	4574 	6957 	7340 	7622 	7983 	8886 	 
0 	1344 	1602 	1714 	2548 	3118 	3762 	5980 	6424 	6725 	7174 	7220 	8643 	9569 	 
0 	2940 	4108 	4393 	4494 	5128 	5804 	7317 	7817 	9493 	9895 	 
0 	1600 	1868 	1929 	2831 	3193 	5976 	6361 	6865 	8058 	8926 	 
0 	515 	2351 	2818 	3659 	4523 	5024 	6599 	9230 	9521 	 
0 	1933 	2372 	6538 	7224 	8766 	 
0 	71 	208 	1601 	2348 	4227 	4964 	8745 	9996 	 
0 	25 	687 	4792 	8963 	9376 	9386 	9850 	 
0 	495 	1214 	3288 	4260 	4266 	4872 	5057 	5789 	7302 	7570 	8334 	8677 	8745 	9320 	 
0 	90 	1139 	2278 	2459 	2866 	3796 	4423 	6209 	6495 	6539 	7908 	7936 	7958 	9535 	9893 	 
0 	90 	646 	1693 	3658 	4115 	5124 	5434 	6544 	7577 	 
0 	133 	1655 	3162 	3353 	4935 	8258 	9734 	 
0 	17 	146 	1074 	2730 	3637 	5588 	5626 	5751 	6497 	9674 	 
0 	143 	4284 	7132 	7624 	8548 	9255 	9904 	 
0 	777 	1219 	2229 	2767 	4230 	4424 	5500 	6738 	9014 	9901 	 
0 	771 	3179 	3895 	4962 	5842 	7359 	9886 	 
0 	1106 	1608 	2197 	2353 	3726 	4059 	5540 	6563 	7659 	8294 	8438 	8695 	 
0 	286 	1570 	3056 	3916 	4921 	5472 	5630 	6021 	7815 	 
0 	2063 	4353 	4420 	6636 	6964 	8676 	9485 	 
0 	228 	4421 	6261 	7421 	7835 	8030 	8047 	8591 	9981 	 
0 	1139 	1413 	2272 	4428 	4432 	4833 	6023 	9372 	9816 	 
0 	1268 	2204 	2930 	4513 	6510 	8347 	9126 	 
0 	1247 	1382 	2362 	2957 	2967 	2982 	6090 	6427 	7711 	9183 	 
0 	522 	2642 	5120 	5386 	5523 	6078 	7065 	7807 	8725 	9229 	9624 	 
0 	147 	411 	3293 	3448 	3585 	3779 	5439 	6326 	 
0 	4319 	4443 	5698 	6722 	7288 	8531 	9691 	9783 	 
0 	1827 	3288 	9378 	9415 	 
0 	781 	1670 	2016 	3117 	3566 	4564 	4747 	6248 	8016 	 
0 	2566 	3258 	3419 	4449 	5412 	6976 	7319 	7936 	8546 	9731 	 
0 	1798 	3514 	5318 	5857 	7466 	8689 	 
0 	831 	1244 	1580 	2684 	3784 	4270 	4465 	6529 	7180 	9143 	 
0 	76 	695 	1127 	2581 	2656 	3855 	5642 	6167 	6179 	7079 	7868 	 
0 	352 	4282 	4459 	4819 	5721 	8339 	 
0 	360 	537 	666 	1035 	1498 	2504 	2766 	4569 	5823 	5942 	6447 	9021 	9097 	 
0 	2480 	2714 	2967 	3838 	3887 	5784 	7519 	8502 	9338 	 
0 	296 	895 	1406 	2286 	2804 	3847 	4067 	4598 	5922 	6660 	6953 	8223 	8880 	 
0 	677 	1450 	2133 	4290 	4515 	5542 	6126 	6669 	7503 	7674 	9462 	9481 	 
0 	266 	1626 	4720 	5038 	5169 	7114 	9207 	9296 	9549 	 
0 	458 	2586 	6460 	7213 	7570 	7892 	9151 	9185 	9546 	 
0 	389 	660 	774 	2807 	2829 	3194 	3981 	4728 	5687 	 
0 	768 	3542 	3583 	3694 	4776 	5544 	7897 	8828 	9232 	9781 	 
0 	1554 	1908 	2074 	2401 	2433 	3214 	5202 	7347 	7437 	 
0 	13 	125 	993 	1247 	2099 	2246 	4334 	6100 	6285 	8016 	8083 	8591 	8624 	9312 	 
0 	511 	919 	1354 	3015 	3054 	4519 	5604 	7280 	7420 	7571 	9705 	9853 	 
0 	1073 	2471 	2653 	2904 	3775 	4345 	6600 	7104 	7760 	8327 	9804 	9882 	 
0 	1192 	3029 	3905 	5565 	6673 	7056 	7594 	8831 	 
0 	258 	674 	1046 	2394 	2834 	5511 	5795 	5819 	7317 	7805 	8605 	8770 	9075 	 
0 	1347 	2033 	2629 	3770 	4012 	4662 	5102 	6881 	8444 	 
0 	203 	1217 	2079 	2967 	4981 	5911 	6835 	6960 	7226 	 
0 	751 	2233 	3020 	3333 	5552 	5632 	5913 	8125 	 
0 	1334 	1375 	1952 	5229 	6071 	6456 	7615 	9137 	9145 	9362 	 
0 	1608 	2447 	2546 	3425 	3864 	4322 	4568 	4768 	4831 	5533 	5800 	6918 	7943 	7975 	8862 	9260 	9310 	9704 	 
0 	43 	394 	2018 	3054 	3499 	3659 	3983 	7856 	7902 	9835 	 
0 	668 	853 	2659 	4808 	5069 	5415 	5908 	6806 	7159 	7396 	8453 	 
0 	1300 	1531 	2113 	2179 	2593 	2661 	3277 	3489 	3734 	4238 	6542 	6550 	8544 	9481 	 
0 	54 	1035 	1101 	1399 	1642 	3218 	3559 	4190 	4741 	7125 	7478 	7876 	 
0 	817 	2380 	9175 	9483 	 
0 	266 	2305 	2524 	5003 	5794 	6624 	6817 	9120 	 
0 	1877 	3464 	3774 	4469 	6061 	6415 	7415 	 
0 	886 	1406 	3866 	4567 	5252 	7747 	7762 	8991 	9100 	 
0 	369 	1550 	3204 	3856 	5063 	5325 	9110 	9661 	 
0 	923 	1818 	2775 	4809 	6772 	7962 	8338 	8588 	9043 	9083 	 
0 	85 	4012 	4650 	5523 	5537 	7458 	7540 	7866 	8966 	9216 	9484 	9960 	 
0 	408 	2508 	3389 	3983 	5471 	6455 	9225 	9237 	 
0 	1373 	3305 	6273 	7284 	 
0 	383 	716 	1174 	1539 	1642 	1985 	3148 	5310 	5451 	5891 	6225 	6501 	7589 	8579 	8821 	 
0 	387 	2906 	3429 	3490 	4433 	4632 	6535 	7247 	7339 	7506 	8044 	8102 	9850 	9964 	 
0 	168 	1307 	2531 	2783 	6470 	6688 	9056 	9063 	 
0 	413 	1647 	1759 	5389 	7047 	8060 	8125 	8715 	9802 	9929 	 
0 	476 	665 	1468 	3521 	4977 	5975 	6553 	6559 	7754 	9000 	 
0 	409 	4272 	4794 	6303 	6599 	6849 	7013 	7486 	 
0 	164 	468 	1661 	2976 	3690 	6575 	7122 	8769 	9198 	9336 	 
0 	409 	888 	2685 	2969 	3063 	3080 	5180 	5507 	8984 	9215 	 
0 	255 	927 	1404 	1557 	2802 	3161 	3167 	3955 	7141 	8505 	8620 	 
0 	21 	689 	3049 	3665 	5942 	6339 	6415 	 
0 	4113 	4499 	5349 	6152 	7013 	7451 	9091 	9940 	 
0 	233 	2490 	4381 	5916 	7767 	9173 	9413 	 
0 	141 	4549 	4765 	5118 	5302 	5790 	6310 	6982 	8250 	9125 	 
0 	1174 	3537 	3879 	4293 	4697 	5124 	6422 	6701 	7036 	7556 	7840 	8831 	 
0 	730 	933 	3611 	8013 	9392 	9479 	9602 	 
0 	4424 	5528 	7315 	7322 	8087 	9753 	 
0 	1161 	1443 	2991 	3316 	3690 	4422 	5856 	7416 	8697 	9481 	9528 	 
0 	1639 	3505 	3881 	4690 	4731 	4810 	5857 	5953 	6759 	8355 	8802 	8941 	 
0 	1042 	1080 	1245 	3119 	4019 	4385 	4835 	5329 	6814 	8208 	 
0 	61 	3017 	3092 	3605 	3775 	4850 	6145 	6203 	6820 	7344 	8565 	 
0 	431 	533 	757 	2609 	2980 	4030 	4276 	4444 	4876 	6733 	6758 	7552 	7953 	8734 	 
0 	349 	2243 	2256 	2506 	5478 	6166 	6182 	6329 	6890 	7654 	8261 	 
0 	386 	840 	1130 	3566 	4066 	7838 	8111 	8403 	8723 	9163 	 
0 	122 	432 	1140 	1791 	2936 	3815 	6008 	7201 	7231 	 
0 	2804 	4767 	5360 	6347 	8567 	9047 	 
0 	2362 	2594 	3534 	7892 	7934 	9823 	 
0 	4614 	5530 	5799 	6277 	7697 	8132 	 
0 	702 	1478 	1560 	4063 	5121 	5595 	6661 	9020 	 
0 	76 	302 	1347 	1484 	2758 	4138 	4784 	5005 	5338 	6374 	6424 	7080 	 
0 	109 	1904 	2947 	3969 	4710 	6161 	6207 	6419 	6691 	7189 	 
0 	360 	1632 	4772 	4832 	5034 	5551 	6021 	6381 	7214 	7831 	8187 	9334 	9887 	 
0 	2012 	2138 	3242 	4042 	4133 	4691 	5261 	5615 	 
0 	1756 	3781 	3943 	4721 	6074 	6826 	7338 	8690 	8934 	9456 	9898 	 
0 	647 	2940 	3933 	4225 	5004 	5115 	6596 	7243 	7390 	7604 	 
0 	698 	1626 	3916 	4230 	5228 	6028 	8900 	 
0 	1110 	1283 	3296 	3607 	4353 	5716 	6092 	6963 	8497 	8800 	 
0 	276 	1369 	3805 	3936 	4197 	5877 	6788 	8009 	 
0 	347 	2233 	2820 	3304 	4486 	4986 	6509 	6750 	8607 	 
0 	1229 	1299 	2962 	3866 	4412 	6210 	6478 	7196 	8112 	8651 	8885 	9671 	 
0 	1072 	1448 	2418 	3435 	4383 	5905 	9571 	9824 	 
0 	1356 	2461 	3946 	7715 	7885 	9319 	 
0 	685 	4871 	7967 	9704 	9837 	 
0 	560 	960 	2597 	3232 	3278 	4569 	5285 	6424 	6436 	9369 	9491 	 
0 	94 	661 	2012 	2409 	3075 	4434 	6861 	6982 	7351 	7562 	7681 	8405 	8664 	 
0 	1302 	1310 	1636 	2853 	2856 	3534 	3683 	4037 	5751 	5862 	6564 	6836 	8437 	9626 	9781 	 
0 	3437 	3830 	4444 	5036 	6294 	 
0 	816 	1624 	1954 	8778 	9506 	9714 	 
0 	1358 	3518 	4213 	4667 	4821 	6202 	6261 	6827 	7604 	8058 	 
0 	338 	590 	757 	1559 	2787 	4333 	4415 	4663 	5249 	6003 	7441 	7819 	8739 	9274 	9645 	9994 	 
0 	178 	3295 	4127 	5079 	5860 	6187 	7702 	7750 	8304 	8552 	8806 	 
0 	361 	840 	1513 	1562 	3352 	3510 	4817 	6815 	7235 	7379 	7431 	8627 	8998 	 
0 	171 	771 	1405 	2125 	2964 	4450 	4470 	6160 	6260 	9415 	 
0 	3829 	4333 	4998 	5290 	5944 	8666 	 
0 	3506 	4208 	4267 	5956 	7823 	7828 	8318 	9604 	 
0 	954 	2792 	4736 	5977 	6432 	6935 	7003 	7246 	9391 	9804 	 
0 	979 	1571 	1984 	2541 	2724 	3226 	3539 	5005 	7622 	8816 	 
0 	1550 	2308 	3986 	4381 	5962 	5972 	7399 	8050 	8537 	9867 	 
0 	839 	1439 	3946 	4014 	4133 	4345 	5459 	6328 	8020 	8711 	9198 	 
0 	620 	1866 	2087 	2769 	2773 	4659 	6470 	8488 	8761 	 
0 	2061 	2250 	2375 	2595 	2669 	2845 	6284 	7999 	9002 	9862 	 
0 	452 	466 	1260 	1718 	2993 	4348 	4471 	6018 	6098 	6510 	7774 	7991 	9932 	 
0 	608 	2752 	4590 	5203 	5985 	6559 	7972 	9446 	 
0 	762 	1229 	3573 	6485 	7030 	7413 	8752 	9994 	 
0 	579 	1014 	2595 	4246 	6743 	 
0 	567 	2287 	2493 	2743 	2965 	4654 	6346 	8336 	9208 	9708 	 
0 	938 	2009 	2068 	2374 	2444 	3068 	3368 	3467 	6863 	8401 	8893 	9676 	9828 	 
0 	234 	1476 	4632 	4855 	 
0 	257 	3178 	5341 	6715 	8331 	9339 	 
0 	2066 	2598 	2954 	4565 	5117 	5617 	6905 	8753 	9277 	9446 	 
0 	721 	2117 	2497 	4732 	4787 	4836 	5108 	5683 	6756 	6980 	8182 	 
0 	2131 	2323 	2919 	7249 	9457 	 
0 	1294 	1853 	5922 	 
0 	1885 	3004 	3433 	4940 	6542 	8657 	 
0 	1110 	1450 	1733 	2066 	2782 	3308 	3425 	3472 	5143 	6058 	7731 	8879 	 
0 	206 	819 	2290 	4285 	4841 	5242 	6383 	7364 	7557 	7757 	 
0 	335 	5223 	5510 	5550 	5789 	5983 	6057 	6976 	7747 	9657 	 
0 	2135 	5305 	5338 	7582 	9711 	 
0 	2150 	3166 	4467 	4779 	5049 	5255 	5684 	6365 	6407 	6432 	6475 	6824 	7907 	8245 	 
0 	246 	926 	3093 	5214 	5834 	9002 	9441 	 
0 	4327 	4360 	4602 	4907 	5262 	5742 	7178 	8065 	8497 	8803 	8839 	9795 	9888 	 
0 	27 	178 	1437 	2620 	3371 	3503 	4107 	4376 	4720 	6533 	7419 	8929 	 
0 	988 	2019 	2326 	2553 	3716 	4524 	8297 	9554 	 
0 	605 	1788 	2434 	2560 	3271 	3414 	4020 	8528 	9603 	 
0 	1258 	1547 	2362 	2579 	3668 	5291 	6805 	7216 	7622 	8516 	9070 	 
0 	694 	1242 	1644 	2178 	3856 	4247 	4265 	5462 	6043 	7123 	7516 	8517 	8791 	 
0 	1422 	3448 	4394 	4933 	9102 	 
0 	426 	1034 	1092 	5053 	5308 	5957 	6570 	8247 	8758 	 
0 	1133 	4104 	4340 	4662 	5708 	6264 	7462 	8416 	9385 	9460 	 
0 	192 	341 	718 	1464 	1909 	2854 	3223 	3687 	6016 	6207 	7576 	7938 	8754 	9229 	 
0 	268 	2137 	2161 	3982 	4040 	4270 	5670 	6137 	6620 	6978 	7115 	9302 	9475 	 
0 	734 	1190 	1867 	4175 	5016 	6187 	7033 	8385 	9613 	 
0 	87 	1068 	1250 	1592 	1616 	3174 	4654 	8457 	8725 	8990 	 
0 	2931 	3376 	6400 	6476 	 
0 	466 	522 	1270 	1493 	3848 	6597 	7540 	7606 	8298 	8744 	 
0 	74 	789 	2023 	2319 	4967 	5954 	8344 	 
0 	1018 	1423 	1956 	2972 	3768 	6101 	7054 	8324 	8512 	8700 	8770 	8847 	 
0 	505 	1347 	2810 	3054 	3997 	5873 	7073 	8955 	9167 	 
0 	384 	398 	508 	4868 	8714 	8889 	 
0 	2535 	2640 	2984 	4150 	4591 	4821 	9637 	 
0 	1979 	3458 	3854 	4052 	5555 	8086 	 
0 	1217 	4077 	5642 	5876 	6840 	7814 	8207 	8566 	8852 	 
0 	811 	2139 	2262 	2621 	2982 	4479 	6342 	8655 	9504 	 
0 	247 	1955 	4222 	4750 	5021 	5819 	5897 	6046 	8963 	 
0 	1075 	1628 	1976 	4217 	4463 	5077 	5233 	6056 	7427 	7441 	8354 	9702 	 
0 	2466 	2738 	3758 	3862 	5571 	6071 	6435 	8256 	 
0 	8709 	 
0 	401 	587 	5763 	6268 	7461 	7756 	9656 	9698 	 
0 	4613 	4937 	5100 	5711 	6321 	8914 	 
0 	361 	1982 	2174 	2615 	3935 	5252 	5262 	6381 	8037 	9068 	9241 	9626 	 
0 	178 	1287 	1824 	1974 	2273 	3003 	3583 	8581 	 
0 	1179 	2460 	2669 	6132 	6548 	7586 	8587 	9486 	9678 	9877 	 
0 	651 	3399 	5164 	6571 	6866 	8888 	9470 	 
0 	882 	897 	1620 	1976 	2022 	3413 	3470 	5389 	5982 	9017 	 
0 	1771 	2357 	2771 	3141 	4225 	4532 	5071 	5145 	5588 	6099 	6463 	6483 	7038 	7637 	9157 	9370 	 
0 	1883 	3228 	3421 	4004 	7568 	 
0 	44 	51 	953 	1420 	1998 	2055 	3051 	3852 	5778 	6478 	7000 	7205 	7288 	7709 	9644 	9831 	 
0 	39 	5021 	5847 	7956 	 
0 	3877 	3922 	5101 	6058 	6179 	6923 	7451 	7807 	8675 	9084 	9810 	 
0 	266 	1380 	2317 	4300 	4510 	6499 	6770 	7935 	 
0 	446 	1411 	2416 	3131 	4864 	6087 	6127 	6988 	8240 	8851 	9436 	9803 	 
0 	283 	2261 	5678 	8291 	8717 	8753 	8780 	 
0 	967 	989 	1945 	4737 	6849 	7473 	8083 	9174 	9192 	 
0 	1964 	2782 	3081 	3904 	4431 	5670 	7993 	8208 	 
0 	1159 	1349 	1483 	1561 	2235 	3101 	3496 	7534 	8002 	8430 	8545 	8950 	9156 	9628 	 
0 	1591 	2171 	2522 	3114 	3671 	6239 	6431 	6920 	8674 	9582 	 
0 	1615 	1972 	2797 	5797 	6865 	6872 	7201 	7623 	8518 	9196 	 
0 	1244 	1729 	2890 	3335 	3668 	4057 	7114 	8582 	9272 	 
0 	1106 	1115 	1553 	2332 	3095 	3967 	3999 	5009 	8913 	 
0 	449 	1101 	1136 	3283 	3380 	5074 	6229 	6264 	6694 	9541 	 
0 	2719 	4448 	5784 	6090 	6136 	6436 	6974 	7209 	7950 	8820 	9190 	9648 	 
0 	438 	3711 	4438 	4447 	4684 	4937 	5487 	5791 	6079 	8645 	9122 	9423 	9791 	 
0 	232 	532 	760 	1221 	4176 	5825 	7069 	7227 	 
0 	860 	3303 	3371 	4329 	6314 	6574 	7171 	8122 	9140 	9236 	 
0 	490 	1424 	3323 	6767 	9259 	 
0 	239 	876 	1515 	1733 	4785 	7325 	9745 	9867 	 
0 	395 	2060 	2281 	2323 	2383 	4245 	4275 	5339 	7067 	9292 	 
0 	334 	350 	2609 	4571 	4721 	4990 	5646 	6891 	8912 	9403 	9674 	 
0 	2409 	3897 	3928 	5112 	6637 	7168 	7249 	8054 	8231 	8258 	8436 	8861 	9505 	9717 	9934 	 
0 	369 	1735 	1972 	2822 	3133 	5500 	6148 	9088 	 
0 	198 	378 	1136 	2274 	2883 	4530 	4873 	6362 	6877 	7364 	8744 	9626 	 
0 	226 	1011 	2175 	3210 	4196 	4549 	4829 	5254 	5303 	6272 	9394 	9873 	 
0 	324 	534 	873 	1157 	2535 	4530 	5770 	6487 	6734 	7381 	8094 	8689 	 
0 	175 	1503 	4320 	6103 	7237 	7579 	8152 	9045 	9519 	 
0 	117 	286 	1066 	1973 	3286 	4869 	5078 	5393 	7279 	8750 	9122 	9344 	 
0 	613 	1525 	2157 	3625 	4292 	7556 	7606 	8069 	8876 	9104 	9585 	 
0 	146 	1530 	1978 	2629 	6450 	6538 	9114 	9115 	 
0 	53 	133 	2087 	3282 	5768 	9104 	9952 	 
0 	69 	1105 	1621 	3823 	4005 	6433 	6461 	6542 	6814 	8799 	9772 	 
0 	363 	736 	1016 	2846 	3178 	3584 	3975 	5354 	5403 	7151 	8225 	8822 	9542 	 
0 	2679 	2900 	9128 	 
0 	377 	1916 	2535 	2733 	3600 	3862 	4100 	4419 	4557 	5688 	7409 	 
0 	1962 	2065 	7180 	7843 	8245 	8592 	9067 	9989 	 
0 	1546 	2439 	4173 	4659 	5270 	5632 	6905 	7309 	7387 	7464 	7474 	 
0 	2141 	2200 	2423 	2460 	2529 	3962 	4412 	9301 	9507 	9570 	 
0 	404 	4997 	5489 	 
0 	457 	527 	1377 	1583 	3565 	4267 	7388 	8098 	8339 	9645 	9940 	 
0 	502 	1054 	1574 	2748 	4601 	4657 	5564 	6260 	6874 	7169 	7263 	7705 	9063 	 
0 	147 	450 	700 	1780 	3662 	7687 	7772 	8349 	8504 	9572 	 
0 	355 	1489 	3455 	4637 	5377 	7632 	8090 	8217 	8629 	 
0 	183 	1053 	1841 	2036 	2764 	4235 	5437 	5665 	8317 	9296 	 
0 	530 	1017 	1511 	1897 	3170 	7915 	9716 	9764 	 
0 	538 	1501 	1890 	3608 	3749 	4076 	6105 	6885 	8922 	9889 	 
0 	2674 	4359 	4493 	6090 	7019 	7235 	7350 	7885 	9234 	 
0 	28 	1102 	1348 	1363 	2140 	3211 	6421 	6611 	8428 	9940 	 
0 	492 	1613 	3791 	4928 	5138 	6911 	7201 	7601 	 
0 	345 	504 	577 	863 	2173 	2603 	6354 	7083 	7313 	9816 	 
0 	158 	2828 	4507 	5032 	5087 	5797 	7950 	8977 	9295 	9949 	 
0 	1946 	2010 	2735 	3426 	4533 	5408 	6188 	6781 	7472 	7718 	 
0 	145 	2721 	3875 	4271 	4720 	5279 	5868 	6499 	6537 	7687 	7920 	 
0 	510 	1423 	1917 	2694 	2830 	4969 	6602 	6683 	6701 	6714 	8081 	8430 	 
0 	426 	839 	862 	899 	3235 	3293 	5882 	5915 	6588 	9043 	 
0 	1655 	2947 	3919 	7290 	7443 	8766 	9069 	 
0 	391 	3194 	6294 	8113 	 
0 	1602 	3589 	4532 	6134 	8927 	9575 	 
0 	1 	405 	788 	2445 	3394 	3845 	5523 	5985 	6273 	8469 	9275 	 
0 	272 	788 	1057 	1227 	1245 	2875 	3441 	3686 	5192 	6104 	7225 	8328 	8800 	8976 	9175 	 
0 	456 	1274 	1987 	2381 	3099 	5348 	6638 	7040 	8760 	8997 	9942 	9960 	 
0 	1920 	1933 	2463 	2519 	5519 	7517 	7528 	8848 	8979 	 
0 	1938 	2281 	4423 	5330 	7658 	8173 	8200 	8664 	9229 	 
0 	599 	1031 	1904 	3960 	4625 	5272 	5648 	 
0 	649 	711 	898 	2340 	2478 	2765 	3388 	3515 	6689 	9086 	 
0 	205 	683 	1898 	1907 	2657 	3249 	3945 	4154 	4721 	6211 	6325 	6524 	 
0 	1004 	2208 	2409 	2519 	3745 	4979 	5537 	5911 	6210 	7304 	7740 	9905 	 
0 	248 	268 	1940 	2679 	3226 	4266 	4959 	6103 	7112 	7580 	8562 	8776 	9274 	 
0 	602 	899 	1002 	1894 	2903 	3235 	3651 	3750 	4675 	4750 	5052 	6051 	6392 	7745 	8552 	9054 	 
0 	3118 	4374 	4604 	5914 	8217 	9621 	 
0 	557 	637 	900 	1278 	3106 	3316 	3793 	4934 	6758 	7598 	7838 	 
0 	738 	1323 	1636 	1707 	1903 	3275 	5180 	6169 	6303 	6554 	 
0 	2182 	2322 	2350 	5148 	7208 	7258 	7290 	7432 	7842 	8576 	 
0 	745 	1850 	4080 	4109 	4147 	5592 	6007 	6959 	9004 	9221 	 
0 	733 	1284 	1795 	3209 	3413 	3553 	3983 	6674 	6735 	7393 	8074 	 
0 	855 	1022 	1038 	2610 	2753 	2925 	5717 	6121 	6693 	7967 	8163 	9054 	 
0 	1971 	2111 	3321 	4324 	6150 	6990 	7099 	 
0 	597 	1282 	1368 	1469 	3173 	5570 	6060 	7180 	9083 	 
0 	657 	1394 	2404 	2559 	2942 	3189 	3634 	3710 	4258 	4539 	5663 	6958 	7086 	7412 	 
0 	1151 	3717 	4596 	4704 	7006 	7506 	 
0 	892 	1474 	2888 	4357 	6066 	6916 	7588 	7590 	 
0 	2818 	3684 	3692 	5128 	5398 	5868 	6202 	6511 	8012 	8767 	9294 	 
0 	1038 	1351 	1720 	6289 	6426 	7305 	7662 	7860 	8355 	9082 	 
0 	48 	924 	1458 	2936 	3555 	5349 	6011 	6761 	7329 	9278 	9373 	 
0 	637 	677 	3329 	4116 	5405 	6203 	6523 	6820 	7379 	7571 	7600 	8055 	9511 	 
0 	408 	843 	1083 	1281 	2511 	3860 	5160 	6569 	7763 	8213 	8506 	9519 	 
0 	342 	673 	700 	1251 	1285 	5386 	6416 	7065 	7749 	 
0 	366 	1910 	3423 	5938 	6568 	7071 	8055 	8607 	 
0 	1037 	1694 	2024 	3158 	3888 	4196 	4453 	4692 	5465 	6076 	7061 	7406 	7417 	8934 	9385 	 
