0 	217 	333 	2195 	2848 	4503 	6506 	6772 	7188 	9471 	9930 	 
0 	984 	4506 	4520 	5452 	5951 	5992 	6164 	7127 	9213 	 
0 	831 	4968 	5581 	6533 	7230 	9054 	9226 	 
0 	1103 	2577 	2886 	2952 	4061 	6084 	9245 	9402 	 
0 	249 	842 	1423 	1472 	2914 	2973 	3488 	3941 	5067 	5678 	9797 	 
0 	1476 	1539 	1659 	2071 	2812 	2987 	3115 	5739 	6127 	6307 	7956 	 
0 	1325 	2102 	2507 	3269 	5834 	6990 	7510 	7605 	 
0 	750 	2202 	2950 	3539 	4332 	4554 	5462 	5470 	5593 	7143 	7275 	7529 	7533 	8802 	9196 	9560 	 
0 	344 	552 	891 	2390 	4180 	6376 	 
0 	724 	1860 	2625 	2792 	4549 	4945 	7011 	7747 	8373 	 
0 	247 	469 	1053 	1962 	2099 	2194 	2257 	4057 	4924 	5594 	5698 	6598 	6815 	7520 	7896 	7924 	9100 	9793 	 
0 	1594 	2242 	2944 	4006 	4382 	6466 	7784 	8069 	 
0 	75 	1826 	1838 	3589 	3708 	4242 	4660 	4670 	6467 	6903 	6973 	9476 	 
0 	583 	1194 	1276 	2072 	2851 	3072 	3269 	4565 	5035 	8781 	9122 	9308 	 
0 	1520 	2111 	2136 	4879 	5716 	7554 	8857 	 
0 	1463 	2197 	3187 	3691 	4437 	6508 	6766 	7900 	8120 	8383 	8421 	9184 	 
0 	1757 	4856 	6781 	8113 	8510 	 
0 	632 	2494 	3908 	3979 	4405 	7156 	8647 	9283 	9668 	 
0 	1 	1782 	2436 	2644 	4021 	4029 	4104 	4427 	4883 	5235 	5455 	6651 	8979 	9825 	 
0 	549 	1876 	2175 	2970 	4573 	4717 	5492 	5860 	6625 	8246 	8570 	 
0 	117 	752 	1656 	2975 	6617 	7107 	8275 	8560 	 
0 	181 	766 	2506 	2879 	5956 	8716 	9274 	9884 	 
0 	1069 	1907 	2101 	3654 	4176 	4968 	5100 	6435 	6746 	6869 	7784 	8164 	9614 	9877 	9932 	 
0 	1363 	1671 	1889 	2637 	2691 	3145 	4227 	6136 	6579 	7438 	8531 	9398 	9910 	 
0 	1274 	1591 	1999 	2652 	3018 	6226 	6360 	7109 	7849 	8803 	9228 	9448 	 
0 	731 	815 	1458 	1708 	3184 	3632 	3880 	4316 	5179 	6845 	7038 	7848 	8695 	8767 	 
0 	1462 	2885 	3731 	7257 	8268 	9035 	9135 	9459 	9893 	 
0 	748 	1025 	3484 	3856 	4009 	4355 	5014 	5176 	6157 	7474 	 
0 	870 	1125 	2831 	3331 	3555 	4308 	4312 	4401 	5469 	5958 	6184 	6825 	9286 	 
0 	303 	305 	1406 	1570 	3074 	4024 	4527 	5779 	6297 	7652 	9421 	 
0 	184 	1492 	2043 	4230 	4405 	4663 	4954 	5446 	8763 	9214 	9892 	 
0 	173 	1323 	3401 	5716 	6365 	 
0 	130 	371 	2429 	2543 	3110 	4983 	6193 	6398 	7211 	8320 	8538 	8729 	8957 	 
0 	293 	625 	1127 	1354 	1777 	2468 	4794 	4869 	5331 	5556 	6042 	8125 	 
0 	100 	2221 	2641 	3116 	5003 	5550 	6002 	7415 	8319 	9108 	 
0 	647 	689 	1392 	2624 	2865 	3439 	 
0 	479 	1549 	1954 	2734 	2903 	4499 	5714 	5978 	7609 	7651 	7914 	8502 	8558 	8885 	9696 	9760 	 
0 	1433 	2044 	3136 	4487 	8330 	9623 	 
0 	819 	921 	1307 	1577 	3017 	3459 	6933 	7420 	7554 	9329 	9791 	 
0 	106 	664 	2073 	2075 	2704 	3090 	3945 	5135 	5923 	7466 	8441 	8588 	8830 	9512 	 
0 	3171 	3281 	3753 	4136 	4992 	5088 	7207 	8004 	8426 	8986 	 
0 	900 	2427 	2803 	3385 	3722 	4119 	4146 	4646 	4796 	4988 	7550 	 
0 	2057 	2597 	4128 	4983 	6375 	6749 	6750 	7769 	7939 	8971 	8986 	9306 	9621 	9778 	 
0 	406 	2030 	2348 	3062 	3255 	3282 	4200 	4424 	4519 	4895 	5534 	6004 	6072 	6112 	6909 	8731 	9297 	9417 	 
0 	2037 	2236 	2623 	3079 	3260 	3325 	3790 	5159 	8848 	8864 	 
0 	863 	2679 	4325 	5178 	5712 	7528 	7576 	9178 	 
0 	819 	987 	2208 	2209 	3341 	3804 	6750 	7369 	7546 	8981 	9923 	 
0 	1024 	2359 	2897 	2979 	3464 	4977 	6293 	8098 	8128 	8419 	9091 	 
0 	1191 	2577 	6147 	6297 	7518 	8763 	9577 	 
0 	325 	2290 	3464 	3851 	3865 	4484 	6293 	7023 	9139 	9716 	 
0 	19 	2516 	3088 	4683 	7026 	9459 	 
0 	4081 	4824 	4961 	8390 	9422 	 
0 	746 	808 	1056 	2566 	2716 	3159 	4161 	4635 	4800 	5425 	7166 	8895 	9111 	9168 	 
0 	2652 	3270 	4698 	5379 	5493 	6703 	8404 	8920 	 
0 	3709 	4211 	4327 	4980 	6026 	7021 	7324 	7719 	8178 	8914 	 
0 	1910 	2208 	2300 	4325 	4597 	6302 	6596 	7566 	8179 	8264 	8268 	8470 	8584 	 
0 	529 	576 	2610 	4755 	4966 	5248 	6084 	6350 	7962 	8366 	8765 	 
0 	839 	1570 	2042 	2083 	2747 	3691 	3860 	4137 	7168 	7254 	 
0 	464 	1649 	3169 	5065 	5127 	7580 	9619 	9659 	 
0 	421 	1466 	2274 	2870 	2982 	3477 	5241 	5324 	5927 	5945 	8415 	 
0 	1152 	1930 	2104 	3366 	3766 	5497 	5625 	6095 	6671 	6794 	8094 	8424 	 
0 	950 	1689 	1854 	2121 	2191 	2901 	3361 	3403 	4936 	5828 	7641 	7698 	9953 	 
0 	810 	1670 	2241 	3324 	3765 	4982 	5049 	5778 	6103 	6379 	6515 	7177 	9244 	9534 	 
0 	167 	737 	851 	1748 	2782 	3568 	4934 	5753 	6263 	6494 	8595 	8709 	8726 	8737 	8804 	9349 	 
0 	177 	189 	629 	648 	2364 	3756 	3904 	3939 	4028 	5021 	6654 	6977 	8846 	9116 	9436 	 
0 	633 	1946 	3428 	3795 	4089 	4474 	7905 	8651 	8800 	 
0 	1863 	1868 	2973 	3670 	3838 	3966 	4461 	4693 	5753 	6534 	6589 	6938 	6961 	7386 	8100 	8604 	8823 	9528 	 
0 	906 	3390 	3607 	3880 	4218 	4261 	7433 	7830 	9543 	9546 	 
0 	1414 	1620 	1860 	4465 	6878 	8223 	8251 	8320 	 
0 	139 	1169 	3325 	5405 	7191 	8012 	8130 	8625 	9434 	 
0 	935 	962 	5131 	6306 	6676 	7185 	8018 	8515 	 
0 	920 	1105 	2005 	3948 	8626 	9173 	9802 	9937 	 
0 	433 	2013 	2369 	2393 	2485 	2831 	4550 	4756 	4860 	4913 	7946 	8206 	8855 	9287 	9571 	 
0 	312 	2039 	2633 	3157 	3946 	6613 	7744 	 
0 	296 	1487 	1771 	3029 	3134 	6153 	6755 	6818 	7670 	8768 	8796 	9379 	 
0 	1706 	2039 	3313 	4990 	5240 	5773 	5909 	6495 	6811 	7639 	7850 	8466 	8751 	9042 	 
0 	284 	1350 	2103 	3545 	4011 	4444 	5074 	5216 	6176 	6307 	6408 	8868 	 
0 	1185 	1339 	2097 	3031 	3647 	3690 	5592 	6688 	9405 	 
0 	3090 	3639 	4526 	5300 	6259 	7739 	8256 	8858 	9234 	 
0 	1204 	1363 	1778 	5039 	6156 	6320 	8717 	 
0 	864 	1353 	3326 	5662 	6386 	7697 	8144 	8317 	 
0 	258 	585 	589 	713 	4642 	5335 	5459 	5532 	5818 	7525 	8268 	 
0 	142 	1307 	2189 	3732 	4186 	4232 	5096 	5987 	7535 	7690 	8446 	9055 	9118 	9360 	 
0 	389 	1118 	2057 	2839 	4906 	6381 	6403 	9104 	 
0 	549 	1352 	3928 	5469 	6112 	6212 	7186 	8447 	8862 	9474 	 
0 	1596 	2103 	2495 	3268 	3285 	3446 	3741 	6694 	7411 	7712 	 
0 	512 	968 	1014 	1138 	1228 	2304 	2528 	2817 	3833 	4231 	5676 	5868 	7407 	8112 	 
0 	1373 	1853 	1941 	3089 	5839 	7877 	8323 	8490 	9040 	9077 	9450 	9463 	 
0 	215 	785 	4464 	5136 	5942 	6661 	7751 	7949 	8853 	 
0 	1072 	1274 	2103 	3362 	3453 	4888 	5431 	5471 	5476 	6425 	7100 	7237 	8328 	9151 	9169 	9398 	9650 	 
0 	862 	2531 	7188 	7949 	8608 	8681 	9213 	 
0 	1156 	1682 	2911 	4359 	5990 	7385 	7472 	8055 	9121 	9266 	9519 	9634 	 
0 	120 	684 	795 	3233 	4015 	4311 	4326 	5251 	5478 	5758 	6234 	7012 	7263 	7775 	 
0 	321 	2743 	3084 	3300 	3967 	3976 	4510 	5946 	6267 	8688 	9366 	 
0 	315 	442 	1166 	1690 	2593 	2774 	2856 	4418 	5486 	5508 	5885 	6122 	6239 	6515 	8165 	8569 	9212 	 
0 	294 	1507 	3272 	5391 	6416 	6856 	 
0 	96 	823 	2706 	2769 	3493 	5852 	6089 	6662 	7243 	7948 	9731 	 
0 	2077 	3539 	4299 	5054 	6547 	7200 	8083 	 
0 	966 	2314 	2752 	3666 	3725 	4546 	5218 	5638 	7721 	8459 	8829 	9065 	9766 	 
0 	508 	1167 	1305 	1727 	1772 	2010 	2121 	6128 	7221 	7475 	9292 	9412 	 
0 	919 	1702 	2353 	3200 	4191 	6155 	6252 	7881 	8116 	8687 	8869 	9775 	 
0 	27 	338 	1597 	2022 	3591 	5241 	5395 	6183 	6986 	7237 	 
0 	878 	1270 	2006 	3705 	4752 	5463 	5871 	6062 	6231 	6544 	 
0 	636 	1142 	2076 	2085 	2089 	2139 	2238 	2691 	4702 	7288 	7382 	7428 	7727 	8247 	 
0 	1056 	2060 	2909 	3020 	5971 	6661 	7467 	8004 	8030 	8059 	8526 	9711 	9759 	 
0 	3273 	4268 	4472 	6695 	8225 	 
0 	2 	424 	805 	4447 	4465 	5345 	5416 	5685 	6571 	8548 	 
0 	31 	1092 	2902 	2905 	2988 	4479 	5778 	6011 	6877 	8135 	 
0 	162 	1196 	2370 	2622 	3743 	3833 	5769 	5835 	6163 	6650 	8126 	9467 	 
0 	639 	1100 	4299 	4428 	5496 	5918 	5951 	7145 	7496 	7563 	7612 	8296 	9113 	9264 	 
0 	1517 	2785 	3794 	5904 	5958 	6310 	7464 	8118 	 
0 	842 	1112 	1987 	2014 	2560 	3298 	3846 	4008 	4169 	4252 	5355 	8022 	8811 	 
0 	1627 	2309 	3368 	3711 	4029 	5081 	5493 	5653 	6216 	7050 	9658 	 
0 	58 	312 	729 	1006 	1444 	1503 	1784 	2648 	3574 	3896 	4166 	4627 	5117 	7364 	7912 	9750 	9751 	 
0 	7 	1079 	1193 	1204 	1258 	2118 	3144 	3645 	4394 	5994 	7010 	7461 	7537 	9288 	 
0 	3236 	4174 	4670 	4693 	6054 	6068 	6306 	6512 	6945 	7220 	8019 	8380 	9292 	9747 	 
0 	58 	1414 	4520 	6921 	6947 	7067 	7126 	8442 	 
0 	1107 	1864 	2141 	3477 	5108 	5533 	6270 	7160 	 
0 	114 	752 	952 	1391 	2114 	3920 	4865 	6715 	7199 	9230 	9337 	 
0 	90 	1209 	2755 	4220 	4244 	4491 	6294 	6555 	8100 	8113 	8407 	9684 	 
0 	151 	918 	3772 	3882 	5739 	6685 	8677 	9047 	 
0 	1280 	1592 	2061 	2099 	3178 	3402 	5690 	7229 	7627 	7727 	8044 	 
0 	634 	1036 	1185 	1475 	4316 	5412 	6744 	8290 	8427 	 
0 	409 	1235 	4270 	5192 	5512 	8903 	9749 	 
0 	1336 	4255 	6414 	9324 	 
0 	936 	1481 	1846 	2331 	4644 	5336 	6436 	9101 	9793 	 
0 	114 	782 	2414 	2771 	2848 	5566 	5682 	6461 	6507 	7146 	7797 	8960 	8984 	 
0 	132 	3713 	3932 	5378 	5527 	5584 	6389 	8783 	9136 	9927 	 
0 	452 	2493 	3854 	5094 	5558 	7008 	7433 	9276 	 
0 	2166 	3831 	5528 	7028 	9303 	9391 	 
0 	214 	1414 	2714 	3403 	3849 	5947 	6064 	6222 	6645 	7443 	9085 	9519 	 
0 	155 	1500 	1865 	2394 	2566 	2737 	2823 	3531 	4255 	5603 	5792 	6338 	7317 	8147 	8363 	9106 	 
0 	753 	1662 	3252 	3957 	4834 	6628 	8108 	8282 	 
0 	658 	1766 	4631 	5875 	8687 	 
0 	1122 	3005 	4130 	4670 	4681 	5131 	5609 	5818 	5966 	8559 	 
0 	692 	1112 	1219 	1596 	1871 	2675 	3767 	4216 	4321 	4485 	4872 	6342 	6876 	7756 	8965 	 
0 	20 	1123 	2014 	2394 	5918 	6045 	6331 	8299 	8395 	8683 	9521 	 
0 	1139 	1246 	1884 	3302 	3537 	3548 	5344 	8206 	8449 	 
0 	378 	1214 	1640 	1826 	2658 	4534 	4885 	6387 	6973 	7574 	8118 	9945 	 
0 	111 	1896 	2103 	2483 	2503 	3080 	4010 	4667 	5215 	5799 	6895 	7209 	7912 	8185 	9861 	 
0 	279 	1958 	3365 	4091 	4954 	6595 	6632 	6920 	6990 	8726 	9558 	9679 	 
0 	152 	160 	221 	870 	1948 	2117 	4759 	4873 	5113 	5752 	6020 	7465 	8015 	8410 	 
0 	1238 	1717 	2635 	3056 	4667 	5081 	5130 	6417 	6653 	7383 	8510 	9543 	9734 	 
0 	9 	773 	1379 	2146 	2681 	5314 	7083 	 
0 	851 	1424 	1673 	2731 	3099 	3103 	3546 	4034 	4416 	5061 	6271 	7528 	7925 	8287 	8794 	 
0 	964 	2546 	4354 	4438 	5213 	5955 	6104 	6737 	6832 	7587 	8262 	9145 	 
0 	993 	1032 	1127 	2143 	2478 	2778 	4475 	4674 	5202 	5589 	5925 	7883 	7914 	8613 	9790 	 
0 	1076 	3487 	3613 	3907 	7110 	8349 	8390 	9518 	 
0 	301 	1096 	1369 	2170 	3668 	3817 	4219 	5536 	6433 	7583 	7847 	8731 	8747 	8876 	9120 	9369 	 
0 	562 	768 	6743 	9375 	 
0 	1872 	2545 	2793 	4273 	5742 	6081 	6366 	8224 	8316 	8396 	8953 	 
0 	75 	404 	772 	2603 	6820 	7290 	8167 	 
0 	58 	960 	1183 	2493 	3625 	4388 	7704 	8148 	9897 	 
0 	110 	1132 	1366 	3078 	3678 	4314 	4734 	6942 	9703 	9709 	 
0 	374 	415 	3351 	5197 	5219 	9226 	 
0 	2475 	4830 	4833 	5267 	5863 	5976 	7174 	7345 	7550 	8969 	9281 	9671 	9985 	 
0 	1083 	1402 	2483 	2683 	3631 	4898 	5354 	5607 	5642 	6126 	8720 	9359 	 
0 	378 	1328 	1654 	1939 	2393 	3733 	3816 	4111 	5114 	7689 	7719 	9840 	 
0 	1715 	2335 	3754 	5188 	5937 	6307 	6548 	6855 	7451 	7982 	8291 	 
0 	220 	560 	957 	1041 	1699 	3083 	3171 	3627 	4646 	7477 	8100 	9542 	 
0 	183 	1413 	2373 	3317 	3624 	4223 	4735 	5058 	5158 	9362 	9803 	 
0 	1884 	2237 	3017 	4136 	4363 	4947 	8144 	8297 	8901 	 
0 	764 	860 	3154 	3218 	4089 	5651 	7921 	8298 	9505 	9522 	 
0 	694 	1633 	2703 	2794 	2907 	3457 	4268 	4734 	5866 	8643 	9525 	 
0 	4091 	6000 	6376 	6902 	9921 	9972 	 
0 	1509 	1680 	2507 	4543 	4997 	6277 	7970 	9437 	 
0 	1323 	2129 	2249 	2439 	2517 	2602 	2975 	3552 	4858 	7151 	7863 	8456 	 
0 	1255 	1332 	2481 	2852 	4253 	5523 	7135 	7306 	7608 	8062 	8226 	 
0 	843 	4592 	5277 	6315 	8386 	8442 	9233 	9389 	9871 	 
0 	197 	202 	3490 	4471 	4899 	6661 	8419 	8509 	8691 	 
0 	926 	2148 	3208 	3524 	4275 	4790 	6414 	7899 	7943 	9110 	9237 	 
0 	746 	1168 	1919 	3583 	4406 	4699 	9140 	9390 	 
0 	231 	2246 	2416 	5056 	5243 	5452 	6450 	6610 	6805 	8835 	9077 	9156 	 
0 	919 	1221 	1960 	2208 	2351 	2831 	3729 	4663 	4686 	4880 	6619 	 
0 	1169 	1903 	2830 	3238 	3429 	4451 	6203 	7189 	9225 	 
0 	1935 	2019 	2288 	2308 	6382 	6982 	7164 	7595 	7886 	 
0 	94 	3850 	4621 	4734 	 
0 	882 	926 	3314 	3636 	3750 	4514 	4722 	4733 	4845 	5019 	6193 	8281 	9015 	 
0 	1096 	1879 	2224 	3452 	3537 	4187 	5058 	5742 	6281 	6606 	6760 	6817 	7778 	8232 	9256 	9443 	9522 	9976 	 
0 	990 	1784 	2618 	2839 	4085 	5152 	8127 	9124 	9442 	 
0 	131 	865 	913 	2541 	2593 	3814 	3836 	4448 	5051 	7798 	 
0 	1211 	1600 	3844 	5183 	6111 	6868 	7052 	7406 	8741 	9003 	9798 	9861 	 
0 	158 	896 	1621 	1983 	2658 	4645 	5930 	6688 	7739 	8432 	8531 	8869 	9801 	 
0 	1109 	1599 	4479 	4897 	5594 	7641 	9042 	9072 	9685 	 
0 	769 	1397 	2354 	3148 	4317 	5431 	6279 	6309 	6373 	6921 	8354 	8560 	 
0 	579 	3929 	4254 	4355 	5893 	7430 	8195 	8476 	8730 	8857 	 
0 	354 	2706 	3781 	5115 	6767 	6867 	8291 	8616 	 
0 	415 	545 	780 	1009 	2447 	5318 	5532 	5742 	8177 	 
0 	485 	621 	1617 	3133 	3229 	5193 	6520 	7372 	7993 	8310 	 
0 	1380 	2082 	2927 	3090 	3237 	7039 	7551 	9277 	 
0 	782 	2391 	3582 	3755 	5114 	5500 	6228 	6566 	6744 	7054 	7192 	8654 	8794 	9717 	 
0 	2061 	6282 	6449 	6899 	7589 	7904 	8339 	8507 	9202 	9419 	 
0 	1369 	1447 	3245 	4675 	5520 	7995 	8764 	9943 	 
0 	305 	440 	3479 	3982 	5032 	8849 	8951 	9110 	9919 	 
0 	2010 	2830 	3598 	4831 	5336 	7325 	7911 	9113 	9285 	9353 	9555 	9992 	 
0 	1061 	2000 	2494 	2822 	4889 	6136 	6389 	7463 	7818 	7894 	8681 	 
0 	911 	2890 	3527 	5056 	5137 	5624 	 
0 	1538 	1746 	2015 	3637 	7828 	9263 	 
0 	794 	3005 	3655 	4190 	4320 	4870 	5074 	6419 	7016 	7048 	7180 	9112 	 
0 	2366 	2589 	5636 	7681 	8541 	9812 	 
0 	265 	1413 	1948 	3429 	3653 	4008 	5704 	6520 	7066 	7561 	8052 	8595 	8634 	 
0 	17 	380 	808 	823 	1530 	2429 	2592 	4944 	5604 	5896 	6170 	7678 	8695 	8993 	 
0 	940 	1416 	2007 	2641 	3241 	4311 	5333 	6168 	7027 	 
0 	377 	877 	923 	1245 	1633 	1642 	2464 	3271 	3582 	3602 	3921 	4538 	4543 	5081 	7403 	7883 	8011 	8310 	8427 	 
0 	63 	1751 	3326 	4052 	4433 	5066 	5648 	6604 	8606 	9085 	 
0 	471 	1197 	1618 	3837 	3865 	6261 	6721 	8935 	 
0 	345 	3619 	3787 	5280 	5682 	5870 	8168 	8269 	9207 	 
0 	1337 	2292 	3183 	5777 	7780 	8458 	8539 	 
0 	1096 	1707 	1977 	2046 	2055 	2173 	4882 	6279 	6471 	7016 	7622 	7638 	7656 	8099 	8613 	 
0 	123 	142 	575 	1174 	2046 	2458 	3121 	4473 	5596 	5747 	6194 	7190 	7300 	8345 	9698 	 
0 	31 	2792 	3409 	4526 	4728 	7464 	8348 	9860 	 
0 	352 	475 	1410 	2553 	3958 	4525 	5120 	6375 	6566 	7265 	8395 	9918 	 
0 	3121 	3941 	6225 	6415 	6912 	9182 	9393 	9725 	 
0 	855 	1311 	4062 	8627 	 
0 	258 	283 	842 	1524 	1721 	2344 	3056 	3268 	4037 	4402 	4719 	6477 	7256 	8299 	8315 	9561 	9738 	 
0 	2463 	3196 	3653 	5243 	6033 	6302 	6461 	7381 	9432 	 
0 	921 	1462 	3158 	3572 	3873 	4147 	5424 	5797 	7361 	7514 	9345 	9397 	9428 	 
0 	45 	2880 	3872 	6888 	7135 	7259 	7455 	8056 	8073 	8508 	9614 	 
0 	694 	1236 	1570 	3223 	4090 	4637 	4945 	5062 	5726 	8497 	 
0 	658 	757 	1260 	1286 	1614 	3294 	4522 	5150 	5435 	 
0 	3097 	4240 	5035 	5500 	5909 	6250 	6657 	9170 	 
0 	803 	1712 	2034 	4342 	4919 	5168 	6091 	7775 	8186 	8543 	8724 	9034 	 
0 	304 	2290 	3631 	4261 	4838 	5591 	6882 	9947 	 
0 	174 	409 	2690 	4416 	7638 	8059 	8096 	8166 	8966 	 
0 	1266 	1285 	2178 	2661 	3813 	6210 	6519 	6747 	6868 	6980 	7295 	8851 	9102 	9288 	9924 	 
0 	855 	1135 	3311 	3325 	3390 	3409 	3425 	4619 	4679 	7099 	 
0 	316 	694 	2245 	4707 	5786 	7147 	7839 	7895 	8176 	8293 	 
0 	1003 	1090 	2700 	3416 	3429 	3690 	4459 	4498 	7718 	7762 	8880 	9097 	 
0 	1351 	2400 	2648 	3791 	4299 	4510 	6235 	7590 	8092 	8114 	 
0 	178 	1718 	1744 	2681 	2800 	4252 	5590 	7463 	7909 	9827 	 
0 	668 	3573 	3591 	4791 	9482 	9497 	9544 	 
0 	458 	2770 	6488 	7157 	7819 	7979 	9356 	9539 	9634 	 
0 	367 	527 	1024 	1200 	3457 	4073 	4608 	7000 	7516 	7718 	7791 	9563 	9809 	 
0 	5 	32 	302 	1680 	1779 	1832 	3417 	3629 	3815 	3978 	4829 	5555 	6314 	7292 	7489 	9391 	 
0 	1245 	2285 	6127 	6198 	7642 	7692 	7865 	9160 	9782 	 
0 	1918 	3268 	4777 	7278 	9239 	 
0 	96 	396 	477 	863 	1507 	2044 	3452 	4220 	5514 	6340 	8205 	 
0 	868 	1073 	2161 	2293 	 
0 	2103 	2685 	2860 	3671 	4680 	6071 	7391 	8611 	 
0 	496 	1235 	2667 	5014 	5905 	6013 	 
0 	1023 	1634 	4126 	4746 	8265 	8542 	8932 	 
0 	495 	1021 	2062 	2557 	5858 	6248 	6429 	6843 	7007 	7085 	7464 	9682 	 
0 	1420 	1606 	2011 	2868 	3056 	4650 	4943 	5777 	5928 	6931 	8253 	8508 	9695 	 
0 	1816 	3045 	4452 	4670 	4896 	5143 	6246 	6989 	7301 	7597 	 
0 	157 	386 	763 	3455 	4529 	7662 	8402 	8421 	 
0 	279 	373 	2226 	3310 	3800 	4951 	6875 	7233 	7769 	9231 	9249 	 
0 	1772 	2172 	4108 	5145 	6078 	6865 	8221 	8512 	8796 	8861 	 
0 	1004 	2271 	2382 	5509 	6612 	6659 	6747 	6789 	9219 	9455 	9569 	 
0 	949 	1409 	2254 	3206 	3329 	3542 	4307 	5516 	8174 	8241 	9611 	 
0 	586 	824 	1502 	1575 	2166 	2650 	2681 	2788 	3059 	3138 	3536 	4146 	4210 	4496 	4525 	4745 	4837 	6541 	8189 	 
0 	266 	657 	1854 	2884 	3583 	3683 	6205 	6216 	7526 	9795 	 
0 	367 	2496 	2726 	3074 	5153 	5297 	5621 	5697 	8346 	8694 	8707 	8969 	9526 	 
0 	469 	1697 	3376 	3911 	5418 	9021 	 
0 	4964 	6049 	6087 	6912 	 
0 	240 	1475 	1586 	2248 	3371 	4081 	4428 	4656 	4838 	4888 	5136 	6499 	7664 	8229 	9275 	9982 	 
0 	1510 	5585 	7669 	8082 	8324 	8983 	9825 	 
0 	1816 	3516 	5049 	5219 	5559 	6896 	8121 	9323 	 
0 	773 	2010 	2613 	5038 	8708 	 
0 	935 	2754 	5808 	6419 	8438 	8440 	8694 	8966 	8983 	 
0 	3099 	3399 	3784 	3853 	5188 	5374 	7635 	7655 	9071 	 
0 	302 	2474 	3490 	3717 	4496 	6120 	6369 	7811 	8122 	8508 	9836 	 
0 	709 	1915 	2327 	3792 	4155 	4288 	5997 	9136 	9864 	 
0 	42 	290 	901 	1056 	1896 	3620 	3658 	5278 	8128 	8436 	8622 	 
0 	1312 	2275 	3701 	3872 	6178 	7953 	9067 	 
0 	1305 	2697 	4666 	9413 	9676 	 
0 	1379 	2911 	3620 	4623 	6247 	9392 	9555 	 
0 	2436 	3662 	4148 	4696 	6025 	8999 	 
0 	649 	2344 	2453 	3253 	5427 	5973 	6242 	6664 	6947 	7486 	7767 	9653 	9865 	 
0 	840 	913 	2278 	2746 	3711 	5293 	7556 	7596 	7943 	9180 	9609 	 
0 	592 	1469 	2301 	4790 	5002 	5896 	6515 	6823 	7361 	7781 	9399 	 
0 	4245 	5726 	5959 	6708 	7430 	7903 	7914 	8034 	9647 	 
0 	36 	151 	2247 	3108 	3530 	4915 	5011 	5164 	7149 	8484 	 
0 	359 	1750 	2295 	3239 	3480 	3493 	3664 	5959 	5980 	6861 	7112 	 
0 	1205 	1904 	2377 	2880 	3056 	3728 	6452 	6926 	7174 	8615 	9991 	 
0 	1934 	2059 	2390 	4438 	6006 	8035 	8322 	8430 	 
0 	1115 	2263 	2335 	2666 	3039 	3211 	3987 	4428 	4639 	6209 	7592 	8522 	9182 	9305 	 
0 	154 	341 	3012 	4001 	5403 	5604 	5933 	6802 	6935 	7969 	8089 	8105 	 
0 	263 	1094 	3609 	7886 	8341 	8361 	8850 	 
0 	529 	768 	1483 	1739 	2268 	2519 	2768 	2891 	2923 	2962 	3654 	5668 	7209 	9527 	 
0 	1184 	2976 	3286 	3420 	3648 	4697 	4786 	5274 	6161 	7504 	8709 	 
0 	398 	1351 	4256 	4877 	6563 	8442 	8965 	9063 	9329 	 
0 	1930 	1973 	2482 	3048 	3266 	3673 	4495 	5028 	5482 	5533 	6935 	9436 	 
0 	221 	1472 	2554 	5166 	5327 	7068 	7241 	7598 	7989 	 
0 	1235 	2667 	7012 	7720 	7860 	8232 	8401 	8690 	9683 	 
0 	2763 	2948 	4363 	4820 	5603 	7057 	9276 	 
0 	305 	1609 	2234 	2704 	4234 	5070 	6464 	6951 	8318 	8555 	9314 	9771 	 
0 	1581 	1765 	2457 	2659 	5514 	6012 	7614 	9385 	 
0 	1859 	2686 	2711 	3086 	3574 	3941 	5644 	6834 	8613 	 
0 	631 	1094 	2175 	3676 	4122 	4687 	7102 	7113 	7303 	8661 	 
0 	1056 	2765 	6974 	9127 	 
0 	176 	1869 	2049 	2222 	3154 	4729 	8587 	8589 	8824 	9003 	9744 	 
0 	1004 	2386 	2972 	4371 	4464 	5782 	7774 	9863 	9963 	 
0 	1365 	2207 	2455 	3596 	4075 	5363 	6241 	6424 	7183 	7414 	7928 	8492 	 
0 	939 	2237 	2707 	3685 	4464 	4840 	6812 	6953 	7218 	9152 	9913 	 
0 	361 	366 	1033 	1556 	2853 	2994 	4113 	7460 	7480 	8520 	 
0 	390 	964 	1563 	2272 	3238 	7324 	7359 	7498 	8406 	 
0 	2478 	2662 	2803 	3632 	5543 	5666 	5776 	6346 	7847 	8387 	8637 	9315 	 
0 	67 	2342 	3235 	4338 	6097 	6164 	6519 	6997 	7175 	7550 	8676 	9083 	9940 	 
0 	472 	909 	1103 	1250 	2779 	5452 	5598 	6950 	7083 	7474 	8531 	9078 	 
0 	1034 	1491 	2415 	3498 	3777 	4397 	5489 	5598 	6919 	7113 	9142 	 
0 	145 	174 	2055 	3811 	4115 	4593 	5019 	5109 	5223 	5694 	7894 	8587 	9946 	 
0 	2269 	2918 	6652 	 
0 	352 	2664 	2921 	3201 	3280 	7560 	8352 	8663 	8725 	 
0 	185 	1369 	1560 	2597 	2861 	4351 	6022 	6514 	7222 	9242 	 
0 	1386 	2086 	4857 	5498 	6360 	6703 	7040 	7852 	 
0 	1787 	2783 	4300 	5778 	7506 	8855 	9060 	9273 	 
0 	823 	1050 	1188 	5237 	8361 	9139 	 
0 	1232 	2956 	3156 	3732 	4037 	4368 	6753 	7115 	8178 	8602 	 
0 	1851 	2175 	2394 	2954 	4209 	6116 	8149 	8278 	8892 	8960 	 
0 	72 	2112 	2711 	2756 	3028 	3158 	3630 	3691 	3829 	3967 	4339 	4513 	5247 	5260 	6030 	6996 	8691 	9636 	9774 	 
0 	3549 	3661 	4174 	4429 	5238 	6932 	7731 	8044 	8081 	8686 	8905 	9318 	9632 	 
0 	689 	744 	3114 	4188 	5314 	7018 	8132 	 
0 	276 	360 	2422 	5652 	7529 	7620 	8518 	9205 	9401 	9652 	 
0 	133 	146 	274 	998 	1391 	2840 	2916 	4825 	5593 	6957 	7307 	8091 	9345 	9913 	 
0 	1088 	1252 	1311 	2098 	2677 	3186 	3396 	3912 	4819 	4932 	5726 	5801 	6157 	 
0 	652 	1082 	2404 	2770 	3301 	4456 	5392 	6519 	6915 	7263 	7276 	7793 	9802 	 
0 	1240 	3349 	4478 	4730 	5040 	5382 	6320 	6474 	6982 	7139 	9746 	9907 	 
0 	3 	644 	1080 	1582 	1913 	2474 	2602 	3404 	3690 	3840 	4430 	5832 	5870 	6127 	6328 	6415 	7783 	9515 	 
0 	239 	3038 	4097 	4756 	4968 	5835 	6655 	7100 	7331 	 
0 	998 	1025 	1889 	3224 	4077 	4955 	7410 	8176 	 
0 	690 	2505 	3088 	5046 	5797 	7332 	7983 	8445 	 
0 	956 	1241 	1315 	1457 	3851 	6084 	6342 	8342 	 
0 	124 	222 	276 	344 	1246 	1591 	1703 	1983 	2345 	3786 	4855 	5686 	5866 	6421 	6569 	6597 	6671 	7725 	8043 	8287 	9665 	 
0 	1195 	1865 	1930 	2704 	2754 	5416 	5570 	6829 	7600 	 
0 	2340 	2785 	3120 	3839 	4296 	4304 	4552 	4680 	5842 	7244 	7433 	7634 	8360 	 
0 	2445 	2723 	2768 	3061 	4546 	7554 	7980 	7981 	8151 	9007 	 
0 	1581 	1876 	2367 	2450 	2673 	3341 	5313 	8687 	9122 	 
0 	9 	1016 	2261 	5362 	7486 	8435 	9399 	9640 	 
0 	1218 	1501 	3268 	7070 	7297 	7363 	8133 	9421 	9653 	 
0 	1253 	4214 	9697 	 
0 	385 	1247 	1477 	2587 	2846 	5028 	5893 	6368 	8810 	9745 	 
0 	42 	327 	833 	884 	1419 	2125 	3668 	4742 	5576 	6862 	7144 	8781 	9232 	 
0 	778 	1391 	1922 	2516 	3427 	5516 	6964 	7556 	8493 	 
0 	120 	4160 	4376 	4418 	5671 	6132 	6156 	7491 	8282 	8904 	9244 	9848 	 
0 	408 	2668 	6039 	6172 	6945 	7623 	 
0 	2158 	2275 	2566 	4529 	4728 	4906 	5646 	5776 	6099 	7544 	8434 	8966 	9873 	 
0 	3050 	4295 	6745 	 
0 	831 	4104 	4969 	5489 	6432 	6589 	7929 	 
0 	2402 	2566 	3008 	4076 	4569 	5066 	6623 	6765 	8135 	8229 	8345 	 
0 	525 	540 	3949 	6488 	6761 	9617 	 
0 	278 	1975 	2324 	3398 	4398 	5997 	6057 	7136 	8073 	8134 	 
0 	306 	812 	1148 	1602 	1693 	2814 	3069 	4565 	4692 	4794 	6707 	6727 	9489 	 
0 	87 	2297 	4666 	5829 	5833 	6362 	7524 	8341 	8346 	8407 	8799 	 
0 	1386 	2998 	3583 	5077 	6778 	6812 	8233 	8509 	9750 	 
0 	38 	228 	431 	2214 	2267 	2407 	3606 	4144 	4277 	4829 	5201 	6593 	7111 	7945 	8168 	8434 	8756 	 
0 	2322 	2930 	3502 	4840 	5892 	6459 	6962 	8616 	9584 	9708 	 
0 	849 	1056 	3527 	3669 	3837 	5453 	7390 	7431 	7702 	 
0 	454 	1268 	3523 	3543 	3683 	6322 	6933 	7271 	9198 	9528 	 
0 	1736 	2043 	2747 	2837 	2973 	3145 	5221 	5438 	7137 	7358 	8667 	 
0 	22 	883 	1477 	2811 	4710 	7605 	8887 	9921 	 
0 	430 	1195 	1654 	1983 	3488 	3647 	5644 	5877 	6582 	7593 	8029 	 
0 	1075 	1274 	1734 	2173 	2449 	4909 	6039 	7570 	8330 	9152 	9535 	9557 	 
0 	867 	3383 	3470 	4133 	5267 	6805 	7505 	9864 	 
0 	6 	994 	1746 	2100 	2809 	3115 	3276 	5112 	5282 	7492 	7558 	7885 	8885 	9547 	 
0 	296 	463 	1020 	1323 	2184 	2518 	2892 	3208 	4300 	4479 	5017 	6473 	8362 	8766 	 
0 	4451 	7101 	8114 	9209 	9873 	 
0 	3347 	5961 	6202 	7763 	8216 	8890 	9965 	 
0 	1908 	3354 	6151 	7790 	9956 	 
0 	542 	660 	1511 	3263 	5374 	6510 	6778 	 
0 	4 	105 	1630 	2047 	2632 	3351 	6991 	 
0 	3 	103 	883 	4724 	5127 	5274 	6209 	7811 	7914 	9585 	9905 	 
0 	3554 	4276 	4443 	5931 	6461 	6932 	7337 	8248 	9848 	9858 	 
0 	144 	1752 	1820 	1878 	2686 	4096 	4815 	5509 	5778 	5945 	6092 	9684 	 
0 	2414 	2822 	3669 	4504 	4808 	5767 	6392 	6595 	6623 	6935 	7469 	9413 	 
0 	954 	2064 	2676 	3708 	5035 	6344 	6769 	7865 	8735 	9924 	 
0 	84 	2680 	3603 	5263 	5535 	7834 	8083 	8344 	8377 	8999 	 
0 	23 	1249 	1569 	1726 	2199 	2367 	3212 	3333 	5152 	5558 	5651 	5922 	6311 	7727 	7973 	 
0 	2326 	2366 	3436 	6541 	6621 	6795 	8728 	9516 	 
0 	130 	3248 	3318 	4451 	5312 	5887 	6527 	6547 	6836 	7430 	7965 	8553 	8776 	9629 	 
0 	55 	197 	298 	610 	1084 	2072 	3247 	3716 	4449 	5130 	7229 	8818 	9869 	 
0 	95 	741 	2108 	3925 	4865 	6258 	6361 	7165 	7457 	7481 	7617 	7909 	8036 	8471 	8660 	8794 	 
0 	2692 	5742 	6101 	6571 	7486 	7538 	7846 	8986 	9080 	 
0 	1261 	1735 	4577 	5847 	6316 	7031 	7242 	9548 	 
0 	874 	2160 	3096 	3109 	5713 	6200 	8001 	8371 	9583 	9666 	 
0 	664 	795 	1206 	1225 	1860 	3093 	3466 	3673 	4054 	4528 	4802 	6312 	6546 	7388 	8632 	 
0 	246 	939 	1854 	5326 	8693 	9244 	9449 	 
0 	1043 	4361 	4609 	5493 	5623 	5865 	6124 	8663 	9950 	 
0 	52 	115 	2273 	2716 	4477 	6546 	7088 	7483 	7619 	9860 	 
0 	701 	4573 	5064 	6673 	6739 	6947 	7544 	7698 	8002 	9042 	 
0 	50 	271 	1587 	4820 	5203 	5232 	7317 	7821 	7847 	8753 	8970 	9185 	 
0 	196 	968 	1786 	3639 	4239 	4343 	6520 	8107 	8465 	9283 	 
0 	449 	609 	1192 	1506 	1971 	2871 	2953 	3634 	4565 	4824 	6206 	8247 	9889 	 
0 	81 	574 	1666 	2247 	2692 	5852 	6970 	6988 	8796 	9268 	9592 	9829 	 
0 	206 	1930 	4060 	4234 	4291 	5115 	5707 	5945 	6422 	6572 	6847 	7731 	8303 	 
0 	2615 	3063 	3270 	4305 	4696 	4943 	4997 	5792 	7186 	7286 	7874 	7883 	 
0 	1706 	2452 	4518 	5255 	6116 	7363 	8709 	 
0 	124 	443 	2291 	2864 	3063 	3762 	5234 	7312 	8716 	 
0 	568 	2582 	5406 	5843 	6523 	7013 	 
0 	634 	2441 	2562 	2796 	3468 	3682 	3862 	4123 	4891 	4939 	7000 	 
0 	244 	404 	565 	3372 	3959 	4250 	5035 	6536 	6808 	6895 	7310 	8541 	9016 	 
0 	2008 	2274 	2748 	3622 	4201 	6396 	9780 	 
0 	1540 	2190 	3528 	5012 	7185 	8778 	 
0 	702 	910 	3513 	4385 	4571 	4895 	5528 	6231 	6452 	7008 	7783 	9248 	 
0 	308 	998 	1486 	2072 	2157 	2657 	2845 	3166 	5833 	8497 	8499 	9250 	9941 	 
0 	1513 	1776 	2131 	2136 	2308 	2556 	2948 	4146 	4702 	6089 	6701 	7250 	7280 	8158 	8207 	 
0 	794 	4737 	5305 	5459 	5611 	5738 	7465 	7552 	8648 	9345 	 
0 	169 	1579 	2886 	3094 	3702 	5473 	5811 	6212 	9187 	9947 	 
0 	1068 	6220 	6287 	6912 	 
0 	2964 	4091 	4591 	5025 	5755 	6601 	7459 	8160 	8636 	8927 	9467 	9842 	 
0 	1161 	1557 	2574 	2642 	5687 	7671 	8419 	9135 	9263 	9902 	 
0 	566 	1390 	2228 	2791 	3855 	5607 	6571 	7649 	7783 	8606 	9075 	9087 	 
0 	156 	1771 	3044 	5419 	5501 	6273 	6944 	8264 	8455 	9074 	9295 	 
0 	218 	2338 	2428 	3229 	3312 	4633 	4916 	5440 	5930 	6691 	 
0 	2894 	3503 	3781 	3840 	5163 	5204 	6453 	6793 	7861 	8063 	8070 	9102 	9127 	9725 	 
0 	13 	520 	1714 	1989 	2315 	2623 	5473 	7526 	7529 	7908 	9871 	 
0 	3614 	3977 	6879 	9580 	9776 	 
0 	3123 	3197 	3880 	4168 	4601 	5841 	7197 	7546 	8698 	9509 	9642 	9737 	 
0 	325 	2344 	4306 	5693 	5900 	6459 	6643 	7094 	8403 	8803 	 
0 	12 	2656 	3092 	5984 	6185 	 
0 	90 	934 	1311 	1470 	1633 	1838 	1932 	1977 	2916 	3186 	3868 	4508 	6332 	7054 	7257 	7416 	7457 	9539 	9725 	9890 	 
0 	846 	4697 	4799 	6190 	6446 	7067 	7207 	8660 	9083 	9180 	 
0 	168 	715 	1377 	1408 	1647 	2769 	3957 	5209 	6138 	6500 	6813 	8040 	8047 	9227 	9537 	9690 	9844 	 
0 	606 	778 	1156 	3047 	3278 	3838 	6364 	6515 	6566 	6831 	7030 	7043 	7461 	7935 	8771 	9060 	 
0 	233 	601 	801 	1104 	1505 	2843 	3763 	6124 	6390 	6596 	6624 	7587 	7859 	9860 	 
0 	553 	841 	2126 	2363 	6054 	6064 	7545 	8154 	9107 	 
0 	204 	1631 	2299 	2862 	3280 	7358 	8109 	9150 	9774 	 
0 	1052 	1424 	1914 	2172 	3748 	3752 	4921 	9004 	 
0 	904 	959 	1216 	3358 	5312 	8097 	8767 	8839 	9130 	9240 	9325 	 
0 	1834 	3518 	4767 	7068 	7177 	7897 	8240 	 
0 	287 	664 	1103 	3375 	3664 	3791 	4397 	6299 	7973 	8495 	 
0 	47 	786 	1291 	2729 	3450 	4012 	6852 	7190 	7316 	7549 	8324 	9223 	 
0 	304 	1081 	2601 	4406 	4856 	7181 	7311 	7587 	 
0 	167 	2312 	4072 	6438 	8173 	8903 	 
0 	1498 	1948 	3641 	3824 	5008 	5329 	5593 	7581 	8483 	8786 	 
0 	712 	1348 	2548 	4153 	6142 	6891 	7571 	8250 	8742 	8879 	 
0 	2862 	4470 	4672 	5231 	5703 	5922 	6612 	6938 	7830 	9429 	9775 	 
0 	3293 	5716 	6201 	6437 	7152 	7927 	8758 	9039 	9064 	9158 	9397 	 
0 	355 	532 	2041 	6827 	6917 	7236 	8226 	 
0 	1014 	2402 	3909 	4067 	4237 	4565 	5947 	6193 	9785 	 
0 	2032 	2201 	3881 	5669 	7044 	8149 	8548 	9684 	 
0 	2991 	4236 	4365 	4900 	4910 	5912 	7569 	8705 	9008 	 
0 	917 	3322 	3681 	4287 	4504 	4733 	5646 	7168 	7183 	7626 	8065 	 
0 	738 	4787 	5397 	5663 	7546 	9321 	 
0 	783 	1771 	2486 	7235 	 
0 	652 	1877 	2840 	3704 	3986 	7097 	8645 	8877 	9734 	9960 	 
0 	3728 	4728 	4959 	7871 	8315 	8368 	8579 	 
0 	2018 	2266 	4891 	5436 	6684 	7898 	9662 	 
0 	671 	983 	4343 	4408 	5233 	6611 	8635 	 
0 	764 	940 	1412 	1528 	3229 	5991 	6279 	6644 	7543 	9175 	9285 	9936 	 
0 	1947 	2166 	2670 	3569 	4320 	4765 	5894 	7302 	7420 	7829 	9034 	 
0 	1561 	3299 	3798 	3809 	4212 	4886 	5428 	7312 	8614 	9160 	 
0 	537 	892 	1112 	2388 	3352 	3656 	4971 	6368 	7484 	8609 	9871 	 
0 	2463 	2941 	3044 	3095 	3764 	4750 	6816 	6930 	6938 	7330 	7496 	9022 	9038 	9345 	 
0 	1160 	2951 	3132 	3889 	4821 	7383 	8311 	9594 	 
0 	167 	1860 	2529 	3499 	5381 	7365 	8912 	9224 	 
0 	471 	653 	871 	1036 	1458 	1969 	2325 	2798 	2846 	5076 	6930 	7238 	7476 	7535 	8396 	8462 	8865 	8904 	 
0 	702 	1043 	1332 	1709 	1710 	2672 	2941 	3510 	5096 	5443 	5508 	6027 	7844 	8063 	8462 	9430 	9905 	 
0 	529 	1781 	2187 	2546 	3411 	3607 	4432 	4888 	4977 	5115 	5289 	6258 	7089 	8793 	9222 	9369 	9416 	9439 	 
0 	259 	542 	3026 	3756 	4099 	5961 	7563 	9413 	9582 	 
0 	920 	2351 	3172 	3617 	3851 	5430 	7863 	9263 	9519 	 
0 	2326 	3988 	4409 	5808 	6456 	9854 	 
0 	1000 	2708 	2915 	3659 	4538 	4620 	4852 	5099 	5328 	5506 	6137 	6389 	8330 	9245 	9669 	9739 	9779 	 
0 	2385 	2950 	3721 	4249 	4938 	4978 	6559 	7080 	7530 	7724 	8264 	9013 	 
0 	1010 	1710 	2267 	2513 	3535 	7045 	7447 	7608 	7872 	8439 	9730 	9951 	 
0 	423 	613 	1012 	2704 	2849 	3326 	4095 	4417 	4985 	6627 	7822 	8382 	9199 	 
0 	498 	890 	2292 	2911 	3260 	3985 	3991 	7674 	7967 	8030 	8968 	 
0 	221 	501 	809 	2909 	3430 	4378 	4529 	4692 	5744 	6499 	8092 	8411 	8785 	8936 	9241 	9850 	 
0 	161 	2286 	3347 	4112 	5568 	7917 	8218 	8516 	 
0 	60 	1506 	2209 	2658 	3231 	3681 	4276 	5654 	 
0 	283 	1094 	1739 	3285 	6699 	6792 	9036 	 
0 	333 	1905 	1948 	3845 	5929 	6313 	6402 	6532 	6534 	6692 	7984 	8049 	8125 	9558 	 
0 	44 	580 	1835 	3254 	3318 	3684 	4291 	5387 	5986 	6593 	8307 	8553 	 
0 	675 	977 	4522 	5021 	5252 	5704 	8106 	8129 	8211 	8636 	9300 	 
0 	523 	1024 	1972 	2215 	2442 	3818 	4638 	5627 	7613 	9697 	 
0 	318 	2203 	2899 	4452 	5231 	8199 	8366 	8834 	 
0 	1083 	2546 	3611 	4171 	4251 	6868 	7096 	7153 	7426 	9253 	9408 	 
0 	1899 	5531 	5865 	7964 	9072 	 
0 	3436 	6919 	8779 	9232 	9793 	 
0 	160 	625 	2033 	3526 	3626 	3857 	4088 	4446 	5907 	7531 	8071 	9918 	 
0 	106 	608 	3359 	5779 	6249 	6613 	7402 	7677 	7802 	8650 	 
0 	1707 	3922 	3969 	4460 	4807 	5234 	5942 	7890 	8356 	8731 	9540 	 
0 	257 	1774 	3167 	4202 	5332 	6106 	6914 	7627 	8998 	 
0 	68 	965 	3195 	4268 	4979 	5895 	7828 	8245 	8867 	9073 	9357 	9436 	9438 	9712 	 
0 	1119 	1227 	6450 	7052 	7389 	7635 	7873 	8950 	9659 	9736 	 
0 	39 	301 	1290 	1383 	2260 	2317 	4494 	5699 	6232 	6303 	9118 	 
0 	329 	853 	2155 	7276 	7595 	8813 	9149 	 
0 	6094 	7225 	8122 	 
0 	1075 	1244 	1395 	2715 	3585 	7800 	8623 	9867 	 
0 	1461 	1975 	2146 	2296 	3186 	3779 	4245 	4258 	6134 	 
0 	81 	883 	1118 	6174 	6760 	6823 	7827 	9518 	 
0 	775 	1502 	1541 	1764 	2926 	3223 	3301 	7146 	7331 	8059 	8227 	8365 	8409 	8630 	8701 	9001 	9202 	9400 	9510 	 
0 	205 	2167 	5314 	6047 	8787 	 
0 	1637 	2281 	3730 	6170 	6755 	6804 	7250 	9998 	 
0 	2139 	2156 	2752 	4217 	4362 	6512 	8684 	9005 	9083 	 
0 	130 	3137 	5163 	5628 	5807 	7242 	8264 	 
0 	1458 	1632 	2072 	2981 	3192 	4351 	5821 	5990 	8272 	8783 	8901 	9362 	 
0 	255 	426 	644 	2433 	2837 	4594 	7219 	7841 	8556 	8651 	 
0 	4957 	5295 	5452 	6487 	7170 	7735 	7974 	8942 	9206 	9649 	 
0 	515 	2744 	4774 	4821 	5065 	5373 	5743 	5833 	6185 	7549 	7569 	8122 	8425 	9237 	 
0 	499 	3021 	5150 	5218 	6578 	7184 	8632 	 
0 	211 	1806 	3063 	4181 	6464 	7322 	8302 	8617 	9670 	 
0 	4319 	4761 	5317 	6320 	7166 	7458 	 
0 	60 	1693 	3643 	3655 	4033 	5057 	5881 	5998 	7135 	7568 	7912 	8739 	9289 	9719 	 
0 	241 	1249 	1640 	1659 	1859 	2128 	2152 	2910 	2927 	3324 	3720 	5829 	6005 	6965 	9088 	9272 	9930 	 
0 	1250 	2017 	2195 	4493 	5308 	5577 	5641 	7901 	9034 	 
0 	897 	924 	2085 	2958 	3052 	3809 	3925 	4609 	4924 	8268 	8837 	9310 	9572 	 
0 	436 	2251 	3657 	4797 	5376 	5741 	6788 	 
0 	624 	767 	1864 	3407 	3944 	4975 	5773 	5779 	6241 	6511 	6871 	9546 	 
0 	1597 	2827 	4046 	4290 	4435 	7024 	8602 	 
0 	3601 	5613 	6896 	8390 	8974 	9601 	9900 	 
0 	989 	2912 	3005 	3526 	3751 	4245 	5202 	5542 	8803 	9104 	 
0 	837 	1077 	1107 	3593 	8933 	9403 	 
0 	1086 	1190 	3328 	3387 	3981 	4379 	7083 	7449 	7546 	8503 	9355 	9583 	 
0 	1030 	2139 	2750 	2917 	4850 	8405 	 
0 	1763 	4471 	4929 	5068 	5080 	5419 	5610 	7763 	9355 	 
0 	46 	1724 	2320 	3921 	4099 	5745 	6036 	7190 	7769 	8398 	 
0 	325 	1816 	2021 	3398 	3445 	3560 	6440 	7568 	8382 	8814 	8845 	 
0 	434 	1150 	2006 	2165 	3897 	7111 	7270 	8172 	9003 	9981 	 
0 	1793 	3202 	3672 	3895 	5216 	5447 	6095 	7012 	7575 	7624 	8408 	9166 	9828 	9944 	 
0 	1304 	2849 	3090 	3341 	7330 	9433 	 
0 	970 	2853 	3093 	3221 	3905 	4038 	4117 	5747 	6125 	8551 	 
0 	454 	556 	1996 	3455 	3749 	4420 	5567 	6641 	8574 	 
0 	3197 	3303 	4959 	4976 	5413 	6968 	7035 	7712 	8917 	 
0 	125 	253 	1622 	1636 	2453 	2517 	3292 	3369 	5195 	5934 	6889 	7684 	9066 	 
0 	833 	3491 	3702 	3811 	3908 	3934 	4407 	4570 	4638 	5914 	8930 	 
0 	553 	737 	2771 	2795 	3125 	3930 	5857 	7788 	8698 	8867 	9649 	 
0 	1152 	2050 	2332 	3699 	7063 	9898 	 
0 	1722 	2166 	2513 	2696 	6582 	6669 	6760 	6903 	7339 	8554 	8987 	9145 	 
0 	467 	530 	2354 	4356 	5613 	6074 	6508 	9226 	9385 	9516 	 
0 	817 	984 	1972 	1977 	2278 	3459 	3539 	3739 	4160 	5404 	5460 	7191 	7701 	8022 	8528 	9624 	 
0 	384 	779 	780 	918 	3813 	4659 	5133 	5184 	5611 	6534 	8094 	8128 	9566 	 
0 	582 	3557 	5201 	5898 	7058 	8610 	9113 	9911 	 
0 	1069 	1919 	4094 	5569 	6069 	7547 	7645 	8206 	9352 	 
0 	842 	8249 	 
0 	1787 	2730 	3166 	3191 	5945 	8408 	8909 	9033 	9377 	9688 	 
0 	482 	1281 	1329 	1525 	1589 	2656 	4833 	5462 	6302 	6772 	7147 	8325 	8546 	9277 	9523 	 
0 	1084 	1128 	2777 	3389 	5096 	6638 	8098 	8483 	8979 	 
0 	731 	1226 	1439 	3451 	8232 	 
0 	1025 	1394 	2086 	2788 	3228 	4085 	5471 	6796 	7099 	7242 	8831 	 
0 	555 	1342 	1948 	2444 	5187 	6100 	6232 	7346 	8258 	 
0 	3197 	3892 	5280 	6221 	8455 	9218 	 
0 	856 	1797 	2090 	2977 	4006 	4083 	4787 	5273 	5351 	5970 	7072 	7228 	7669 	8079 	8266 	8764 	 
0 	394 	757 	843 	3242 	4307 	4908 	5053 	5515 	6787 	7168 	7769 	 
0 	1330 	2681 	3073 	3116 	3883 	5254 	5847 	6523 	7441 	8305 	8813 	9569 	 
0 	850 	860 	2843 	6168 	7457 	7618 	7752 	7849 	8815 	 
0 	1893 	1936 	1945 	2578 	2922 	4414 	4704 	6393 	6711 	7141 	9123 	 
0 	259 	847 	2690 	5988 	6180 	7387 	9009 	9836 	 
0 	235 	282 	368 	2714 	3125 	3329 	3516 	4183 	5058 	5230 	5295 	5606 	 
0 	138 	2784 	5223 	6740 	8507 	9108 	 
0 	167 	193 	1106 	1462 	4640 	4916 	5443 	9091 	9829 	 
0 	624 	708 	2906 	3326 	3373 	4964 	5285 	7103 	8795 	9973 	 
0 	348 	536 	720 	1235 	1850 	2180 	3202 	3707 	4500 	6306 	8909 	9035 	9463 	 
0 	3652 	5043 	6465 	9441 	 
0 	2032 	6257 	6895 	8252 	9091 	9488 	 
0 	4336 	4420 	5803 	7153 	8462 	 
0 	2150 	2680 	4063 	4683 	5063 	5904 	5944 	7162 	7829 	8452 	8794 	9057 	 
0 	740 	1145 	1275 	1649 	1781 	2145 	2447 	2465 	3908 	3965 	4014 	4141 	6123 	6584 	7573 	8450 	9129 	9325 	9456 	 
0 	30 	1113 	1115 	3728 	5421 	9082 	 
0 	361 	1731 	2424 	3141 	3604 	5988 	6221 	6226 	7674 	 
0 	781 	839 	928 	2671 	3850 	4213 	5709 	6689 	6833 	6878 	7016 	8123 	9853 	 
0 	488 	1260 	3575 	4105 	5162 	5459 	5891 	6743 	7064 	7758 	7764 	9058 	 
0 	1347 	1371 	3524 	4294 	4944 	5778 	6874 	 
0 	2743 	2809 	5018 	5899 	6875 	8857 	9009 	9067 	9561 	 
0 	917 	1162 	1876 	2211 	3428 	7180 	8077 	 
0 	2282 	7145 	8938 	9790 	 
0 	788 	3000 	4095 	4519 	5523 	7624 	9662 	9754 	 
0 	1224 	2394 	4065 	4146 	5775 	5980 	8035 	 
0 	208 	2241 	4421 	5611 	6394 	 
0 	285 	347 	2737 	3274 	4022 	4503 	6866 	8085 	8856 	9281 	 
0 	359 	1989 	2716 	3828 	4462 	5099 	8045 	8087 	8808 	9473 	9911 	 
0 	270 	625 	1877 	2111 	2965 	3034 	3049 	3197 	3253 	3328 	3344 	3366 	3832 	4176 	7252 	7485 	8294 	9655 	9735 	 
0 	439 	1041 	4357 	5671 	6239 	9047 	9734 	 
0 	461 	657 	1601 	1603 	2388 	3807 	6884 	8194 	9103 	 
0 	4 	466 	980 	3268 	4350 	4940 	5181 	7300 	8567 	9554 	 
0 	469 	1588 	3234 	3463 	3469 	3982 	4737 	5337 	8825 	9192 	9538 	 
0 	206 	1388 	1572 	2641 	3587 	4869 	5956 	7707 	7965 	8068 	9535 	 
0 	189 	446 	1758 	2052 	2131 	2335 	2338 	3069 	3291 	3363 	4727 	7868 	8070 	8638 	8969 	9528 	9639 	 
0 	218 	261 	284 	347 	942 	1104 	1349 	3232 	3499 	3720 	4221 	4831 	5336 	6433 	7868 	8041 	8103 	9299 	 
0 	634 	1118 	1130 	1437 	3696 	4495 	7666 	8379 	9144 	 
0 	2891 	3384 	4603 	4689 	6143 	7276 	8394 	8577 	9191 	9783 	 
0 	3021 	3138 	3458 	4440 	5078 	5192 	5495 	6388 	7790 	 
0 	533 	4717 	5476 	5971 	6888 	8018 	8292 	 
0 	3104 	3136 	3309 	3933 	4002 	5170 	5447 	5889 	6150 	 
0 	252 	541 	813 	1600 	3695 	5395 	6115 	7643 	7905 	7907 	8334 	8535 	8940 	9517 	9781 	 
0 	234 	805 	2399 	2999 	4075 	4734 	4854 	5013 	5061 	5521 	8317 	8415 	8859 	9020 	9716 	 
0 	274 	859 	3288 	3519 	4723 	5083 	6601 	6814 	7377 	9501 	9737 	 
0 	1046 	1440 	3298 	3319 	3556 	3635 	3943 	4607 	6640 	7468 	8546 	8714 	9077 	 
0 	2003 	2048 	3124 	3901 	6096 	8394 	8686 	9101 	 
0 	881 	1111 	1317 	2535 	2637 	2928 	3569 	3995 	4960 	6259 	6394 	6519 	7187 	9077 	9537 	9881 	 
0 	584 	849 	1548 	1878 	3427 	4136 	4484 	6169 	7177 	9079 	 
0 	1171 	2701 	3129 	3491 	3696 	6337 	6630 	7359 	8293 	8963 	9491 	9651 	9884 	 
0 	725 	1761 	3697 	3939 	5173 	6392 	6745 	6768 	7607 	7688 	8134 	8248 	 
0 	1249 	1626 	1700 	2387 	3574 	3824 	4847 	6150 	6158 	9072 	9335 	 
0 	51 	332 	1196 	3025 	3568 	4120 	4478 	4819 	5856 	6147 	6515 	6791 	8867 	9193 	 
0 	351 	4006 	4349 	5324 	7804 	7883 	9130 	9151 	 
0 	889 	1005 	2728 	2760 	4393 	5954 	6596 	7687 	7846 	8735 	 
0 	1230 	1768 	4502 	5800 	5979 	7369 	7446 	7481 	7747 	9387 	9929 	9938 	 
0 	49 	2330 	2669 	3275 	3795 	4431 	4713 	5106 	5210 	5281 	5744 	6953 	9433 	9920 	 
0 	91 	1124 	3746 	3859 	4146 	4223 	9171 	9444 	 
0 	1217 	2199 	4638 	5262 	5281 	7126 	 
0 	179 	3472 	4032 	4574 	4668 	9695 	 
0 	1114 	4697 	5417 	9375 	 
0 	367 	1372 	2201 	2673 	4017 	4250 	4891 	5061 	5595 	6720 	7790 	8146 	8172 	 
0 	868 	1604 	1784 	2094 	2180 	3490 	3510 	4631 	4735 	7648 	9066 	9442 	9445 	9566 	9914 	 
0 	508 	1820 	3256 	3476 	4511 	5063 	6039 	6429 	9615 	9867 	 
0 	283 	1412 	1854 	1858 	4657 	4974 	5002 	8835 	 
0 	1179 	1414 	4252 	4578 	5554 	5826 	7388 	7978 	8146 	9867 	 
0 	1837 	2042 	2303 	2612 	4345 	5532 	6413 	7020 	9790 	9934 	 
0 	1863 	2707 	3267 	3610 	4305 	7987 	8021 	 
0 	384 	1111 	1161 	3030 	3634 	4065 	5282 	6281 	9602 	9942 	 
0 	467 	4616 	4733 	4972 	5086 	5401 	6090 	7571 	8758 	 
0 	386 	2421 	2661 	3031 	3852 	4198 	4505 	5741 	7781 	 
0 	1528 	2166 	2317 	2736 	3567 	5027 	6917 	8484 	8974 	9769 	9944 	 
0 	283 	1960 	2151 	2632 	4101 	5243 	5615 	7300 	7702 	8916 	9850 	 
0 	384 	446 	534 	842 	1612 	4440 	6125 	6473 	7325 	9107 	9279 	 
0 	684 	4633 	4733 	8660 	8874 	 
0 	529 	1606 	2883 	3155 	3833 	4203 	5606 	6267 	6648 	7274 	7557 	8082 	 
0 	212 	341 	973 	2688 	3159 	3180 	4869 	5092 	6211 	6911 	7214 	9178 	9349 	9798 	 
0 	1160 	4690 	6543 	6964 	7201 	8046 	8317 	9831 	 
0 	129 	498 	1327 	1432 	1815 	1931 	4655 	5757 	5881 	5928 	6288 	6430 	7869 	9587 	 
0 	1137 	1207 	1986 	2056 	5574 	6161 	6518 	8563 	9659 	 
0 	3075 	3321 	3685 	3868 	4843 	6127 	6776 	6951 	8821 	9937 	 
0 	162 	429 	464 	661 	696 	2597 	4042 	6228 	6836 	7904 	9409 	9420 	 
0 	770 	784 	1000 	2257 	3430 	3433 	4167 	5582 	6206 	6848 	7443 	7835 	9362 	9627 	 
0 	65 	397 	586 	3837 	4618 	4795 	6022 	7260 	8306 	 
0 	603 	983 	1903 	2384 	2702 	3493 	4466 	4914 	4943 	6708 	6719 	6984 	7236 	8015 	9434 	 
0 	535 	929 	2741 	6216 	6480 	6619 	9237 	 
0 	873 	1332 	3118 	3162 	3539 	4140 	5076 	6021 	6486 	6805 	8272 	8440 	8465 	9079 	 
0 	1319 	1380 	1416 	2179 	3763 	4040 	4544 	4917 	6388 	7046 	8337 	8807 	8815 	9858 	 
0 	954 	1315 	2729 	4205 	5155 	5916 	6176 	8475 	8646 	8867 	9680 	9860 	 
0 	89 	408 	1482 	1875 	2882 	4773 	5188 	5554 	7544 	9813 	9852 	 
0 	41 	646 	1896 	3018 	3170 	3893 	3910 	4087 	4576 	4869 	7273 	7594 	9327 	 
0 	202 	1094 	1469 	2108 	2923 	6232 	8640 	9538 	9959 	 
0 	2044 	2404 	3254 	3525 	5017 	5688 	6083 	6458 	7249 	8357 	 
0 	933 	1077 	2035 	3332 	3636 	4155 	4925 	5243 	5766 	6845 	6868 	7554 	8745 	8967 	9289 	9324 	9766 	 
0 	1415 	2009 	2627 	3439 	3540 	3887 	3921 	4961 	5006 	6214 	6518 	6725 	6969 	7705 	 
0 	4176 	4258 	5121 	5237 	5386 	8005 	 
0 	1705 	2625 	3146 	4278 	6403 	6606 	9111 	9172 	9503 	 
0 	1355 	3895 	5274 	5711 	7041 	8905 	9088 	9185 	9215 	9508 	 
0 	551 	1647 	1777 	1940 	2691 	2889 	4524 	7003 	7295 	9882 	 
0 	34 	4045 	4337 	4748 	5490 	6123 	6988 	7328 	7731 	7936 	8220 	8495 	9604 	 
0 	847 	4001 	4029 	4071 	7405 	9018 	9694 	 
0 	116 	2359 	2603 	3600 	3665 	7710 	 
0 	208 	505 	1420 	1684 	2073 	3821 	5103 	5387 	5477 	9495 	9558 	 
0 	193 	3710 	3809 	4326 	4640 	4930 	5043 	5216 	5677 	6275 	7814 	8381 	8647 	 
0 	1438 	2142 	5257 	5759 	6247 	7500 	8037 	8700 	8878 	9968 	 
0 	117 	237 	408 	4795 	5772 	6173 	6189 	7958 	9103 	 
0 	710 	839 	1126 	2023 	2578 	2685 	3295 	3921 	4109 	4437 	5386 	5415 	6239 	8439 	9119 	 
0 	1144 	1662 	1684 	3390 	3974 	6373 	6375 	7019 	7343 	9241 	9489 	 
0 	1128 	1202 	2892 	3065 	3950 	8410 	9392 	9558 	 
0 	155 	1893 	3629 	3946 	4418 	4685 	5664 	6512 	6707 	7817 	8091 	 
0 	104 	1280 	2034 	2202 	2565 	5976 	6048 	6084 	6134 	6846 	9188 	9469 	9491 	9931 	 
0 	468 	1753 	2399 	3630 	5081 	6010 	8669 	 
0 	2879 	4760 	5446 	6350 	6831 	7213 	9882 	 
0 	701 	1005 	1609 	2018 	2849 	4320 	4485 	6381 	7607 	7998 	8789 	9843 	 
0 	2841 	5013 	7411 	7688 	8891 	9347 	9705 	9885 	 
0 	79 	2802 	4204 	5488 	5504 	5891 	5989 	6049 	6499 	6594 	9106 	 
0 	3446 	3525 	6461 	9478 	 
0 	1235 	2113 	2228 	4379 	6222 	6712 	7270 	7526 	7723 	8739 	8943 	9144 	9201 	 
0 	538 	1303 	3871 	4076 	6529 	8548 	9323 	9693 	9887 	 
0 	102 	334 	733 	2249 	3123 	3310 	3660 	4272 	6361 	7124 	7574 	7797 	8517 	9409 	 
0 	251 	1150 	3506 	4309 	4638 	6842 	7045 	7261 	7376 	7719 	 
0 	113 	2024 	2053 	3447 	3739 	3811 	5087 	5508 	 
0 	920 	1774 	3464 	4962 	5985 	7070 	7412 	9661 	 
0 	292 	2820 	3400 	4310 	5541 	5709 	8436 	8900 	8901 	 
0 	43 	964 	1068 	1382 	1514 	1662 	3726 	4312 	4555 	4965 	5092 	5360 	6335 	7161 	7881 	 
0 	537 	738 	1083 	1761 	2408 	2525 	3664 	3779 	4544 	4749 	5423 	6535 	7528 	8557 	8657 	 
0 	655 	1586 	1976 	2393 	2928 	5038 	5212 	6774 	8838 	 
0 	437 	1583 	2138 	2182 	2458 	3190 	3315 	4334 	4549 	5863 	6114 	6703 	7114 	7117 	7907 	9608 	 
0 	304 	511 	1783 	2286 	5085 	5103 	6084 	6254 	7174 	8039 	8130 	8471 	9784 	 
0 	1098 	1194 	3863 	8677 	9140 	 
0 	1784 	2224 	2601 	4652 	5385 	6796 	7952 	8735 	9142 	9744 	 
0 	1326 	1610 	2296 	3194 	4133 	4781 	7084 	8061 	8353 	 
0 	512 	1730 	3358 	3756 	4227 	4425 	5240 	5514 	5808 	6378 	6695 	6927 	7330 	7553 	8379 	9424 	 
0 	422 	1315 	1648 	2302 	2839 	4252 	4643 	7875 	9324 	 
0 	289 	368 	715 	1255 	4488 	6529 	7262 	7960 	9343 	9626 	 
0 	347 	2275 	3300 	4122 	4126 	4856 	5597 	5765 	7309 	8178 	9721 	9778 	 
0 	1487 	2239 	2283 	2689 	2841 	3581 	5111 	8011 	8829 	9057 	 
0 	2334 	2712 	3879 	5125 	5657 	5903 	6666 	7826 	8577 	9100 	9431 	9660 	 
0 	1063 	1854 	1905 	2587 	3483 	5090 	6163 	6327 	7775 	7821 	9175 	 
0 	2439 	3717 	3765 	4037 	4106 	4297 	4654 	5808 	5911 	6794 	6933 	9929 	 
0 	1010 	1179 	2549 	3220 	3441 	4308 	4409 	5445 	9619 	9787 	 
0 	2446 	2809 	3510 	3583 	4176 	4641 	7191 	7775 	 
0 	2326 	2592 	3465 	3479 	4049 	4646 	6995 	7839 	8322 	9265 	9357 	9367 	 
0 	1610 	1957 	4730 	6560 	7096 	9762 	 
0 	2135 	2832 	3829 	4284 	9090 	9840 	 
0 	1660 	2364 	2816 	4300 	6296 	7767 	8237 	 
0 	2314 	3745 	4720 	5724 	6202 	6439 	6951 	7059 	8310 	8945 	9351 	 
0 	1282 	3605 	3642 	4266 	4285 	7154 	8131 	 
0 	531 	1480 	1944 	1978 	2045 	3026 	3328 	3729 	4822 	5022 	6545 	7477 	7700 	7941 	9396 	9818 	 
0 	329 	356 	2365 	2545 	3714 	4035 	4106 	4239 	5351 	6486 	6626 	6744 	8786 	9500 	9961 	 
0 	236 	1008 	1535 	1661 	1708 	2143 	2229 	2249 	2533 	3647 	6000 	6618 	7010 	7048 	7498 	7582 	 
0 	2701 	5522 	6023 	9096 	9170 	 
0 	1054 	1221 	2156 	4279 	4636 	6364 	6776 	8977 	9715 	 
0 	220 	500 	1518 	1523 	1760 	2975 	4679 	5744 	6293 	8093 	8785 	8888 	9894 	 
0 	999 	1802 	2238 	2637 	3061 	3481 	3483 	3737 	5075 	9749 	 
0 	1067 	1072 	2287 	2362 	4765 	4856 	5181 	5343 	5512 	5617 	5714 	8518 	9005 	9176 	 
0 	1273 	2986 	3174 	4182 	4975 	5005 	5474 	6478 	6848 	6892 	6980 	7143 	7736 	7877 	8009 	8051 	8207 	8373 	 
0 	2607 	2971 	3153 	6310 	6350 	6591 	6772 	7163 	7694 	8339 	8968 	9984 	 
0 	1375 	2667 	3232 	5385 	6844 	6918 	8789 	9528 	9661 	9841 	 
0 	555 	2223 	2536 	3455 	3563 	3732 	3770 	4077 	6474 	7047 	7707 	7978 	8143 	9009 	 
0 	633 	1638 	2023 	2103 	2629 	5493 	6439 	9663 	 
0 	402 	532 	2371 	2382 	3876 	4154 	5139 	5963 	7714 	8486 	8517 	8538 	8809 	9846 	 
0 	104 	371 	1313 	5879 	6323 	8449 	8501 	8915 	9487 	 
0 	174 	649 	1084 	1587 	1964 	5861 	6120 	6938 	 
0 	243 	1278 	2863 	3631 	4326 	4921 	5573 	7087 	7794 	7941 	8219 	9210 	9663 	 
0 	32 	223 	1690 	2517 	3279 	3306 	4137 	5441 	5687 	7608 	7672 	 
0 	2264 	3280 	3646 	4176 	7198 	7518 	8887 	 
0 	0 	763 	1503 	1673 	2807 	3750 	3951 	5208 	5871 	7238 	7731 	7758 	 
0 	271 	1047 	1424 	1437 	3099 	3323 	3631 	5287 	5345 	7577 	7769 	8301 	8822 	8972 	9211 	9652 	 
0 	2227 	3764 	3947 	4050 	4742 	5683 	5849 	6206 	6984 	8563 	 
0 	664 	2580 	2682 	3480 	4840 	7185 	9546 	 
0 	2615 	4965 	5438 	9796 	 
0 	811 	2163 	2789 	2935 	3801 	4381 	4457 	5957 	6369 	7758 	8809 	9699 	9701 	 
0 	1212 	1461 	1516 	2039 	2285 	2323 	2454 	3995 	5110 	5179 	6157 	6719 	7608 	8000 	8278 	9480 	 
0 	1714 	2735 	4698 	5427 	6653 	7814 	 
0 	2096 	2186 	4088 	6088 	8141 	9755 	 
0 	281 	399 	1072 	2293 	2598 	3103 	3522 	3812 	3867 	4684 	5701 	5969 	6020 	9705 	9769 	 
0 	1281 	1364 	1624 	2451 	3312 	3483 	5595 	5646 	7400 	7744 	8231 	 
0 	308 	370 	518 	751 	825 	1183 	1378 	3657 	5278 	6046 	 
0 	39 	197 	967 	3559 	6431 	7780 	7822 	8750 	9816 	 
0 	1475 	2287 	2309 	3127 	3666 	4897 	5061 	5960 	5999 	7052 	7159 	7172 	8011 	8810 	9005 	9476 	 
0 	501 	1610 	2668 	3078 	3902 	6611 	7773 	7883 	7967 	8547 	9431 	 
0 	4808 	 
0 	1098 	1764 	2130 	2537 	3661 	4158 	6786 	8244 	8269 	8642 	 
0 	964 	2477 	2788 	3612 	5027 	6917 	8102 	8968 	 
0 	636 	820 	1121 	2052 	2377 	2559 	2959 	4858 	5439 	6623 	8931 	9363 	9511 	 
0 	4023 	4557 	4753 	6830 	9522 	9736 	9791 	 
0 	430 	3789 	4248 	5480 	6763 	7836 	7856 	8603 	8762 	8809 	 
0 	239 	1482 	1585 	1924 	2755 	3712 	4696 	5362 	5832 	8619 	8662 	8686 	8706 	9317 	 
0 	614 	804 	2900 	2988 	3403 	3997 	4676 	4803 	5760 	6296 	6580 	7393 	8344 	8485 	9057 	9956 	 
0 	484 	1963 	4537 	4983 	5103 	5423 	5949 	6252 	6843 	6956 	7055 	7610 	7744 	7851 	8156 	9134 	 
0 	639 	667 	3882 	7147 	8666 	9634 	 
0 	2325 	4481 	4846 	5692 	5797 	5932 	7065 	7812 	7923 	8664 	9888 	 
0 	251 	590 	1850 	2805 	4740 	4882 	5320 	5357 	5367 	9514 	 
0 	109 	1625 	2741 	4804 	5111 	5755 	6517 	6873 	8030 	8207 	 
0 	2251 	3573 	3951 	5473 	5506 	5708 	6183 	6188 	8180 	8571 	9238 	 
0 	3210 	3357 	5352 	5868 	6978 	7415 	7682 	8673 	9371 	9835 	9871 	 
0 	1008 	1675 	2585 	2787 	3229 	4387 	6230 	8001 	8386 	8988 	9909 	 
0 	654 	947 	2420 	2619 	4909 	5912 	5936 	6191 	 
0 	1742 	2524 	3418 	6028 	6639 	7178 	8057 	8569 	9087 	9728 	 
0 	1047 	1097 	1232 	1602 	2144 	4454 	5774 	6182 	6766 	7678 	8707 	 
0 	287 	546 	3155 	3377 	3592 	4529 	4651 	5137 	5916 	6450 	6740 	8389 	9069 	9376 	9878 	 
0 	33 	1945 	3177 	3273 	3394 	3682 	4063 	5487 	6122 	7705 	8162 	9130 	9916 	 
0 	426 	546 	2036 	2740 	3364 	4618 	5722 	5816 	9037 	9298 	 
0 	554 	718 	1322 	1962 	2705 	2830 	2897 	4407 	6374 	6560 	7555 	7992 	8289 	9146 	9801 	 
0 	840 	2602 	4858 	5631 	6757 	7606 	8290 	9000 	9232 	 
0 	595 	1728 	2131 	2558 	5009 	5878 	7432 	 
0 	637 	1899 	3798 	3963 	4322 	4381 	5232 	6341 	6902 	7177 	7621 	7722 	9682 	9954 	 
0 	123 	149 	2779 	3049 	3382 	5345 	5631 	6467 	8287 	8314 	8466 	9985 	 
0 	27 	797 	1048 	1233 	1684 	2734 	4219 	4948 	5038 	5154 	5678 	5763 	5908 	9528 	9895 	 
0 	96 	1505 	2616 	2725 	3369 	3543 	7775 	7955 	8023 	8036 	9790 	 
0 	914 	3482 	4242 	4799 	5444 	5980 	8851 	8854 	8976 	 
0 	1859 	2093 	2552 	3962 	4468 	6328 	6510 	7324 	7730 	7917 	8370 	9259 	9326 	 
0 	365 	2488 	3027 	3080 	3100 	5330 	6144 	6497 	7164 	8848 	9096 	 
0 	311 	3520 	4328 	5960 	6300 	6402 	6421 	8065 	8142 	 
0 	811 	2268 	2971 	4956 	5788 	6334 	6758 	7264 	7587 	7589 	9325 	 
0 	604 	2057 	2348 	5039 	5639 	6579 	6834 	8642 	8954 	9546 	9632 	 
0 	151 	1060 	1487 	1951 	2390 	4154 	6187 	6513 	7185 	7313 	9755 	9962 	 
0 	114 	488 	850 	1067 	2791 	3858 	5420 	6061 	6162 	6540 	6854 	8688 	9055 	9653 	 
0 	861 	1224 	2503 	3126 	3622 	5166 	5700 	5713 	5874 	7242 	7369 	9084 	 
0 	471 	1163 	1215 	1641 	2937 	4017 	4148 	5273 	5495 	6426 	6650 	7478 	8851 	9380 	 
0 	1231 	1856 	2098 	2483 	3201 	3688 	4283 	5208 	6010 	7399 	8707 	 
0 	1986 	3019 	3269 	4101 	4350 	5169 	6086 	7677 	7935 	8409 	 
0 	198 	910 	2258 	2323 	2916 	4087 	4318 	5392 	8232 	9487 	 
0 	1621 	2119 	2719 	5394 	6370 	6474 	7695 	8132 	8344 	8720 	9161 	9694 	 
0 	356 	922 	1533 	2309 	3262 	3273 	3433 	5246 	8816 	 
0 	858 	1324 	1715 	2841 	3016 	4055 	4680 	5614 	6062 	6331 	6361 	7048 	8273 	9329 	9332 	9504 	9635 	 
0 	1823 	3818 	4449 	8271 	9768 	9797 	 
0 	1407 	3116 	5042 	7029 	7137 	7433 	 
0 	745 	2585 	5999 	6799 	7959 	8350 	9561 	9886 	 
0 	592 	3093 	3123 	3682 	4041 	5714 	6618 	7307 	7694 	8134 	8577 	9174 	9345 	9487 	9570 	9986 	 
0 	1245 	4352 	5999 	6788 	6827 	7806 	8205 	9193 	9212 	 
0 	141 	493 	815 	944 	1086 	1123 	2284 	3946 	4600 	4606 	6069 	6476 	6756 	7242 	8208 	8881 	 
0 	1954 	3277 	7797 	8183 	9759 	9855 	 
0 	1975 	2289 	2958 	5074 	5294 	6275 	7956 	 
0 	803 	1264 	1763 	3374 	3648 	4190 	4621 	5684 	5915 	8552 	9473 	 
0 	1029 	1744 	2989 	3037 	4304 	4952 	5731 	6666 	7565 	9869 	 
0 	258 	1327 	2278 	2325 	3008 	3265 	3834 	4389 	6718 	7485 	8744 	 
0 	131 	1554 	1853 	2096 	2411 	3862 	5270 	6034 	6592 	 
0 	1483 	2231 	2315 	3073 	4447 	7581 	7603 	7651 	 
0 	236 	326 	1136 	1908 	2126 	2515 	5492 	7545 	9124 	9707 	9996 	 
0 	296 	701 	1267 	2818 	3003 	4230 	5098 	7697 	8874 	 
0 	822 	1349 	1853 	3979 	4129 	4375 	5861 	8879 	9182 	9357 	 
0 	87 	1078 	1329 	2094 	4263 	4920 	5971 	9104 	 
0 	359 	1791 	4225 	4540 	6276 	8600 	 
0 	302 	2993 	3353 	6797 	7241 	7629 	7652 	8292 	9479 	9503 	 
0 	1692 	2526 	3777 	3961 	4678 	5086 	5248 	5341 	7282 	7375 	7662 	9670 	9831 	 
0 	37 	225 	722 	2146 	4937 	5263 	5337 	5458 	5684 	7192 	7616 	8218 	8456 	8988 	9601 	9895 	 
0 	234 	817 	2298 	2739 	3118 	3292 	4956 	7097 	7710 	8955 	9646 	9803 	 
0 	206 	4157 	5594 	7902 	9267 	9655 	 
0 	3391 	3423 	3900 	6619 	7286 	7400 	8142 	9611 	9779 	 
0 	302 	383 	1728 	1868 	1917 	2063 	3541 	5704 	6311 	7835 	8204 	8895 	8991 	9682 	 
0 	1306 	1797 	2305 	3345 	4510 	4559 	4767 	6342 	7229 	8142 	9219 	9521 	 
0 	133 	1371 	1705 	2538 	2910 	3996 	4540 	7012 	7443 	8387 	9544 	9647 	 
0 	415 	1195 	2110 	2324 	5008 	7803 	7986 	8437 	 
0 	3383 	4504 	5982 	6457 	6521 	7879 	8168 	8279 	9911 	 
0 	697 	825 	1418 	1843 	2728 	4642 	5413 	7106 	7537 	8724 	9990 	 
0 	357 	1173 	1356 	1606 	1697 	2249 	2528 	2715 	2995 	4410 	4595 	6267 	6458 	7787 	8514 	8732 	 
0 	2703 	3636 	3968 	4468 	6354 	6578 	6849 	7246 	7815 	8620 	9077 	9550 	 
0 	2864 	3143 	5401 	5518 	5543 	6662 	7990 	9468 	 
0 	977 	1060 	2400 	2749 	2862 	3451 	4171 	5319 	5870 	5919 	6750 	6811 	6982 	 
0 	789 	1308 	1412 	1849 	2009 	2210 	3693 	5789 	7805 	8166 	8202 	8750 	8890 	9680 	9745 	 
0 	525 	2150 	4492 	6233 	6524 	6624 	7259 	9117 	 
0 	798 	841 	2163 	3392 	4043 	4771 	5982 	6323 	8368 	 
0 	257 	857 	2515 	2865 	3974 	6470 	6484 	7044 	7057 	7231 	8988 	 
0 	367 	664 	715 	2388 	3304 	4534 	5627 	6996 	7143 	7527 	9547 	9899 	 
0 	67 	387 	693 	1507 	1920 	3043 	3129 	3273 	3717 	5329 	5913 	6013 	6331 	6362 	8504 	8626 	8974 	 
0 	997 	2445 	3048 	4698 	5434 	6800 	7207 	8005 	8229 	8765 	8850 	8948 	9992 	 
0 	608 	639 	3069 	3233 	4485 	6522 	7909 	8057 	9930 	 
0 	2229 	3487 	4793 	5474 	5767 	5988 	8048 	8566 	 
0 	276 	1698 	4334 	4865 	5036 	5261 	5429 	5782 	6696 	6801 	7963 	8124 	8661 	 
0 	1159 	1199 	1803 	2646 	2915 	3499 	3845 	4763 	5007 	5457 	5755 	5807 	6146 	6502 	6752 	7159 	7549 	8808 	9342 	 
0 	2041 	2296 	6368 	7087 	7185 	9352 	 
0 	466 	672 	1765 	1819 	3300 	5871 	7774 	 
0 	847 	1417 	2724 	4486 	4606 	5690 	6656 	7575 	7871 	8308 	8465 	9426 	 
0 	5 	3961 	7072 	 
0 	1303 	1769 	2698 	3733 	4754 	4898 	5376 	6148 	6327 	7714 	7781 	8111 	9191 	 
0 	4111 	4625 	4724 	4738 	5061 	5668 	6713 	7601 	7835 	8088 	9101 	 
0 	796 	995 	2353 	2552 	2672 	4772 	4808 	4834 	6092 	6272 	6730 	7132 	8627 	9466 	9873 	 
0 	148 	669 	895 	1891 	3472 	4133 	5292 	6398 	7269 	7279 	7657 	7703 	8127 	8600 	 
0 	377 	720 	2349 	3645 	4615 	5459 	6033 	7185 	 
0 	763 	2005 	3331 	3469 	3774 	3976 	4961 	5416 	6358 	6423 	6880 	7248 	7631 	9987 	 
0 	662 	1257 	1576 	5622 	6449 	7480 	8712 	9766 	9866 	 
0 	270 	377 	418 	2341 	3223 	7820 	 
0 	27 	513 	523 	1049 	4000 	4988 	6476 	6641 	6906 	7404 	9980 	 
0 	12 	60 	763 	818 	1662 	2676 	3339 	3844 	3916 	4229 	4295 	4638 	5527 	6836 	9625 	 
0 	1295 	2086 	3250 	4496 	4908 	5489 	5689 	6663 	7511 	8299 	9066 	9727 	 
0 	1734 	1992 	2772 	3652 	3836 	4695 	5330 	5551 	5832 	6081 	6662 	9495 	 
0 	2868 	3052 	3500 	3507 	4379 	4526 	4906 	6604 	7585 	7857 	9551 	 
0 	1832 	2654 	2893 	7006 	8685 	9909 	 
0 	1211 	7569 	8110 	9961 	 
0 	960 	1606 	1933 	2195 	2363 	5020 	6405 	6416 	6800 	6899 	9200 	9559 	9656 	 
0 	144 	1040 	2131 	3792 	5810 	6491 	8022 	8430 	9152 	9248 	 
0 	66 	561 	647 	1656 	3292 	3976 	4570 	5916 	6702 	7224 	7410 	7746 	7804 	8348 	8946 	9819 	 
0 	371 	601 	1348 	3191 	3673 	4966 	5646 	7136 	7846 	8044 	8399 	8479 	8644 	 
0 	4684 	5059 	7844 	8203 	8263 	 
0 	179 	2498 	5357 	6823 	8609 	8884 	 
0 	155 	917 	1571 	1961 	3377 	3742 	6034 	7977 	8791 	9046 	 
0 	949 	1324 	1769 	2894 	3166 	3501 	3933 	5042 	6378 	8613 	9313 	9314 	9376 	9823 	9892 	 
0 	355 	1105 	1640 	1695 	1964 	2174 	2194 	2735 	3624 	4254 	7319 	8508 	8548 	9516 	 
0 	496 	545 	1400 	1733 	2028 	2072 	2173 	2867 	3268 	5209 	5861 	5865 	9365 	 
0 	1690 	2675 	2991 	3413 	3781 	3872 	5051 	5200 	6013 	7101 	7803 	 
0 	671 	3938 	4051 	7512 	8301 	9224 	 
0 	1776 	5122 	5153 	7522 	 
0 	897 	1004 	1167 	3152 	3500 	4327 	4794 	6266 	6552 	8592 	9539 	 
0 	4383 	4853 	5083 	6313 	6494 	6933 	8456 	9304 	9446 	9633 	 
0 	471 	479 	689 	781 	1653 	2348 	2486 	3012 	4083 	4497 	5380 	5879 	6686 	8381 	8441 	 
0 	859 	1689 	4204 	5513 	6163 	6176 	7699 	9068 	9685 	 
0 	679 	984 	2083 	2179 	2664 	4284 	4314 	5546 	6447 	7537 	7685 	7796 	9715 	 
0 	2313 	2434 	3033 	3469 	3542 	4393 	5699 	6136 	7549 	7572 	9919 	 
0 	953 	1183 	2645 	2667 	2757 	3578 	4114 	4679 	4880 	5250 	5492 	6751 	8511 	8964 	 
0 	514 	1505 	4831 	5398 	5642 	6687 	 
0 	441 	504 	2413 	2534 	3557 	6386 	7387 	7984 	8357 	9446 	 
0 	234 	513 	1160 	6243 	6979 	7168 	7296 	9380 	9934 	 
0 	1854 	2393 	3229 	5735 	6227 	6365 	6451 	8807 	9366 	9749 	 
0 	127 	1373 	1420 	1604 	1943 	2330 	2445 	4060 	4149 	4441 	4624 	5422 	5559 	6490 	6530 	7516 	9716 	 
0 	792 	2932 	3230 	3509 	5160 	5555 	6875 	 
0 	2000 	2126 	3834 	6045 	7257 	 
0 	693 	2454 	2509 	2644 	2987 	3301 	3790 	3921 	4679 	5765 	 
0 	5003 	5462 	6943 	8419 	 
0 	37 	293 	891 	2013 	3264 	4260 	5456 	5686 	6575 	8364 	 
0 	277 	373 	456 	757 	957 	2167 	4151 	4239 	5198 	6108 	7949 	8591 	 
0 	541 	725 	1839 	2294 	2510 	3264 	3327 	5528 	6967 	7300 	8565 	8971 	9343 	 
0 	136 	1168 	1883 	2864 	3233 	3256 	3584 	4041 	5919 	6030 	9520 	9747 	 
0 	1603 	3436 	4232 	4749 	5743 	5938 	5990 	8303 	8497 	8882 	9289 	9532 	 
0 	1277 	1292 	1839 	2094 	3844 	5143 	6767 	8933 	9939 	 
0 	165 	470 	1018 	1546 	2894 	3417 	4845 	6529 	7343 	7414 	8495 	9608 	9701 	 
0 	796 	1257 	4223 	4537 	4609 	5059 	5319 	5628 	5814 	6621 	7866 	8217 	 
0 	867 	3282 	4229 	5683 	6090 	7149 	7586 	8071 	 
0 	429 	2238 	3629 	4665 	6829 	6844 	7801 	9494 	 
0 	73 	433 	910 	1002 	1090 	2303 	4042 	5467 	6464 	8214 	8591 	9155 	9300 	9541 	 
0 	448 	1103 	2415 	2425 	2791 	3432 	4666 	4946 	5191 	5417 	6233 	8812 	9727 	 
0 	946 	2695 	4309 	4715 	5138 	5964 	7411 	8452 	9302 	9765 	 
0 	1008 	1440 	2386 	2790 	2854 	4108 	6920 	 
0 	737 	1204 	1670 	2035 	2795 	2966 	3265 	3301 	4396 	5605 	7544 	8365 	9308 	 
0 	351 	1739 	3282 	3627 	4131 	4420 	5410 	5441 	5835 	8196 	8913 	9719 	 
0 	2831 	3810 	3948 	4000 	4708 	4784 	7634 	7764 	8930 	9585 	 
0 	500 	508 	1565 	2242 	2819 	4357 	4869 	5303 	6709 	7909 	8423 	9851 	 
0 	312 	1405 	3761 	5009 	5852 	6056 	8159 	8713 	9744 	 
0 	739 	919 	2059 	3750 	4392 	4512 	4643 	6111 	6427 	6546 	6750 	7822 	8428 	 
0 	2381 	4231 	6111 	6396 	8126 	9666 	 
0 	842 	3422 	3759 	4030 	4217 	4553 	5256 	5504 	5686 	6628 	 
0 	3731 	3811 	5589 	6961 	7890 	8116 	8719 	9306 	 
0 	317 	7281 	7996 	8633 	8720 	 
0 	307 	1970 	3227 	3692 	5249 	5307 	5497 	6871 	6879 	8073 	8099 	9380 	 
0 	1259 	2912 	3409 	3596 	3707 	4441 	5244 	8120 	8180 	9936 	 
0 	534 	1616 	3860 	4356 	4547 	4613 	5197 	6919 	8091 	9782 	 
0 	3223 	3636 	5601 	5762 	6926 	7265 	8903 	 
0 	1414 	2021 	2643 	3294 	4803 	5052 	7494 	8499 	8994 	9194 	 
0 	602 	1650 	2217 	2273 	4363 	4760 	5562 	7440 	8014 	8338 	8550 	8713 	9272 	 
0 	1558 	3149 	5306 	6372 	7270 	7822 	8033 	9353 	 
0 	2620 	3493 	5710 	5886 	6548 	6939 	9434 	9467 	 
0 	423 	733 	1121 	1630 	1934 	2606 	3344 	5103 	5160 	5376 	6854 	6861 	8852 	 
0 	980 	2250 	3547 	3687 	3773 	4234 	4541 	4660 	6486 	6508 	6586 	6824 	9254 	 
0 	898 	936 	2026 	4320 	6751 	6969 	7686 	7790 	8780 	9283 	9678 	 
0 	325 	2003 	2396 	3625 	4117 	4810 	7095 	 
0 	584 	1354 	7050 	7977 	8505 	8580 	8710 	9191 	9968 	 
0 	147 	342 	550 	1991 	3980 	6547 	7085 	7147 	7936 	8982 	9574 	9802 	 
0 	534 	2629 	3569 	4702 	4971 	6967 	9003 	9724 	9804 	 
0 	1921 	2196 	3704 	4154 	8007 	8898 	 
0 	1363 	2278 	2569 	3554 	5546 	5851 	6223 	6859 	 
0 	57 	2354 	2639 	6187 	9229 	9517 	 
0 	1193 	2820 	2943 	3365 	3438 	6676 	6786 	7578 	7831 	9010 	 
0 	701 	2403 	2829 	2857 	4773 	5496 	6594 	8389 	9101 	 
0 	1459 	3888 	4125 	4881 	6163 	7038 	8451 	 
0 	3917 	4608 	4964 	6764 	8068 	9192 	9743 	 
0 	703 	1208 	1310 	1452 	2047 	2735 	3042 	3325 	3350 	5108 	5338 	7299 	7670 	8036 	9441 	 
0 	92 	981 	3180 	4049 	4233 	4917 	 
0 	519 	544 	1289 	2464 	3018 	3424 	3791 	4307 	4807 	7548 	8306 	9616 	 
0 	66 	1302 	1584 	1944 	2720 	4418 	4521 	4663 	5885 	6247 	6257 	7094 	7386 	8059 	 
0 	2061 	6708 	6997 	8719 	9303 	 
0 	483 	635 	883 	938 	1683 	2107 	3943 	4623 	4755 	5842 	5992 	6302 	6598 	 
0 	126 	729 	1979 	2036 	3000 	5011 	5080 	5316 	5380 	6674 	7288 	7649 	8754 	8984 	9093 	 
0 	954 	1774 	3371 	4496 	5241 	6140 	7743 	9112 	9482 	 
0 	2107 	3290 	4442 	5073 	9500 	 
0 	580 	732 	1703 	1796 	2540 	2971 	4270 	5388 	5703 	5944 	6147 	6777 	7162 	7237 	7554 	8105 	9688 	 
0 	317 	1332 	2163 	3830 	4711 	7775 	8809 	9256 	 
0 	926 	4556 	4718 	5645 	6395 	6783 	8164 	8403 	9826 	 
0 	2104 	2456 	4942 	4945 	6397 	7811 	8160 	9058 	9359 	9684 	 
0 	475 	661 	1338 	2493 	2784 	5012 	5195 	6750 	7975 	8469 	9565 	 
0 	2091 	2265 	2455 	3057 	6215 	6354 	7258 	7568 	7769 	9242 	9478 	 
0 	806 	2500 	2876 	3855 	5428 	7353 	9590 	 
0 	380 	775 	1042 	1207 	3302 	3669 	4542 	5263 	7005 	 
0 	1576 	2004 	3533 	4917 	7316 	7448 	8554 	8703 	9628 	 
0 	201 	296 	470 	2451 	2802 	3039 	5247 	5940 	9647 	 
0 	44 	158 	661 	2313 	2409 	2754 	3664 	3927 	5161 	5881 	7636 	8171 	9130 	9741 	 
0 	63 	1480 	2503 	3913 	4058 	5863 	8636 	9614 	 
0 	533 	2301 	3137 	6721 	7955 	8079 	9506 	 
0 	401 	535 	1865 	3153 	4199 	4399 	4516 	5025 	6079 	6194 	8346 	9069 	 
0 	220 	923 	6823 	7397 	8066 	 
0 	984 	2302 	3242 	4794 	5972 	8118 	8655 	9531 	9887 	 
0 	1575 	2535 	3472 	4190 	4256 	4664 	6117 	6806 	8930 	9989 	 
0 	944 	970 	1038 	1573 	2278 	2622 	3921 	3940 	4120 	7197 	8669 	9995 	 
0 	1097 	3392 	5958 	6617 	6850 	7682 	9404 	 
0 	1986 	3722 	4178 	5492 	5803 	5917 	5982 	6535 	6808 	9958 	 
0 	1112 	2480 	3244 	4675 	 
0 	24 	1049 	2189 	2493 	3253 	7635 	9239 	9805 	 
0 	229 	240 	1094 	2578 	2657 	3846 	4315 	5157 	6218 	7832 	9272 	9358 	9574 	9974 	 
0 	1605 	3737 	4944 	5617 	6857 	7440 	 
0 	336 	493 	765 	1553 	1751 	2345 	5207 	5223 	6433 	7053 	9805 	 
0 	0 	1887 	4057 	5035 	5710 	5928 	6622 	7972 	9239 	 
0 	296 	2847 	3850 	3874 	4420 	5043 	5589 	7101 	7845 	 
0 	192 	3874 	4832 	5324 	7229 	8102 	8639 	 
0 	204 	533 	1694 	3679 	4356 	4540 	5000 	7035 	8141 	9200 	9811 	9821 	9871 	 
0 	2703 	3019 	3135 	6071 	8772 	 
0 	5 	678 	1818 	1994 	4217 	6151 	7613 	7764 	8857 	9548 	 
0 	352 	2751 	3180 	3258 	3443 	3839 	3951 	4646 	4736 	5832 	6502 	7612 	8647 	9235 	9445 	 
0 	1584 	3044 	3367 	3798 	3945 	4866 	5441 	6841 	7398 	7508 	7832 	7929 	8060 	8154 	9058 	9471 	 
0 	235 	256 	4369 	6609 	7015 	7173 	8237 	8774 	8806 	 
0 	1305 	1362 	1732 	1828 	2949 	3311 	3782 	4613 	6141 	6487 	7728 	9623 	 
0 	2442 	2446 	2999 	5984 	6161 	6495 	7546 	8101 	8688 	 
0 	309 	1989 	3938 	4202 	4325 	5729 	5765 	5777 	5957 	7626 	8211 	8524 	9075 	 
0 	2893 	6240 	7536 	8254 	8515 	9518 	9930 	 
0 	1652 	2011 	3607 	4553 	4846 	5009 	5209 	5266 	6486 	7135 	8341 	8997 	 
0 	755 	4309 	5444 	7593 	8149 	8380 	9613 	 
0 	989 	2980 	3468 	3981 	4175 	5046 	5521 	5545 	6049 	6852 	9707 	 
0 	65 	376 	1824 	1966 	3891 	3939 	4128 	6275 	6719 	7026 	7102 	9291 	9816 	 
0 	54 	914 	1040 	1058 	1244 	1569 	2284 	2394 	3331 	3553 	4403 	8873 	 
0 	2940 	4506 	5463 	6366 	6931 	7022 	8587 	8762 	9426 	9559 	 
0 	306 	397 	1653 	2007 	2452 	3227 	3989 	5125 	5515 	6281 	6381 	7583 	8333 	 
0 	193 	2443 	3361 	3580 	4514 	5280 	8020 	9716 	 
0 	889 	1525 	2003 	3127 	5356 	6846 	7824 	8366 	9418 	 
0 	312 	459 	2381 	3489 	4657 	5359 	6593 	7122 	7295 	8336 	8999 	9379 	 
0 	92 	375 	593 	1863 	2308 	5817 	6063 	7800 	9117 	 
0 	927 	3136 	3854 	4524 	4843 	7546 	8720 	9387 	 
0 	398 	2307 	3662 	3992 	4193 	4997 	6106 	6528 	8184 	 
0 	1168 	1752 	4128 	5913 	8162 	9022 	9055 	 
0 	1533 	2495 	2765 	3120 	3424 	4660 	5069 	5563 	5672 	6168 	7879 	 
0 	2716 	7096 	9065 	9066 	 
0 	3904 	6904 	6963 	7634 	8274 	9826 	 
0 	3208 	3384 	5070 	5173 	5842 	6369 	8848 	 
0 	95 	1319 	1833 	2278 	4548 	5266 	5834 	6098 	6159 	7631 	8922 	9384 	9696 	 
0 	193 	1700 	3121 	3230 	3578 	4398 	5583 	7987 	8162 	8322 	8381 	8697 	9304 	 
0 	494 	1325 	1391 	1846 	2398 	3539 	6433 	6490 	7704 	7884 	8067 	8757 	8932 	9837 	 
0 	803 	1101 	1859 	2560 	3104 	3270 	3509 	3673 	4468 	4747 	5604 	5793 	6020 	7538 	8685 	9503 	 
0 	27 	778 	2865 	3371 	5143 	5375 	5742 	6686 	7139 	8203 	8860 	9083 	 
0 	557 	1711 	1752 	1764 	1778 	3467 	3498 	3543 	4014 	4551 	5624 	6258 	6454 	8710 	9181 	 
0 	122 	3573 	4743 	6447 	8169 	 
0 	56 	65 	1425 	1802 	4556 	5393 	6358 	6880 	8657 	 
0 	692 	2019 	3195 	3212 	3487 	4650 	4902 	5033 	5727 	5855 	5954 	6174 	7418 	8965 	9235 	 
0 	1260 	2688 	2746 	2906 	4249 	4792 	5835 	 
0 	1890 	2291 	3778 	4050 	5170 	7407 	7492 	9157 	9257 	 
0 	2004 	2066 	2348 	3668 	3871 	3911 	4022 	4112 	4606 	4862 	5708 	6764 	 
0 	468 	5241 	5308 	6381 	7682 	7813 	8216 	8481 	8879 	9016 	 
0 	2020 	2166 	2684 	3003 	3624 	3979 	6230 	7125 	9583 	9858 	 
0 	1801 	2279 	5094 	5509 	6180 	6598 	8352 	8443 	 
0 	1250 	2531 	3048 	3317 	3991 	4737 	7055 	7449 	 
0 	387 	1004 	5878 	6530 	6939 	6986 	8134 	9129 	9911 	9982 	 
0 	1000 	2047 	3876 	3995 	4658 	6357 	6466 	6571 	6931 	7259 	7607 	8210 	9487 	 
0 	446 	1493 	1815 	2946 	3666 	5227 	6671 	6711 	8397 	8658 	9166 	 
0 	636 	640 	2485 	3806 	4158 	5089 	6288 	6327 	6503 	6582 	8649 	8709 	 
0 	461 	731 	1667 	1752 	1896 	2059 	3188 	4859 	9400 	 
0 	163 	3974 	6217 	6333 	6368 	6853 	7957 	8678 	8917 	8939 	9467 	 
0 	186 	1557 	1893 	3227 	3594 	3677 	5417 	5885 	6124 	6286 	6346 	7593 	8224 	 
0 	300 	3366 	6324 	 
0 	2687 	3450 	4081 	4200 	7355 	 
0 	968 	2005 	2849 	3023 	7827 	8498 	 
0 	184 	1324 	1327 	2107 	2720 	6103 	 
0 	586 	1273 	1642 	2767 	3050 	4911 	5635 	6575 	7118 	8128 	8587 	 
0 	185 	1444 	7553 	7638 	8781 	 
0 	294 	1562 	1811 	2430 	2832 	3514 	5310 	6202 	6928 	7007 	8529 	9059 	9278 	9317 	9520 	9958 	 
0 	383 	4095 	6469 	7174 	7837 	9145 	9860 	 
0 	664 	1855 	2776 	3107 	3180 	3605 	3818 	4963 	5277 	5980 	6329 	7711 	8822 	 
0 	156 	170 	611 	1621 	2294 	4226 	4586 	5028 	5509 	5639 	6960 	7998 	8477 	8721 	9583 	 
0 	140 	352 	884 	1323 	2788 	3806 	4476 	4996 	5085 	9081 	 
0 	1289 	3878 	4604 	5228 	9203 	9499 	9933 	9964 	 
0 	1042 	1188 	3925 	7025 	7129 	7790 	8493 	9177 	9516 	 
0 	313 	2343 	3902 	4965 	5526 	5825 	5848 	7337 	7619 	7708 	8719 	9215 	 
0 	81 	379 	541 	875 	1444 	2574 	2941 	3131 	3211 	4332 	4556 	5126 	6734 	7891 	8548 	9141 	 
