0 	1910 	2232 	2388 	4961 	5828 	7200 	7690 	8399 	8682 	8811 	 
0 	655 	1048 	1157 	4526 	5308 	9666 	 
0 	3319 	5065 	5484 	6777 	7836 	8496 	8731 	 
0 	75 	131 	481 	1849 	2629 	5025 	5463 	5831 	8939 	9295 	 
0 	53 	855 	4141 	4429 	4501 	5021 	6370 	8897 	9173 	 
0 	94 	532 	812 	824 	2913 	3551 	4915 	6043 	6088 	6599 	7114 	7463 	7675 	7840 	9669 	 
0 	1990 	2820 	4288 	6988 	7146 	9255 	 
0 	1468 	1680 	2241 	2991 	3632 	4044 	4190 	4269 	4773 	5998 	7259 	8289 	 
0 	686 	2128 	2392 	3126 	3443 	4934 	5021 	5670 	6006 	6259 	6889 	7172 	8860 	8898 	9582 	 
0 	878 	4610 	4886 	5066 	5588 	6861 	7338 	8132 	9381 	 
0 	647 	1180 	2114 	2681 	3858 	3867 	3900 	6181 	9196 	9215 	9222 	 
0 	1137 	1347 	2009 	3751 	4060 	4480 	4975 	5772 	6647 	6934 	9120 	9809 	 
0 	521 	1172 	1679 	2092 	2283 	2508 	2784 	3038 	3590 	3686 	3715 	4872 	5700 	5913 	8046 	8580 	9746 	 
0 	948 	1039 	1358 	1465 	1800 	1805 	2387 	7778 	8095 	9338 	9924 	 
0 	1357 	1448 	3933 	3989 	5827 	6093 	6510 	6857 	7378 	7740 	8371 	9280 	 
0 	1460 	2939 	3711 	5864 	8305 	8772 	8828 	9964 	 
0 	648 	2198 	2208 	2549 	4411 	4830 	4916 	5173 	5481 	5776 	6076 	7816 	7987 	8433 	9002 	9043 	 
0 	1 	1626 	3008 	4376 	5474 	6186 	7662 	7861 	8784 	8824 	8879 	9441 	 
0 	299 	377 	382 	670 	2311 	6578 	8331 	 
0 	1189 	1957 	2638 	3117 	3399 	3530 	5934 	6408 	7152 	8787 	9496 	9588 	 
0 	1062 	2597 	4120 	4467 	5267 	5682 	6283 	7378 	9194 	9579 	 
0 	436 	541 	1399 	2054 	5544 	6465 	6859 	7682 	8924 	 
0 	147 	624 	821 	1475 	2949 	3790 	4937 	5914 	6611 	6935 	7079 	8592 	9440 	 
0 	734 	2049 	4684 	6707 	9634 	 
0 	1633 	2498 	3133 	3324 	3734 	3894 	5491 	5500 	6418 	8449 	9396 	9689 	9790 	 
0 	798 	844 	2997 	3268 	3368 	5764 	6375 	8091 	8422 	8507 	 
0 	1630 	1641 	2050 	2947 	3038 	4794 	5379 	7394 	8724 	 
0 	475 	537 	1459 	2202 	3541 	3568 	4446 	4717 	5270 	5659 	6439 	7818 	7968 	8056 	9101 	9311 	 
0 	725 	2129 	3468 	4408 	5003 	5702 	5785 	6110 	 
0 	1520 	2759 	3246 	3997 	4515 	4763 	5302 	5603 	 
0 	1057 	1130 	1857 	2412 	6515 	6780 	7500 	8971 	9746 	 
0 	1039 	2372 	4384 	4566 	6767 	7202 	7207 	7352 	8787 	8955 	9252 	9653 	 
0 	758 	1308 	3599 	5458 	5570 	7091 	7092 	7398 	7454 	9728 	 
0 	468 	634 	1054 	1521 	1885 	3584 	4047 	5814 	6292 	7687 	8219 	9915 	 
0 	43 	175 	502 	596 	1528 	3934 	5252 	5837 	7422 	 
0 	744 	2512 	2934 	3039 	3449 	4601 	4962 	4970 	5221 	6629 	7053 	8071 	8744 	9611 	 
0 	905 	1808 	4569 	5617 	6056 	6617 	6820 	7203 	8027 	8862 	 
0 	1690 	5298 	9530 	9789 	 
0 	1008 	1086 	1908 	2025 	2895 	3424 	4708 	5256 	5951 	6089 	6190 	8756 	9269 	9590 	 
0 	373 	1004 	2189 	3905 	4397 	5438 	5646 	5804 	8949 	9531 	9713 	 
0 	1160 	1971 	2304 	3165 	4218 	4818 	5559 	6408 	6464 	8380 	8692 	 
0 	522 	1176 	2628 	3179 	3328 	3715 	4254 	4346 	6296 	7452 	8571 	8655 	8996 	9946 	 
0 	787 	4506 	5499 	8024 	8341 	 
0 	2412 	5489 	5637 	6875 	7099 	8712 	9777 	 
0 	19 	1006 	2429 	2795 	3592 	4193 	5548 	8474 	 
0 	237 	1116 	2453 	2651 	3376 	3683 	5886 	6257 	7895 	9528 	9597 	9907 	 
0 	2618 	3782 	4357 	4611 	5539 	5958 	6561 	8617 	9157 	 
0 	219 	1563 	1798 	2690 	4058 	4739 	6528 	6770 	6993 	8179 	8542 	 
0 	636 	2198 	2681 	2757 	3375 	4151 	5848 	6386 	6608 	9049 	9300 	9317 	9584 	9601 	 
0 	1185 	6211 	7245 	8782 	 
0 	308 	1383 	1580 	2112 	2887 	3037 	4250 	4530 	4848 	5387 	6043 	6076 	6497 	8292 	8762 	9204 	 
0 	257 	3956 	4363 	6629 	7177 	9722 	9815 	 
0 	748 	1164 	1567 	2181 	2473 	2711 	3460 	3804 	5039 	5762 	6804 	6985 	7651 	7979 	8688 	 
0 	210 	1570 	2930 	4383 	4584 	4837 	5613 	7035 	9079 	9650 	 
0 	1890 	2190 	2409 	3334 	3408 	6132 	6483 	7259 	7410 	7603 	7681 	8037 	8094 	9665 	 
0 	172 	1133 	1534 	2721 	2977 	4193 	5550 	5738 	6847 	6901 	8077 	8586 	8948 	8964 	 
0 	886 	1775 	4074 	5410 	8334 	8382 	9533 	 
0 	885 	2284 	2795 	4264 	5131 	6047 	8555 	8702 	9127 	9638 	9847 	 
0 	404 	676 	1055 	2521 	4242 	5391 	6076 	6536 	7879 	9898 	 
0 	290 	2677 	3079 	3745 	4121 	5818 	6015 	6946 	7383 	7829 	8409 	9384 	 
0 	298 	856 	1209 	1446 	3985 	7839 	8563 	8869 	8934 	8946 	9875 	 
0 	1999 	3075 	3987 	4358 	4466 	4619 	5083 	6805 	8099 	8246 	8836 	9427 	9869 	 
0 	1270 	1393 	1455 	1715 	3235 	3239 	4274 	4892 	5389 	5721 	7436 	7873 	7977 	 
0 	545 	1317 	2516 	3597 	3707 	4251 	4446 	5554 	6729 	9585 	 
0 	777 	1639 	2550 	4425 	6713 	7502 	8613 	9521 	 
0 	1753 	1997 	2723 	4069 	4741 	4780 	5750 	5942 	7289 	9764 	 
0 	159 	2200 	3820 	4447 	4871 	6305 	9338 	 
0 	1410 	1537 	1930 	2116 	2410 	3868 	4749 	5668 	6302 	6526 	 
0 	1396 	2282 	2418 	4913 	5809 	6056 	6840 	8202 	8606 	8936 	9769 	9958 	 
0 	105 	658 	1560 	1926 	5806 	6822 	6987 	8586 	8977 	 
0 	426 	2328 	2653 	5280 	5764 	5970 	6642 	9193 	 
0 	875 	1998 	3431 	3455 	4038 	5434 	8595 	9223 	9775 	 
0 	833 	1244 	1662 	2531 	2806 	4708 	4799 	5285 	5704 	6133 	8753 	9048 	 
0 	1891 	3098 	3891 	5112 	5165 	5238 	5631 	6310 	6818 	8673 	8838 	9889 	 
0 	82 	1175 	1611 	4916 	5759 	6539 	6762 	6768 	8836 	 
0 	4793 	6464 	6714 	8242 	8774 	8789 	 
0 	317 	3116 	3858 	4384 	5841 	9838 	 
0 	348 	713 	1047 	1242 	1677 	4194 	4514 	5594 	5789 	 
0 	444 	707 	1420 	3347 	6008 	7164 	7749 	8954 	9063 	9379 	9390 	 
0 	295 	799 	1761 	3345 	3820 	4513 	5366 	7022 	7617 	8671 	8872 	 
0 	1438 	1823 	2452 	4473 	4928 	6586 	8756 	9639 	 
0 	7610 	9410 	 
0 	687 	961 	1344 	4663 	5913 	7244 	8602 	9418 	9579 	9668 	 
0 	822 	1267 	1561 	1960 	2143 	2298 	2502 	3721 	3880 	4010 	5153 	5587 	6686 	6814 	7284 	 
0 	2662 	3106 	8708 	 
0 	509 	997 	2241 	2888 	3735 	4088 	4431 	4556 	5645 	7890 	8993 	9311 	 
0 	371 	642 	1989 	4662 	5132 	5484 	6306 	6648 	7376 	8727 	9637 	9988 	 
0 	235 	2695 	2803 	3482 	4074 	4546 	5036 	5811 	6121 	7682 	8259 	8748 	9595 	 
0 	183 	871 	1166 	1249 	1681 	2377 	3315 	5819 	5902 	6075 	6678 	7104 	7802 	8461 	8704 	9188 	 
0 	1308 	1617 	2447 	3474 	4481 	8220 	9749 	 
0 	3314 	5450 	6538 	6685 	6799 	6808 	7381 	7953 	9437 	 
0 	338 	3055 	4464 	6068 	7032 	7420 	7759 	9735 	 
0 	4625 	6892 	7032 	7599 	8288 	 
0 	220 	523 	869 	4402 	5810 	6854 	 
0 	749 	2407 	2900 	3414 	3926 	4632 	6546 	6992 	7205 	9219 	 
0 	458 	2886 	4380 	7541 	 
0 	680 	923 	1404 	1441 	2465 	2674 	2959 	3985 	4342 	5073 	5961 	6565 	9199 	 
0 	46 	531 	820 	932 	2434 	2779 	3464 	4038 	5682 	6296 	 
0 	1182 	3244 	4195 	6179 	 
0 	1987 	2225 	2528 	3178 	4919 	5990 	6854 	7043 	7201 	8081 	9317 	9563 	 
0 	741 	2089 	2318 	3020 	5709 	5948 	6950 	8562 	8738 	8768 	 
0 	58 	490 	551 	2355 	2832 	2932 	5432 	5563 	5605 	6045 	6516 	8672 	9768 	 
0 	235 	324 	666 	1195 	2288 	2947 	3818 	5095 	5532 	5813 	7469 	8360 	8737 	9023 	 
0 	2540 	3674 	5996 	6951 	8741 	 
0 	135 	1210 	1774 	3152 	3814 	5652 	5768 	6756 	7088 	7981 	8723 	9525 	9989 	 
0 	478 	920 	1418 	5661 	5997 	6641 	7948 	9992 	 
0 	1625 	2787 	3439 	4066 	7811 	8414 	8719 	 
0 	1527 	2020 	3474 	4516 	4860 	6350 	7365 	8702 	9456 	9841 	 
0 	26 	1518 	1697 	4683 	5124 	8131 	8400 	9368 	 
0 	1509 	2024 	3561 	4263 	4993 	6728 	6889 	7652 	8371 	8863 	9353 	 
0 	541 	1398 	2147 	3093 	3425 	3482 	3516 	4540 	6607 	6894 	7882 	8515 	8831 	8949 	 
0 	1370 	1384 	2344 	2507 	3694 	4952 	5728 	 
0 	1978 	2272 	5939 	7740 	8479 	8715 	8864 	 
0 	2288 	2299 	3344 	3832 	4466 	6047 	6275 	6800 	7276 	7369 	8851 	9545 	9619 	 
0 	144 	1767 	1921 	2658 	4096 	4987 	6771 	7005 	7181 	8316 	9450 	9702 	 
0 	551 	907 	1884 	2307 	4122 	4195 	4538 	7807 	7827 	 
0 	3159 	3781 	4876 	5568 	7427 	7917 	8216 	8859 	 
0 	861 	2658 	4422 	5423 	 
0 	103 	575 	2989 	3248 	3408 	4539 	4940 	5384 	6042 	6736 	7205 	8361 	9300 	9796 	 
0 	1 	394 	1596 	1598 	4117 	5767 	6339 	8080 	 
0 	1268 	3591 	4800 	5503 	7211 	8717 	9987 	 
0 	259 	4861 	5046 	5418 	5561 	6227 	7480 	7658 	 
0 	922 	1601 	1801 	2953 	5274 	6891 	7613 	8004 	8290 	8669 	8709 	9333 	 
0 	740 	1371 	1879 	3757 	3980 	4106 	4810 	9648 	9791 	 
0 	461 	1306 	1350 	2650 	3086 	4502 	4763 	7699 	7717 	8291 	8797 	 
0 	388 	841 	1785 	2975 	3034 	3368 	3933 	4810 	6348 	6361 	7426 	8306 	 
0 	1089 	1132 	1702 	2116 	2589 	5283 	5529 	5794 	8369 	9618 	 
0 	247 	652 	2001 	3949 	5038 	5729 	5996 	6172 	7484 	7774 	8370 	9990 	 
0 	745 	1009 	1139 	3661 	5693 	7668 	8669 	9371 	 
0 	1577 	2997 	4120 	4518 	5073 	7353 	8475 	8813 	9497 	 
0 	555 	3177 	4210 	4766 	5029 	5393 	5788 	8897 	9735 	 
0 	176 	1081 	3791 	4379 	5461 	5570 	5635 	6666 	 
0 	206 	1615 	1743 	2809 	3082 	3157 	3159 	3853 	4146 	4212 	4623 	6500 	7860 	7962 	8254 	8921 	9146 	9974 	9999 	 
0 	4425 	4648 	4863 	6029 	6436 	6773 	9112 	 
0 	537 	1090 	5008 	5663 	7180 	7450 	7571 	8060 	8543 	 
0 	239 	1150 	2167 	2217 	2492 	2944 	4106 	7564 	9227 	 
0 	199 	1265 	2340 	2825 	3036 	3345 	4371 	5149 	5722 	6148 	7194 	7635 	9079 	9244 	 
0 	2348 	2759 	3606 	3923 	4200 	4694 	5139 	5691 	6411 	6744 	8035 	9661 	 
0 	707 	769 	1244 	1694 	3390 	4151 	6083 	6766 	8855 	 
0 	173 	2316 	2966 	3530 	3842 	3846 	4207 	4726 	5028 	5702 	7445 	7568 	8737 	 
0 	1275 	1348 	3223 	3658 	4411 	4841 	6269 	7464 	7714 	8071 	 
0 	1803 	2535 	3557 	3952 	5423 	6716 	9541 	 
0 	86 	1216 	3060 	3737 	3873 	8526 	9159 	9557 	9900 	 
0 	1363 	2007 	2687 	2796 	4458 	4764 	5315 	5405 	 
0 	703 	1191 	2331 	3504 	4269 	6143 	6185 	6490 	6734 	7258 	8156 	8692 	 
0 	642 	726 	896 	964 	2109 	2554 	3243 	4764 	5646 	6317 	7200 	7547 	8735 	9518 	9597 	9771 	 
0 	1719 	2126 	2480 	3028 	5931 	6237 	6694 	6876 	7006 	8378 	9753 	 
0 	2226 	2525 	2722 	2888 	6391 	7258 	 
0 	884 	1052 	3629 	6003 	7444 	9144 	9213 	9442 	9583 	 
0 	140 	2271 	2859 	3602 	4002 	5193 	5328 	6155 	7243 	 
0 	3205 	4099 	4324 	4487 	6889 	9136 	9451 	 
0 	274 	1475 	1943 	2166 	6499 	6633 	7265 	8485 	9112 	 
0 	524 	1018 	2426 	6121 	7019 	9418 	 
0 	1231 	1432 	2465 	2544 	6197 	8714 	 
0 	887 	2678 	3491 	4944 	5657 	7595 	7755 	7930 	9344 	9429 	9585 	9852 	 
0 	430 	586 	796 	3974 	4261 	5312 	5409 	5609 	6492 	8218 	8292 	8352 	9058 	9801 	 
0 	690 	2017 	4581 	6660 	6749 	8515 	8631 	8982 	9173 	9448 	9568 	 
0 	0 	755 	2231 	3584 	4242 	4317 	4398 	5616 	6876 	7645 	7768 	 
0 	1033 	3804 	4407 	4887 	5088 	5590 	5912 	6329 	8736 	9969 	 
0 	884 	1783 	2711 	2802 	3631 	3640 	6177 	6927 	7743 	8002 	 
0 	58 	1633 	2117 	3608 	4238 	6623 	6828 	8719 	9164 	 
0 	903 	2655 	3309 	3325 	3437 	4471 	4534 	7512 	7532 	7723 	7877 	8212 	8994 	9031 	9320 	 
0 	389 	2545 	2906 	3526 	4327 	4810 	5280 	6670 	9318 	9581 	 
0 	300 	2688 	4095 	5361 	 
0 	734 	1298 	1349 	2175 	2744 	3739 	3960 	5432 	5456 	7078 	7199 	8171 	8362 	9732 	 
0 	2370 	4095 	4186 	4525 	5710 	7505 	8505 	8840 	8919 	9109 	 
0 	2052 	2491 	3318 	3682 	5284 	5842 	6228 	6488 	7248 	7275 	7424 	 
0 	155 	255 	632 	641 	1695 	3405 	4163 	4797 	5131 	5417 	7434 	7718 	8268 	9009 	9044 	 
0 	981 	1220 	1932 	2057 	2431 	2532 	2844 	5094 	6446 	7728 	7781 	8476 	8526 	9825 	 
0 	136 	1691 	1951 	3532 	5982 	8109 	8180 	 
0 	1028 	2487 	3249 	5811 	6108 	7241 	 
0 	1373 	1927 	3061 	3418 	3468 	4939 	5915 	7183 	7961 	8323 	 
0 	860 	1705 	2711 	4393 	4734 	7008 	9250 	 
0 	59 	75 	2939 	3888 	4594 	5371 	7945 	8528 	8997 	9238 	 
0 	147 	1731 	2155 	2273 	2659 	2992 	4715 	6920 	 
0 	2297 	3651 	3739 	3993 	4441 	4692 	6367 	6922 	7950 	8281 	9273 	9480 	 
0 	492 	783 	3467 	6489 	6925 	8403 	 
0 	64 	2062 	2418 	2579 	2738 	3722 	3814 	4707 	5330 	7051 	8161 	9086 	9609 	 
0 	85 	1300 	1874 	2730 	4212 	6423 	6594 	6666 	8247 	8907 	9579 	9607 	 
0 	472 	4314 	4382 	5145 	5240 	5541 	6019 	6494 	 
0 	746 	906 	973 	1760 	1946 	1988 	2198 	2553 	5917 	7134 	 
0 	10 	714 	2421 	5130 	5403 	7114 	7899 	7967 	9379 	9714 	 
0 	454 	624 	6556 	7295 	8389 	 
0 	683 	1336 	2292 	2431 	3133 	5080 	5848 	6518 	7171 	8434 	 
0 	291 	861 	1215 	2489 	3578 	3708 	4232 	4816 	6710 	7308 	8420 	9326 	 
0 	395 	545 	2070 	2391 	2701 	2748 	2803 	2811 	3062 	4394 	4419 	5376 	5598 	5776 	6021 	9046 	9083 	 
0 	875 	2084 	2384 	4406 	5837 	7871 	8715 	 
0 	2578 	3085 	3743 	4647 	4831 	6395 	7192 	7317 	7664 	8210 	 
0 	2000 	2090 	7600 	7710 	7780 	8333 	9605 	 
0 	375 	1088 	1824 	2174 	3190 	6423 	9120 	9301 	9552 	 
0 	520 	1095 	2209 	2420 	2505 	3166 	3331 	3339 	4436 	5139 	6022 	6746 	7869 	8769 	9691 	9706 	9852 	 
0 	722 	1036 	2069 	2519 	2672 	3825 	4406 	5526 	6169 	6317 	9516 	9592 	9856 	9962 	 
0 	312 	459 	627 	1240 	1311 	1489 	2190 	2778 	3279 	3635 	3965 	4088 	4458 	4827 	5301 	5506 	5878 	6072 	6141 	6264 	7187 	7598 	8038 	8522 	8847 	 
0 	3859 	5992 	6592 	6946 	7481 	7820 	 
0 	52 	1254 	1492 	1671 	1681 	3009 	3504 	4576 	6043 	6488 	7136 	8889 	9512 	 
0 	56 	1183 	1587 	3207 	3305 	3363 	3740 	3817 	4090 	4602 	4619 	5435 	5634 	5897 	6445 	7901 	8817 	8825 	9376 	 
0 	1833 	3066 	4167 	4730 	4939 	5057 	6075 	6205 	6368 	7687 	8327 	9008 	 
0 	486 	748 	1340 	2406 	2923 	3559 	4786 	6511 	8900 	9319 	9935 	 
0 	1029 	2697 	3504 	3720 	6617 	8196 	 
0 	456 	1171 	1383 	2118 	5233 	6439 	6480 	7164 	7972 	 
0 	942 	1144 	2097 	3085 	3572 	5294 	5944 	7000 	7145 	8174 	 
0 	76 	1287 	1818 	1920 	1959 	2608 	4184 	4757 	5515 	6680 	6802 	7099 	7589 	7696 	7759 	8147 	9589 	 
0 	608 	1659 	3849 	6246 	6795 	7031 	7311 	8715 	9667 	 
0 	3581 	3789 	4979 	7036 	7333 	 
0 	223 	1048 	5777 	5963 	7927 	8910 	9176 	9494 	 
0 	200 	950 	1910 	3741 	4143 	5550 	7094 	7118 	9298 	9524 	9709 	 
0 	897 	3107 	4130 	4509 	5123 	7609 	8385 	9825 	 
0 	349 	1160 	1489 	2040 	2410 	2798 	3608 	3702 	5698 	6404 	7031 	8024 	9079 	9979 	 
0 	1701 	1983 	5081 	5314 	8083 	9232 	9237 	 
0 	1924 	2139 	2278 	3534 	5500 	7393 	7637 	7791 	7966 	8546 	 
0 	3675 	4503 	4727 	5690 	5789 	7475 	7554 	8789 	 
0 	975 	2032 	4273 	4459 	5239 	5520 	7120 	7772 	 
0 	1310 	3826 	3989 	4183 	8398 	 
0 	1034 	1120 	1768 	2643 	6030 	6090 	8947 	9972 	 
0 	1825 	2607 	4390 	4463 	6701 	6938 	7370 	7991 	8322 	8882 	9749 	 
0 	121 	335 	3460 	3692 	3965 	4100 	5216 	5287 	7311 	7760 	8166 	8513 	 
0 	1878 	3404 	3877 	4040 	5000 	6463 	7348 	 
0 	17 	892 	4887 	5531 	6078 	6459 	6526 	7436 	8283 	8701 	9141 	9445 	9485 	9972 	 
0 	141 	2293 	3805 	4592 	4853 	6039 	8985 	 
0 	2486 	3407 	4363 	5758 	6979 	7294 	7326 	7494 	7744 	7905 	8789 	 
0 	45 	846 	1169 	1731 	2115 	6707 	6759 	6779 	9392 	 
0 	1525 	2099 	4416 	4895 	5110 	5176 	6094 	6185 	7912 	8031 	 
0 	2303 	4214 	5055 	5253 	6343 	6391 	6434 	6843 	8742 	8782 	9650 	 
0 	489 	635 	1549 	1582 	3352 	6293 	6877 	9291 	 
0 	393 	1027 	1735 	2824 	3023 	4038 	5143 	5801 	6685 	9852 	 
0 	1970 	2476 	3117 	3390 	5526 	7466 	7796 	9177 	 
0 	270 	1182 	1778 	3264 	3645 	4479 	6086 	6420 	8895 	8963 	 
0 	720 	1159 	1467 	1926 	3361 	3975 	4164 	4471 	5833 	7598 	8858 	 
0 	2531 	3874 	5019 	5803 	5902 	8296 	9406 	 
0 	229 	564 	1181 	2121 	2369 	2783 	2933 	3057 	5190 	5577 	6648 	6667 	6714 	7913 	9494 	9840 	 
0 	187 	295 	793 	2002 	3193 	4223 	6066 	6500 	7550 	8723 	 
0 	481 	1009 	1818 	2795 	3131 	5006 	6277 	6569 	6813 	6921 	7487 	7963 	9127 	9642 	 
0 	1685 	3370 	3705 	4728 	5848 	7460 	 
0 	212 	1656 	2245 	3020 	3154 	3301 	4248 	4697 	6382 	9269 	 
0 	572 	745 	3300 	4237 	4280 	4364 	5249 	5606 	6524 	7950 	8195 	9102 	9722 	 
0 	571 	1845 	1957 	2433 	3080 	3344 	3792 	4541 	4657 	4808 	4997 	5632 	8006 	8364 	9482 	 
0 	1444 	2427 	2615 	3533 	3619 	3958 	5140 	5662 	5745 	6181 	8135 	8189 	8729 	 
0 	1937 	2089 	2101 	2906 	5219 	5408 	8324 	8484 	 
0 	2445 	2698 	4573 	6531 	9294 	9555 	9874 	 
0 	320 	998 	1282 	3959 	4233 	4569 	4834 	5040 	5351 	5817 	7328 	8105 	8936 	8998 	9547 	 
0 	177 	3523 	4182 	5826 	6408 	6507 	7590 	8383 	9672 	9983 	 
0 	833 	2282 	2776 	6028 	7170 	7448 	7451 	7612 	7743 	8503 	8780 	8901 	9238 	 
0 	425 	560 	622 	819 	2372 	2484 	2528 	2750 	2763 	4396 	4567 	4979 	5829 	8799 	 
0 	552 	1441 	1828 	2096 	4077 	5347 	5482 	5811 	6372 	6602 	6874 	7149 	9921 	 
0 	1090 	1349 	1468 	2324 	4525 	5690 	6321 	7082 	9642 	 
0 	137 	1469 	3495 	3531 	4224 	4547 	4870 	5006 	6928 	7049 	8022 	8518 	9294 	9654 	 
0 	637 	895 	1060 	1849 	2789 	5244 	5983 	7928 	 
0 	307 	574 	1258 	1608 	1796 	3648 	4965 	5273 	5456 	6489 	8989 	9749 	 
0 	113 	1150 	2812 	4262 	5601 	7166 	7516 	 
0 	418 	506 	679 	1337 	1865 	1932 	2623 	6682 	8591 	 
0 	2394 	2482 	3105 	4012 	4032 	4467 	4764 	5396 	5508 	6752 	7467 	7579 	9637 	 
0 	193 	730 	1588 	4641 	5352 	5959 	6315 	7383 	7540 	8008 	9037 	9982 	 
0 	67 	526 	1284 	2560 	5240 	5530 	8736 	9311 	 
0 	1655 	4569 	5374 	5864 	7299 	9332 	 
0 	163 	493 	1304 	2057 	3353 	3402 	4577 	5946 	9915 	 
0 	284 	371 	3242 	3718 	3738 	3920 	6008 	7346 	8187 	8276 	 
0 	93 	2214 	4431 	7937 	8104 	8449 	8491 	9095 	 
0 	2026 	2409 	2848 	3164 	4313 	4392 	7429 	7950 	 
0 	197 	1983 	2911 	4104 	4134 	6038 	6504 	6603 	7144 	7147 	8056 	 
0 	291 	632 	1408 	2217 	2793 	2979 	3523 	3864 	6161 	6935 	7007 	7054 	7456 	7631 	8592 	9167 	 
0 	951 	2614 	3490 	3578 	6065 	6299 	6336 	7818 	 
0 	917 	2651 	3322 	3370 	4587 	5978 	9084 	9958 	 
0 	200 	2665 	3721 	4473 	4588 	5547 	8225 	8623 	8857 	8930 	 
0 	322 	485 	1216 	1951 	2092 	2315 	4375 	5806 	8017 	8345 	9164 	 
0 	798 	946 	2746 	3041 	4824 	5133 	5488 	7826 	8160 	8389 	8909 	9420 	9440 	 
0 	2211 	2878 	3361 	4272 	5931 	6532 	7151 	7933 	8036 	 
0 	1049 	3737 	5711 	8133 	9639 	 
0 	3433 	4860 	6846 	6879 	7667 	8382 	8439 	9695 	9697 	 
0 	574 	1469 	1684 	4806 	4952 	5650 	8872 	9591 	 
0 	344 	357 	417 	722 	954 	2810 	3771 	4937 	6984 	9249 	 
0 	741 	1678 	2507 	2648 	2881 	3216 	4661 	5920 	 
0 	2347 	3326 	3496 	3519 	3736 	3926 	4143 	5559 	5697 	6630 	7688 	9530 	9650 	 
0 	1 	48 	818 	4058 	4771 	5898 	6036 	6786 	8273 	8543 	8830 	9684 	 
0 	2621 	4329 	4705 	6930 	7322 	7556 	9444 	 
0 	2606 	4945 	4951 	6204 	6902 	7658 	8598 	9261 	9480 	 
0 	1072 	1183 	2007 	4668 	5380 	7166 	8301 	9081 	9356 	9525 	 
0 	2315 	2475 	2569 	3088 	3350 	3447 	6017 	6248 	7113 	9314 	9744 	 
0 	1171 	1473 	3428 	5264 	5343 	5687 	5728 	6543 	8166 	8565 	9559 	 
0 	1356 	2235 	3557 	4755 	4891 	4912 	5926 	8032 	8170 	8930 	9647 	9787 	 
0 	1067 	1449 	1938 	2810 	3848 	7530 	 
0 	726 	1773 	2394 	3821 	7840 	8516 	8742 	 
0 	388 	568 	2874 	3454 	4449 	5406 	7297 	8005 	8309 	8953 	9256 	9928 	 
0 	1433 	2777 	3662 	4214 	4574 	4757 	5525 	6628 	9672 	 
0 	120 	830 	3635 	3983 	4860 	5321 	5383 	7391 	7853 	9809 	9922 	 
0 	633 	1347 	1692 	1794 	3739 	4316 	6874 	7083 	8471 	8703 	8977 	9139 	9555 	 
0 	1173 	1216 	1598 	5080 	5610 	6221 	6615 	7398 	7595 	9049 	 
0 	478 	614 	1668 	2384 	2781 	5157 	5672 	5682 	6088 	6741 	8566 	 
0 	3891 	5078 	5439 	7611 	 
0 	363 	1755 	1910 	2103 	2903 	3548 	4879 	5030 	5337 	6415 	7461 	 
0 	1237 	3022 	3719 	3764 	6215 	6520 	7065 	7585 	7601 	7676 	8017 	9796 	9905 	 
0 	1966 	1983 	2151 	3852 	5577 	5900 	7436 	8102 	8801 	 
0 	745 	834 	3180 	5745 	6710 	8397 	9403 	 
0 	216 	2233 	3513 	4224 	4432 	4976 	6565 	6954 	7606 	9707 	 
0 	589 	643 	3780 	3942 	4953 	4968 	6785 	6912 	8845 	9226 	 
0 	523 	3160 	4403 	5126 	5599 	5974 	6154 	6510 	7219 	8153 	8239 	8349 	8356 	8743 	9814 	 
0 	1457 	1546 	2224 	2629 	2953 	3201 	3738 	4115 	6076 	7182 	7863 	7915 	8204 	8791 	 
0 	175 	1340 	2844 	3179 	8997 	9467 	9739 	 
0 	1087 	2328 	3938 	5857 	6173 	7281 	8409 	 
0 	355 	1276 	1706 	6474 	6946 	9204 	9376 	 
0 	765 	1480 	1677 	2897 	4617 	5932 	6657 	6718 	7253 	7566 	8427 	9944 	 
0 	859 	2209 	2563 	2603 	2853 	7603 	8158 	8192 	8726 	8963 	 
0 	92 	187 	824 	2243 	4464 	4582 	4949 	6464 	6482 	6807 	7601 	 
0 	351 	1632 	1738 	2439 	3084 	3181 	3894 	4027 	4238 	4444 	4662 	5763 	 
0 	930 	1019 	1630 	2288 	4213 	4892 	4946 	5886 	6157 	7779 	8123 	8481 	8506 	9347 	 
0 	1100 	1977 	4610 	6254 	8590 	8776 	 
0 	351 	609 	665 	1707 	1993 	3357 	3820 	4131 	4852 	5007 	8265 	9857 	9985 	 
0 	2167 	3183 	3265 	4040 	5498 	5661 	8372 	8900 	9523 	 
0 	744 	1090 	2313 	2761 	3431 	3481 	3851 	5507 	5593 	6203 	6221 	8051 	9219 	 
0 	93 	3923 	4139 	4499 	4504 	4930 	6375 	7184 	9013 	 
0 	1637 	1947 	2666 	3208 	5392 	6041 	7383 	8805 	9467 	 
0 	937 	2389 	3019 	3514 	3765 	3818 	4058 	5550 	5705 	6596 	9785 	 
0 	279 	729 	738 	924 	1346 	2421 	3760 	4700 	5030 	7202 	7215 	7554 	 
0 	177 	472 	2386 	2440 	3428 	4164 	7727 	7794 	8572 	8595 	8663 	8991 	9076 	 
0 	360 	1960 	2748 	3956 	4353 	6774 	6969 	8204 	9349 	 
0 	1304 	4366 	4517 	4597 	4989 	5140 	5361 	5713 	7357 	7696 	7817 	9045 	 
0 	1288 	1561 	1675 	1810 	3430 	3670 	3945 	5304 	7660 	8270 	8346 	8680 	 
0 	1360 	1389 	2420 	2914 	3379 	3829 	4403 	5412 	6365 	7634 	7876 	8930 	9191 	9693 	 
0 	1732 	1776 	2131 	2379 	3412 	5232 	5780 	5823 	6493 	6769 	7187 	8897 	 
0 	6853 	7424 	7938 	 
0 	1506 	1758 	2830 	3118 	5120 	8166 	9508 	 
0 	238 	410 	3256 	3501 	3968 	4468 	5139 	5726 	8065 	8751 	8774 	9684 	 
0 	143 	288 	3139 	4052 	5268 	7368 	8100 	8630 	8637 	9118 	 
0 	1810 	2490 	3069 	3901 	4597 	5895 	5928 	6532 	6582 	7273 	7852 	9095 	9336 	9528 	9773 	 
0 	434 	3923 	7591 	8427 	 
0 	1254 	1604 	2054 	2295 	2743 	3412 	4620 	5231 	6466 	6909 	7969 	8888 	9281 	9384 	9661 	 
0 	912 	1929 	2194 	2604 	3162 	3470 	3546 	3822 	6674 	7531 	8051 	8558 	8825 	 
0 	1331 	1523 	7219 	8563 	 
0 	783 	1600 	3002 	3442 	4017 	4253 	4857 	4991 	6578 	8007 	8372 	8870 	9018 	9542 	9843 	 
0 	369 	2630 	3329 	5951 	6265 	7239 	8063 	8172 	9571 	9733 	 
0 	414 	882 	1041 	1994 	3610 	4315 	4547 	5016 	5388 	6134 	7410 	8468 	 
0 	1627 	2442 	2509 	2663 	3043 	3670 	4819 	7829 	8370 	 
0 	843 	1276 	1457 	1585 	2318 	2480 	4254 	5248 	6806 	7898 	7948 	8116 	8518 	8644 	9652 	 
0 	304 	919 	2320 	4417 	6426 	6907 	8316 	9142 	9240 	9988 	 
0 	1697 	5005 	5308 	7203 	7737 	8167 	9174 	9340 	9655 	9831 	 
0 	721 	5020 	5100 	6618 	6887 	6909 	8182 	 
0 	492 	1102 	4017 	5337 	5774 	6155 	6184 	7687 	 
0 	371 	457 	5026 	7532 	8543 	9324 	 
0 	1232 	2361 	2998 	4588 	9415 	 
0 	1031 	1617 	1827 	3599 	6995 	7009 	7549 	7562 	8980 	9034 	 
0 	995 	1796 	2517 	5467 	6404 	7401 	8981 	9895 	 
0 	377 	620 	739 	1188 	1678 	1730 	3043 	3714 	4475 	5656 	5669 	8335 	9764 	 
0 	1649 	7353 	8198 	8898 	9613 	 
0 	3034 	3242 	3735 	5087 	5259 	5461 	5657 	7572 	9177 	9900 	 
0 	138 	531 	1194 	2638 	2857 	4185 	5307 	6648 	8352 	8576 	9579 	9648 	9667 	 
0 	597 	1547 	1814 	3457 	5060 	5778 	6122 	8038 	8392 	8651 	9933 	 
0 	1348 	2155 	4039 	4306 	4605 	5002 	7484 	 
0 	1479 	2529 	3234 	3982 	4577 	5031 	5533 	5751 	6846 	7255 	8501 	8913 	 
0 	1023 	1771 	4289 	8565 	8865 	9759 	 
0 	6 	478 	3177 	4724 	6216 	6416 	7216 	7857 	7955 	8336 	 
0 	31 	405 	3125 	4654 	5608 	5756 	6219 	8213 	9499 	9620 	 
0 	670 	1102 	1957 	6455 	6479 	6527 	 
0 	1518 	1838 	3319 	3342 	3723 	5358 	5538 	6615 	7807 	7864 	8383 	8899 	 
0 	4062 	4848 	5433 	5895 	6492 	7031 	8929 	 
0 	492 	1629 	2912 	3856 	6810 	7129 	7341 	8904 	9248 	9711 	9773 	 
0 	325 	1163 	4190 	7356 	7413 	8119 	9178 	9323 	 
0 	1637 	2986 	3813 	4659 	4839 	5222 	5592 	5951 	6099 	 
0 	391 	431 	552 	1103 	3568 	4471 	4569 	4605 	4875 	7354 	9100 	 
0 	220 	1542 	3614 	3830 	3939 	4156 	5042 	5296 	5321 	6868 	7314 	7634 	7798 	8410 	 
0 	2348 	2415 	3837 	4704 	4955 	5540 	6026 	 
0 	28 	61 	1745 	2295 	2580 	3932 	3959 	4799 	6363 	6754 	6853 	7768 	7788 	9317 	 
0 	4478 	6108 	9560 	 
0 	262 	1284 	2216 	2269 	3031 	4421 	5219 	5875 	5953 	6557 	9442 	 
0 	837 	839 	881 	1256 	3203 	4818 	5520 	5740 	5983 	6028 	6081 	7553 	7699 	8264 	9017 	 
0 	1125 	2328 	2385 	3906 	4014 	5291 	6627 	6635 	7939 	8786 	 
0 	1184 	1650 	1869 	1934 	2113 	3143 	5635 	8144 	 
0 	2444 	4434 	5934 	7107 	7611 	7726 	7984 	 
0 	5279 	8822 	9001 	 
0 	1470 	3701 	7471 	9148 	9413 	9519 	9544 	9712 	 
0 	4170 	6014 	7321 	7788 	8835 	8996 	9737 	9746 	 
0 	158 	179 	2046 	2586 	2750 	4016 	6686 	7113 	9373 	 
0 	109 	788 	1673 	4184 	4635 	6611 	7214 	9929 	 
0 	1223 	1571 	3092 	3477 	4987 	5026 	6413 	6754 	7536 	9218 	9478 	 
0 	323 	367 	511 	595 	2188 	3781 	4315 	4357 	5911 	9277 	9417 	 
0 	747 	806 	5480 	8404 	 
0 	296 	1009 	4906 	5679 	6834 	8156 	8362 	9389 	 
0 	986 	2777 	4645 	5503 	5971 	7551 	9493 	9663 	 
0 	186 	191 	1351 	2651 	3264 	4711 	5407 	5944 	6307 	6502 	6936 	7086 	7913 	9518 	9814 	 
0 	750 	1728 	2575 	3474 	3535 	5640 	5854 	6460 	6543 	 
0 	3903 	4698 	5721 	7014 	7020 	7616 	8260 	 
0 	1624 	1845 	1995 	3811 	6134 	6938 	 
0 	87 	269 	953 	1513 	4019 	8678 	 
0 	81 	1275 	1936 	2215 	3353 	4682 	4826 	5491 	6296 	7090 	7832 	7897 	9496 	9601 	 
0 	377 	665 	2103 	3108 	3122 	4794 	5212 	5807 	7428 	7985 	8003 	8016 	8596 	 
0 	2142 	2443 	4871 	4903 	6458 	7059 	7251 	7309 	8842 	8898 	9568 	 
0 	6204 	6248 	6550 	8420 	8928 	9644 	9862 	 
0 	207 	355 	1027 	1299 	2091 	3848 	3892 	4567 	4868 	5335 	5965 	6084 	6367 	9264 	9398 	 
0 	1117 	2066 	2900 	3253 	3956 	4263 	4757 	5272 	6174 	7425 	7892 	8269 	8915 	9486 	 
0 	647 	1947 	2536 	2843 	3167 	 
0 	630 	1554 	1572 	1583 	1950 	2374 	2596 	4659 	5567 	6558 	6633 	6717 	 
0 	2473 	3393 	5477 	5736 	6642 	8382 	9876 	 
0 	528 	648 	667 	1828 	2346 	3419 	3442 	4828 	5013 	5757 	6504 	6742 	9033 	9783 	 
0 	1224 	1662 	2238 	3302 	3363 	6529 	7283 	9824 	 
0 	1572 	4936 	5700 	5948 	6420 	6683 	6845 	8619 	8869 	9865 	 
0 	1121 	1417 	1985 	2720 	3440 	3554 	4313 	6834 	6925 	7209 	8934 	 
0 	1012 	3168 	3217 	3269 	3878 	4202 	7026 	8006 	8281 	8846 	 
0 	1497 	4031 	4235 	5206 	5592 	8375 	 
0 	1783 	4020 	4114 	5633 	5649 	7766 	7868 	7911 	8834 	9055 	 
0 	687 	746 	1166 	2920 	3644 	4953 	7927 	8302 	8330 	8441 	8718 	9756 	 
0 	796 	2938 	3702 	5666 	6780 	7032 	7285 	 
0 	264 	950 	980 	1851 	2752 	3337 	4057 	5682 	6618 	6976 	8030 	8975 	9800 	 
0 	2708 	2781 	5339 	6402 	7860 	9931 	 
0 	430 	449 	1073 	1688 	3115 	5035 	5095 	5549 	6758 	7339 	9244 	 
0 	2469 	8573 	 
0 	544 	793 	2203 	4684 	4687 	4875 	4946 	5572 	7457 	7603 	8289 	 
0 	169 	2815 	3099 	6061 	6713 	8029 	 
0 	685 	2631 	4403 	4443 	5166 	6143 	7422 	8705 	9852 	 
0 	39 	1999 	2181 	3450 	5067 	5252 	8459 	 
0 	833 	1196 	2086 	2972 	3023 	4411 	4441 	4480 	6285 	8639 	9063 	 
0 	1105 	3009 	3050 	4673 	6963 	8074 	8354 	9027 	 
0 	1945 	3036 	3783 	3882 	4436 	 
0 	685 	1048 	1538 	2319 	2824 	3190 	4270 	5232 	5456 	5814 	7054 	7329 	8375 	8474 	8779 	 
0 	33 	1299 	2085 	2645 	2863 	3832 	4043 	4335 	5242 	8721 	9351 	 
0 	380 	453 	1502 	1526 	1558 	1989 	2653 	3424 	6508 	6947 	7561 	7908 	8192 	8551 	8775 	8983 	 
0 	843 	1557 	1857 	4265 	4842 	5019 	7354 	8613 	9323 	9354 	 
0 	286 	1315 	1368 	2292 	2857 	5731 	6591 	8400 	9542 	 
0 	598 	1788 	2034 	2727 	3527 	4431 	5829 	6001 	8143 	9198 	 
0 	519 	545 	1811 	2409 	3140 	3289 	3812 	5011 	5492 	8435 	8727 	9490 	 
0 	1999 	3494 	4088 	4855 	5464 	5906 	7874 	8475 	8713 	8751 	9236 	 
0 	508 	1191 	1229 	1368 	2970 	3741 	5199 	6491 	6653 	8128 	8445 	8638 	9165 	 
0 	688 	1875 	3071 	4235 	5820 	7716 	7915 	8502 	 
0 	349 	1171 	1773 	2038 	2439 	3751 	4191 	5230 	7091 	7720 	8008 	9017 	 
0 	1327 	1697 	1749 	3551 	3703 	3830 	6434 	8033 	9011 	9263 	 
0 	50 	4924 	5026 	6858 	6909 	7034 	7405 	7928 	9314 	9430 	 
0 	1054 	1199 	3565 	4331 	4338 	6756 	8962 	9656 	9665 	9943 	 
0 	640 	3355 	3785 	4121 	5147 	5618 	6729 	7166 	7318 	7917 	 
0 	1245 	1351 	5425 	7386 	7435 	7508 	8069 	8070 	 
0 	1292 	1548 	2465 	3871 	4872 	7125 	7568 	7966 	8668 	9239 	 
0 	92 	1451 	1898 	4192 	5097 	6191 	6335 	6383 	7116 	8433 	 
0 	268 	885 	2103 	3446 	6153 	7382 	 
0 	1599 	3375 	3680 	5405 	6424 	7257 	8222 	8530 	9540 	 
0 	2185 	2270 	2368 	3164 	3768 	3879 	4680 	5828 	7574 	8189 	9465 	 
0 	1130 	1845 	2346 	6036 	7486 	7635 	8051 	8469 	9005 	9522 	 
0 	808 	1983 	2737 	3343 	3395 	4260 	5096 	5207 	5551 	5842 	6214 	6489 	6671 	6750 	7708 	8915 	9710 	 
0 	948 	2067 	2128 	2324 	2759 	3219 	5637 	6217 	7640 	8500 	 
0 	891 	3724 	6198 	6489 	7167 	9710 	 
0 	926 	4488 	4694 	4762 	6561 	6843 	7425 	8963 	 
0 	878 	1566 	6653 	7062 	7217 	7290 	7962 	8292 	8433 	8474 	9975 	 
0 	746 	1771 	3232 	4066 	5097 	5454 	5512 	5817 	5993 	6782 	6893 	8074 	8939 	 
0 	888 	1105 	1202 	2023 	5450 	5536 	6228 	8576 	9650 	9665 	 
0 	433 	575 	1309 	1325 	3053 	6521 	6694 	9392 	 
0 	1509 	2880 	2929 	3683 	3943 	4603 	4618 	 
0 	1843 	1898 	2533 	3363 	4074 	4877 	5709 	6781 	6905 	8193 	8322 	 
0 	825 	1522 	3289 	4182 	4201 	4356 	5298 	6698 	6900 	6992 	6997 	7761 	7884 	7896 	 
0 	1317 	1966 	2130 	2613 	2784 	3911 	4332 	5394 	6319 	7465 	7971 	8712 	8886 	9063 	 
0 	810 	930 	1067 	1356 	1633 	4089 	4385 	4955 	7148 	9808 	 
0 	2 	542 	4592 	4607 	4950 	5491 	5696 	6301 	6312 	6614 	6699 	7139 	7634 	9165 	 
0 	129 	1001 	1702 	2586 	3578 	4529 	7737 	7970 	9196 	 
0 	48 	102 	2453 	3003 	3992 	5051 	5965 	6447 	6902 	8033 	8333 	8877 	9163 	9413 	 
0 	152 	1135 	2914 	3676 	5943 	7241 	7979 	9422 	 
0 	736 	1698 	2502 	2977 	3396 	3592 	4141 	4272 	5503 	5601 	7522 	9338 	9377 	 
0 	407 	741 	3710 	3789 	6340 	7134 	7675 	8057 	9017 	 
0 	932 	1805 	1912 	2158 	3896 	7241 	7612 	9470 	 
0 	881 	4627 	4825 	5390 	7041 	8252 	9908 	 
0 	330 	871 	1536 	3016 	3291 	4083 	4794 	5013 	5657 	5902 	6691 	6706 	 
0 	1156 	3046 	3857 	5316 	6744 	7032 	7960 	9154 	9941 	 
0 	510 	1199 	2217 	4807 	5772 	5943 	8237 	8293 	 
0 	168 	3987 	5614 	6097 	7259 	9332 	 
0 	1515 	2370 	2409 	2534 	3549 	4849 	7403 	7511 	8440 	 
0 	906 	1038 	1792 	2491 	4372 	7506 	8396 	8736 	9673 	9768 	 
0 	511 	2398 	3815 	5192 	6539 	7829 	8223 	 
0 	2294 	4520 	5207 	6857 	6963 	7232 	7910 	 
0 	1901 	2114 	2412 	3693 	5236 	6195 	7288 	9292 	9889 	 
0 	1882 	3913 	4954 	9481 	9580 	 
0 	2195 	2229 	3444 	3770 	4500 	5191 	5364 	5420 	7005 	7957 	9682 	9690 	9722 	 
0 	274 	1219 	1947 	2110 	2210 	2241 	4139 	5200 	5307 	6328 	6361 	7140 	7557 	8886 	8998 	9680 	 
0 	698 	854 	2141 	2395 	3110 	3285 	3407 	3604 	4370 	4518 	4564 	6006 	7443 	7816 	 
0 	800 	830 	1759 	2039 	7225 	7678 	8174 	8408 	9719 	 
0 	2104 	3754 	3789 	4374 	5002 	5414 	7250 	7835 	8396 	 
0 	2576 	3272 	3740 	3933 	5176 	5845 	8019 	9143 	 
0 	160 	1386 	2363 	5309 	5379 	6108 	6627 	6671 	7102 	7714 	8122 	9735 	 
0 	300 	594 	1180 	1470 	4957 	5107 	 
0 	1267 	1379 	3927 	4392 	4986 	7367 	9176 	9733 	 
0 	1962 	2091 	4431 	4673 	5638 	5795 	7661 	8229 	8327 	8605 	8653 	 
0 	313 	408 	1916 	3420 	5287 	8828 	8942 	9784 	 
0 	1947 	2027 	2298 	4421 	4558 	4954 	5806 	9044 	9653 	 
0 	1148 	2099 	3088 	5274 	5308 	6252 	7210 	7618 	8283 	9608 	 
0 	398 	969 	1506 	1723 	2445 	3193 	3721 	3783 	4576 	7928 	 
0 	877 	2159 	2679 	4532 	4749 	5375 	6191 	6336 	6621 	8771 	 
0 	931 	1785 	2751 	3341 	3418 	4116 	4406 	6189 	6727 	8309 	9197 	 
0 	714 	3188 	3917 	5104 	5888 	6441 	6485 	7868 	8797 	8810 	9126 	9225 	 
0 	944 	2294 	2813 	3249 	3336 	5049 	6015 	6198 	6334 	7121 	 
0 	337 	1237 	2370 	2586 	3821 	4237 	4635 	5194 	5994 	7193 	8764 	 
0 	3313 	3740 	4753 	6194 	7885 	8194 	8539 	9364 	9404 	9951 	 
0 	1018 	1149 	2377 	4573 	6138 	8377 	8459 	8617 	8840 	8846 	9741 	 
0 	54 	2441 	5642 	6959 	7127 	7345 	7695 	7917 	8044 	8055 	 
0 	361 	807 	860 	980 	1212 	1599 	2560 	2768 	3723 	3762 	4068 	4203 	5228 	6379 	6439 	7701 	 
0 	627 	768 	1243 	1377 	1800 	2267 	2327 	2371 	3416 	3639 	4383 	6203 	6840 	7431 	8786 	9787 	 
0 	375 	1405 	3606 	3810 	4043 	4518 	6640 	7231 	8763 	 
0 	276 	688 	941 	3342 	6171 	 
0 	686 	1700 	2233 	4563 	6132 	6252 	8206 	9287 	9723 	 
0 	1554 	3309 	5214 	9294 	 
0 	1489 	2333 	3558 	4028 	6180 	6875 	8205 	8530 	9133 	9234 	9250 	 
0 	447 	687 	691 	783 	1022 	2353 	2972 	3622 	3666 	6066 	9116 	9190 	9886 	 
0 	1721 	5872 	7783 	 
0 	44 	546 	618 	2879 	3087 	4166 	4622 	6596 	7219 	7843 	9767 	 
0 	878 	3585 	4408 	4592 	4601 	6116 	6720 	8425 	9644 	 
0 	252 	1181 	1203 	2109 	2442 	3079 	4201 	5753 	6327 	8729 	 
0 	1661 	3881 	4809 	5290 	5769 	6406 	 
0 	119 	483 	1393 	2295 	2681 	3224 	3704 	4517 	7658 	8688 	9580 	9781 	 
0 	266 	1367 	3809 	4837 	7855 	8594 	9419 	 
0 	2635 	4726 	5993 	7030 	7517 	7960 	8532 	8857 	8999 	 
0 	3625 	3976 	5086 	5606 	6281 	7672 	7788 	8394 	8886 	8914 	9626 	9743 	 
0 	561 	1292 	3502 	4212 	4457 	5832 	6411 	7064 	8558 	9092 	9174 	 
0 	1766 	3146 	5163 	5473 	5496 	5606 	8933 	9128 	 
0 	257 	2279 	4008 	5239 	6395 	 
0 	957 	2352 	3694 	5878 	6929 	7165 	8755 	 
0 	1082 	1796 	1990 	2305 	3528 	3888 	4398 	4781 	5150 	6491 	7458 	8030 	9042 	 
0 	402 	736 	3150 	3400 	4379 	5450 	5719 	5908 	6396 	8757 	 
0 	1295 	2938 	3851 	4311 	6010 	7425 	7776 	8271 	8444 	9523 	 
0 	997 	1109 	4580 	5805 	5866 	7657 	8820 	8964 	9611 	 
0 	131 	504 	717 	782 	2006 	6645 	6906 	7559 	8238 	 
0 	2817 	3292 	4940 	5861 	7457 	9793 	 
0 	1231 	2833 	4442 	4518 	4932 	5375 	6371 	7161 	9236 	9710 	9761 	9922 	 
0 	716 	4150 	5763 	5965 	 
0 	514 	617 	2216 	3457 	5895 	5994 	6796 	7802 	8267 	8587 	 
0 	3001 	3969 	4453 	5315 	7658 	8379 	9278 	9379 	 
0 	1288 	1879 	2232 	2846 	3163 	4475 	4614 	4910 	7248 	7743 	7745 	8465 	8503 	8563 	9051 	 
0 	638 	897 	1668 	1706 	1972 	3556 	3700 	5035 	5547 	6055 	7500 	9642 	9932 	 
0 	78 	1002 	1596 	1618 	2048 	2697 	5020 	5684 	7645 	9070 	 
0 	35 	66 	1764 	4333 	4336 	4692 	5852 	6802 	6842 	7848 	7866 	7894 	 
0 	269 	513 	1315 	2010 	3005 	3676 	4628 	4886 	9778 	 
0 	484 	984 	4678 	5514 	6039 	6251 	7522 	8984 	9040 	9778 	 
0 	2834 	4128 	7449 	7521 	7661 	7862 	9950 	 
0 	127 	343 	5856 	6475 	7948 	8391 	8602 	 
0 	323 	744 	2342 	3141 	5415 	6046 	8679 	9927 	 
0 	2081 	4467 	8861 	9953 	 
0 	1400 	2250 	2404 	2648 	4063 	5249 	5536 	6948 	8480 	9460 	 
0 	660 	2796 	3698 	4176 	5090 	6425 	6829 	6872 	7970 	8173 	9490 	 
0 	423 	1972 	2045 	2144 	2656 	4230 	4493 	4981 	5510 	5994 	6295 	8532 	 
0 	2007 	2312 	2404 	4230 	4534 	5854 	6847 	8629 	9071 	9709 	 
0 	277 	712 	1262 	2452 	4465 	4849 	6456 	6750 	7279 	 
0 	1284 	1592 	2468 	3849 	3951 	4557 	5309 	5511 	7325 	9431 	 
0 	1602 	4411 	5187 	7161 	7336 	7665 	9701 	9933 	 
0 	322 	923 	1266 	2007 	3608 	4023 	4712 	6232 	8894 	 
0 	519 	1653 	1918 	4169 	5817 	8493 	8623 	 
0 	672 	2082 	2445 	4281 	5648 	6312 	8067 	9846 	 
0 	383 	1018 	1309 	2943 	3284 	3895 	5156 	6829 	7371 	7850 	8260 	8375 	8418 	8852 	 
0 	877 	2114 	2787 	2839 	3178 	4137 	8030 	8944 	9547 	9768 	9961 	 
0 	519 	1455 	2371 	2965 	4407 	5129 	6247 	6291 	6863 	8780 	9318 	9700 	 
0 	1551 	5472 	9794 	9865 	 
0 	1279 	1436 	1792 	1888 	3450 	4632 	6511 	7251 	7886 	9150 	9879 	 
0 	228 	652 	782 	872 	1559 	3400 	4823 	6132 	7095 	8213 	8344 	9656 	9911 	9913 	 
0 	3026 	3046 	3259 	3959 	4463 	5292 	9258 	 
0 	2438 	3704 	5363 	9140 	9542 	 
0 	290 	359 	1021 	1147 	1559 	2335 	2378 	2620 	2865 	4047 	4099 	4944 	6539 	7598 	7612 	7711 	 
0 	1621 	2414 	2771 	5940 	6327 	7731 	8293 	8321 	8467 	8801 	8900 	 
0 	262 	1241 	1342 	2046 	2406 	2432 	2502 	2941 	2955 	3387 	4078 	4340 	5299 	7973 	8051 	8769 	9229 	9263 	 
0 	216 	1544 	2522 	5461 	5837 	5874 	7145 	8008 	8425 	9876 	 
0 	738 	929 	1351 	2899 	3838 	5540 	6486 	8063 	8393 	8589 	9324 	9425 	 
0 	148 	993 	1581 	2420 	2488 	2802 	2840 	4534 	6110 	7338 	8587 	9184 	 
0 	678 	2041 	2155 	2297 	3334 	4998 	5462 	5509 	6592 	7230 	7723 	9448 	 
0 	270 	1711 	2189 	3491 	3855 	6423 	7375 	7857 	8500 	9756 	 
0 	497 	1323 	1815 	2395 	4215 	7919 	8803 	8948 	9179 	9907 	 
0 	1645 	2663 	2990 	4362 	6387 	7362 	8331 	9141 	 
0 	587 	2014 	2038 	2325 	2624 	2906 	6558 	7210 	7311 	8799 	9113 	 
0 	2735 	3240 	3676 	6632 	8229 	9642 	 
0 	839 	1808 	1939 	2268 	2332 	3077 	4662 	5703 	7273 	7686 	7698 	8800 	 
0 	301 	530 	1869 	2606 	4555 	4688 	4850 	5341 	6019 	6283 	6782 	7464 	7810 	8625 	8774 	9497 	 
0 	162 	837 	915 	2353 	3012 	3357 	4328 	5626 	6078 	6104 	6467 	7596 	7987 	8212 	8584 	8970 	9069 	 
0 	429 	1209 	3111 	3695 	5013 	5490 	7510 	7806 	8034 	8566 	8818 	9189 	9349 	 
0 	461 	742 	1217 	1656 	2302 	3347 	3738 	4325 	5088 	5101 	6694 	7616 	8029 	8048 	9934 	 
0 	405 	1371 	2200 	3084 	3382 	4261 	4408 	4487 	4607 	5390 	5690 	5841 	5873 	6395 	7412 	7904 	8489 	 
0 	1393 	1838 	3806 	4568 	7338 	8272 	9111 	 
0 	2109 	2448 	3981 	5066 	5890 	6351 	6541 	8343 	8584 	9316 	9594 	 
0 	3116 	4947 	5742 	6872 	7135 	8985 	9871 	 
0 	640 	1456 	2767 	4755 	4909 	6527 	6637 	6726 	7824 	9622 	9630 	 
0 	342 	1306 	1489 	1668 	2055 	4964 	5295 	5652 	6106 	6501 	7299 	8317 	8494 	9835 	 
0 	166 	690 	1284 	1402 	4454 	4958 	5573 	6514 	8130 	9199 	9367 	9688 	 
0 	135 	850 	1909 	2492 	2506 	2911 	3978 	5121 	5409 	6095 	7139 	7426 	9465 	9944 	 
0 	1128 	2430 	2488 	2821 	3031 	3246 	4247 	4422 	4969 	5495 	5609 	5886 	5897 	5905 	8153 	8492 	9252 	 
0 	1738 	1768 	2351 	3257 	3847 	5831 	7766 	8937 	9053 	 
0 	567 	737 	1773 	1995 	2424 	2600 	5776 	7134 	 
0 	952 	2840 	3354 	4040 	4109 	6290 	7342 	8202 	8262 	 
0 	551 	978 	1137 	1667 	2546 	3253 	3836 	5007 	6610 	8250 	 
0 	915 	2138 	2650 	4622 	7430 	8809 	9566 	 
0 	1454 	1688 	2508 	2805 	3023 	5144 	8125 	9383 	9682 	 
0 	810 	1132 	1883 	2045 	4156 	5092 	5965 	6226 	8103 	9065 	 
0 	155 	1313 	1740 	2699 	3405 	6283 	6393 	8118 	9928 	 
0 	1224 	1446 	2893 	6922 	8408 	9686 	9727 	 
0 	1003 	1937 	3153 	3176 	3905 	4126 	6144 	7250 	7804 	8108 	8358 	 
0 	405 	1978 	2058 	4973 	5336 	6303 	6922 	8394 	8795 	 
0 	471 	727 	1248 	2423 	2770 	5262 	5624 	6226 	8132 	8737 	9211 	9984 	 
0 	315 	413 	1087 	1871 	2681 	4217 	4853 	6699 	6705 	8354 	9036 	9181 	 
0 	303 	609 	2148 	2950 	3419 	4913 	5154 	6303 	6984 	8060 	8155 	8311 	8317 	8706 	9371 	9506 	 
0 	643 	677 	3433 	4281 	4945 	5717 	6394 	8330 	8868 	9695 	9886 	 
0 	2819 	3442 	3766 	5040 	5256 	5317 	6761 	7289 	8931 	9452 	 
0 	244 	1905 	2859 	3892 	5355 	5465 	5776 	6122 	7790 	8237 	 
0 	117 	1238 	1471 	2145 	2413 	2421 	2746 	3511 	3661 	3854 	4499 	4778 	4963 	5123 	5534 	6691 	7899 	8446 	9719 	9980 	 
0 	980 	1549 	1991 	3076 	3855 	7904 	8721 	 
0 	1026 	1795 	2191 	2746 	3705 	4372 	4682 	6663 	7201 	9326 	 
0 	317 	1639 	1991 	2228 	3668 	6647 	6726 	7240 	7674 	7830 	7997 	9133 	9488 	9628 	 
0 	572 	890 	3289 	3710 	4669 	5876 	6416 	6850 	7323 	7718 	7910 	8636 	8700 	9680 	9980 	 
0 	446 	2275 	3340 	3817 	3837 	5536 	5683 	6053 	6537 	6748 	8732 	9208 	 
0 	433 	2350 	2945 	2984 	4093 	4743 	6655 	7851 	 
0 	1775 	2621 	3368 	4436 	5866 	6431 	8358 	 
0 	68 	284 	647 	743 	1410 	1573 	2175 	2475 	4875 	5007 	6403 	6966 	7154 	7285 	8642 	9484 	9742 	 
0 	142 	431 	637 	645 	2268 	5181 	5627 	7558 	8666 	 
0 	687 	1065 	1094 	2243 	3136 	9178 	9315 	9779 	 
0 	1981 	2282 	3278 	3310 	4050 	5385 	7192 	7227 	7544 	8982 	9582 	 
0 	787 	1174 	4017 	4898 	5348 	7092 	7760 	9216 	9401 	 
0 	1995 	2323 	3141 	5213 	5369 	5475 	7188 	8085 	 
0 	1959 	2808 	3446 	5294 	5422 	6408 	7289 	7301 	7956 	9042 	9370 	 
0 	20 	74 	603 	1061 	3227 	3729 	8770 	 
0 	700 	2770 	3423 	4157 	4468 	5583 	6278 	6471 	7054 	7300 	7403 	8003 	9171 	9474 	9954 	 
0 	1828 	1842 	3450 	3987 	4090 	7758 	7806 	9567 	 
0 	984 	1026 	1129 	1149 	2006 	2349 	4953 	5729 	6442 	6661 	9787 	 
0 	322 	1232 	1888 	1939 	2736 	4418 	6142 	7292 	7775 	8321 	8748 	 
0 	794 	2581 	2644 	2979 	3660 	4383 	5685 	6630 	9945 	 
0 	1073 	2167 	2453 	2696 	2704 	3977 	6315 	6592 	9405 	9764 	 
0 	1107 	2036 	7206 	8007 	8898 	 
0 	1542 	1685 	2721 	3511 	3580 	3633 	4224 	7081 	7818 	8962 	 
0 	289 	650 	4911 	6052 	7287 	7365 	7765 	 
0 	242 	734 	2109 	2937 	3966 	4925 	5868 	6355 	7241 	7451 	7544 	 
0 	414 	1632 	2463 	2936 	4913 	7122 	7776 	7985 	9440 	9529 	9572 	 
0 	685 	2286 	3223 	3417 	3753 	3786 	4593 	5292 	5595 	5778 	5987 	8557 	9145 	 
0 	1686 	1780 	4099 	4556 	7692 	7875 	8157 	8744 	 
0 	958 	2778 	4507 	5298 	6357 	7378 	7560 	8258 	8456 	8475 	9331 	9430 	 
0 	1663 	2370 	4388 	5313 	5315 	6764 	7079 	8903 	9149 	9879 	 
0 	37 	920 	942 	2534 	4850 	6243 	7475 	 
0 	508 	1525 	2377 	2998 	3808 	4181 	4720 	5381 	5922 	6689 	 
0 	108 	417 	463 	990 	2312 	3232 	3284 	3430 	4001 	8197 	9204 	9888 	 
0 	378 	533 	885 	1200 	1497 	2738 	3699 	3790 	4674 	7779 	8212 	8360 	8800 	9240 	9691 	 
0 	53 	1730 	1850 	1878 	2208 	3479 	4453 	5791 	6639 	7874 	8982 	9525 	9677 	 
0 	63 	120 	1146 	1920 	2334 	3289 	4963 	5639 	6501 	6909 	8275 	8619 	9187 	9211 	9913 	 
0 	1743 	2508 	2555 	4112 	4119 	4147 	4596 	4676 	4886 	8451 	9119 	 
0 	693 	5986 	6343 	6909 	8544 	8978 	9855 	 
0 	1138 	2431 	2942 	3798 	4377 	4905 	6361 	6379 	6656 	6772 	9870 	 
0 	475 	866 	1188 	2121 	2471 	3174 	3871 	4212 	5473 	 
0 	106 	304 	731 	6287 	8198 	9585 	 
0 	148 	322 	2776 	3225 	3944 	4115 	8835 	9172 	 
0 	1109 	1413 	3601 	4933 	5983 	6354 	7933 	 
0 	924 	2812 	2962 	3766 	4460 	7259 	8072 	9429 	 
0 	1107 	1953 	6963 	 
0 	1198 	1531 	5157 	7638 	7866 	 
0 	323 	532 	880 	2324 	2867 	2960 	4356 	7316 	7357 	7445 	8293 	 
0 	384 	2259 	2473 	2927 	4608 	5420 	6603 	7136 	7431 	7872 	8436 	 
0 	702 	1294 	1414 	1505 	2916 	3296 	4351 	4450 	5125 	5957 	5964 	6234 	 
0 	628 	1100 	1908 	5277 	5419 	7209 	 
0 	2208 	2223 	2990 	5048 	5256 	5921 	6917 	7633 	8084 	8292 	8521 	9027 	 
0 	1074 	1535 	1712 	2075 	4661 	9525 	 
0 	1384 	3123 	3220 	3457 	6125 	6661 	7433 	7795 	8711 	 
0 	378 	2061 	2183 	4915 	6647 	6844 	 
0 	1118 	1425 	2234 	3092 	4176 	8079 	9507 	 
0 	645 	1629 	2573 	3269 	4105 	4384 	6579 	7793 	8411 	 
0 	3673 	3989 	5892 	7778 	8917 	9327 	9417 	 
0 	484 	981 	2522 	3608 	4718 	5601 	6310 	7157 	7518 	9144 	9370 	 
0 	1113 	1603 	3216 	3826 	3934 	4010 	4697 	6693 	9602 	 
0 	1672 	3266 	6066 	7807 	8935 	9124 	9510 	 
0 	231 	926 	1497 	2593 	3353 	3547 	4022 	5579 	6347 	8822 	9253 	 
0 	935 	2400 	2903 	4109 	4695 	5931 	6449 	7953 	8166 	8702 	9808 	 
0 	1071 	3066 	5211 	5512 	8937 	8982 	9651 	 
0 	645 	675 	1720 	2036 	2770 	3341 	5410 	6092 	7052 	8019 	8281 	8557 	8764 	9038 	9244 	9929 	 
0 	801 	981 	2029 	2776 	3004 	3428 	4988 	6486 	6600 	7109 	8086 	8659 	8940 	8948 	 
0 	1520 	3303 	6157 	6559 	8280 	8282 	 
0 	203 	589 	665 	1169 	1385 	1567 	1816 	3117 	3223 	3459 	5476 	6512 	7982 	9781 	 
0 	1115 	1435 	1607 	1652 	1696 	2259 	4302 	4534 	8987 	9059 	9791 	 
0 	969 	1559 	2208 	3713 	4336 	5926 	6230 	8780 	9660 	 
0 	1011 	1682 	2810 	3473 	6154 	6524 	7509 	8418 	9106 	9362 	 
0 	59 	626 	825 	1601 	1973 	3159 	3851 	4885 	5285 	7121 	7274 	7498 	7515 	 
0 	289 	1176 	1227 	1746 	3107 	4799 	5323 	8009 	8185 	8829 	 
0 	834 	1597 	4292 	4768 	5340 	5657 	5820 	6997 	7315 	8998 	9096 	9461 	9500 	 
0 	223 	708 	761 	1286 	3037 	4845 	5515 	5572 	7472 	7522 	8228 	8751 	9033 	 
0 	310 	317 	861 	1168 	1993 	2244 	2777 	3185 	3651 	7017 	7757 	 
0 	4135 	5598 	6035 	7696 	8320 	8563 	9274 	 
0 	436 	857 	2254 	5015 	5885 	5907 	6218 	6792 	7187 	8240 	 
0 	1323 	3326 	3508 	4267 	5777 	7532 	7790 	7876 	8262 	9825 	9865 	 
0 	2568 	4987 	5422 	7919 	8817 	 
0 	46 	6230 	6647 	6897 	7267 	8991 	9810 	9866 	 
0 	843 	1719 	3473 	3476 	3773 	5749 	6033 	6843 	7128 	9053 	9576 	9956 	 
0 	2255 	2531 	8821 	9617 	 
0 	1052 	2074 	2897 	4342 	4396 	5302 	5661 	6046 	6346 	8056 	8597 	9753 	 
0 	222 	802 	2399 	8594 	8941 	8975 	9620 	 
0 	2696 	3771 	3891 	5513 	5607 	7501 	7974 	8338 	8368 	8868 	 
0 	675 	983 	1659 	3384 	3472 	4530 	5780 	5811 	6733 	7842 	8794 	 
0 	242 	692 	1766 	2455 	2548 	3656 	4278 	4363 	5338 	6461 	7590 	8039 	8318 	9588 	 
0 	1159 	1705 	4986 	7005 	7450 	7782 	9971 	 
0 	489 	3243 	3539 	4191 	5725 	6591 	7289 	8097 	8183 	 
0 	152 	530 	1448 	1700 	2469 	2753 	5995 	6025 	6233 	6288 	6440 	6675 	 
0 	1340 	1727 	2201 	2731 	3250 	3424 	5005 	7466 	8055 	8518 	8776 	9327 	9553 	 
0 	289 	1098 	1164 	3230 	4271 	4886 	5136 	5940 	6481 	6992 	7772 	7897 	8235 	8972 	9617 	 
0 	4195 	4850 	4989 	5610 	6099 	9072 	9365 	 
0 	44 	262 	1838 	2199 	3513 	6820 	7054 	9963 	 
0 	12 	176 	1279 	1403 	2727 	2924 	2974 	4766 	7021 	7087 	 
0 	179 	4337 	4882 	7799 	8346 	 
0 	2513 	3969 	5622 	6785 	7709 	9604 	 
0 	2839 	4794 	8146 	8937 	9708 	 
0 	2885 	3134 	7556 	7774 	8064 	9054 	9790 	 
0 	1952 	1963 	2585 	3729 	3764 	4147 	4344 	4780 	5510 	7033 	7196 	7335 	7699 	8271 	8589 	9119 	9535 	 
0 	733 	2581 	2645 	4163 	4984 	4998 	5505 	7271 	9048 	9224 	 
0 	979 	1151 	2157 	3536 	3766 	8092 	8830 	9311 	9735 	 
0 	1167 	2082 	3156 	4284 	4291 	4577 	5763 	7000 	9539 	 
0 	39 	397 	1465 	1598 	1679 	3468 	3809 	3850 	4244 	4299 	5063 	5519 	8249 	8760 	 
0 	2234 	3306 	3518 	5380 	6856 	7615 	7828 	8182 	9313 	 
0 	585 	1198 	3209 	4261 	4938 	5630 	6048 	9448 	 
0 	505 	1484 	2688 	2761 	3790 	5414 	6676 	6893 	7963 	9099 	9180 	9305 	9780 	 
0 	1487 	1683 	2755 	3984 	4698 	5397 	5729 	7484 	9556 	9684 	 
0 	318 	1172 	3629 	4416 	5164 	5660 	5738 	6353 	7201 	7314 	7663 	9458 	9584 	9685 	 
0 	1040 	1140 	1821 	2080 	2772 	6815 	8254 	8587 	9347 	 
0 	1235 	2061 	2378 	4256 	4501 	5091 	5095 	6485 	6546 	6762 	7556 	7703 	8093 	8270 	8419 	9508 	 
0 	709 	2838 	3411 	3720 	4755 	5570 	5667 	6181 	7124 	7362 	7687 	7734 	8430 	8822 	8978 	9352 	 
0 	122 	2679 	3476 	3502 	4769 	5356 	5360 	6448 	8107 	8160 	9656 	9915 	 
0 	477 	798 	838 	2519 	3148 	3254 	4213 	5062 	5460 	7485 	8367 	8680 	9284 	9443 	 
0 	1193 	1326 	1844 	2346 	2603 	3757 	4103 	4582 	4669 	7891 	8372 	9132 	9198 	 
0 	1219 	2810 	5723 	6635 	6911 	7698 	7852 	8338 	8764 	 
0 	14 	143 	2152 	2964 	4277 	4621 	7867 	8382 	8794 	8977 	9380 	9965 	 
0 	503 	721 	1542 	1951 	2625 	2733 	3696 	5601 	6334 	6460 	8278 	 
0 	1208 	3146 	5410 	6557 	 
0 	293 	344 	367 	626 	2565 	2690 	3453 	6043 	7820 	7963 	8962 	9232 	9309 	 
0 	3 	1241 	2998 	4402 	5122 	5442 	5846 	6304 	6309 	7432 	 
0 	1910 	5263 	5624 	6498 	6641 	7684 	 
0 	313 	484 	2632 	2779 	3191 	3286 	3760 	4228 	4704 	5359 	5535 	7188 	8376 	8629 	9549 	 
0 	1752 	2993 	3061 	4274 	5587 	6175 	6372 	6923 	7544 	9556 	 
0 	85 	1393 	2085 	2512 	8959 	 
0 	382 	841 	4365 	4872 	5309 	6983 	7772 	9346 	 
0 	533 	596 	767 	2692 	2807 	4021 	5037 	6551 	6720 	7140 	7469 	7986 	8607 	 
0 	438 	1835 	3440 	3560 	5369 	6075 	6134 	6306 	8824 	 
0 	30 	652 	3243 	3720 	3915 	4031 	4063 	6577 	7419 	7862 	9915 	 
0 	436 	1656 	3723 	5382 	7124 	 
0 	962 	1203 	1580 	1962 	2227 	2232 	4068 	4354 	4401 	6021 	7167 	7591 	8340 	8565 	9634 	9636 	 
0 	2054 	2157 	2651 	3254 	3867 	4835 	6031 	6302 	6695 	6726 	7900 	8343 	9958 	 
0 	91 	1142 	2283 	4229 	5216 	7420 	8761 	8950 	9821 	9974 	 
0 	704 	1263 	1727 	2098 	3421 	3688 	4155 	7771 	8252 	 
0 	442 	941 	977 	1027 	2738 	3514 	3822 	4606 	4800 	4863 	4934 	5465 	5771 	7903 	8241 	9465 	 
0 	1180 	2648 	3232 	3613 	3867 	4091 	4124 	6079 	6169 	6185 	6354 	7161 	7550 	8477 	9534 	9818 	9957 	 
0 	122 	2452 	4199 	5459 	6988 	 
0 	35 	520 	760 	2322 	5201 	5691 	7767 	7842 	 
0 	408 	7365 	8200 	8373 	8752 	8772 	8991 	9128 	 
0 	300 	2103 	2121 	2366 	3220 	3437 	3593 	4022 	6152 	7312 	8240 	9704 	 
0 	2940 	3166 	3370 	3889 	7168 	7975 	9550 	 
0 	3644 	5150 	5772 	7825 	9015 	9385 	9481 	 
0 	809 	922 	2743 	3194 	3352 	4475 	5624 	6830 	8012 	9747 	 
0 	1111 	1868 	2310 	2383 	2630 	2698 	3586 	4703 	5696 	7545 	9824 	9869 	 
0 	1472 	3098 	3703 	5549 	5644 	6622 	9255 	 
0 	91 	143 	765 	3498 	3569 	5199 	9207 	 
0 	339 	958 	3674 	7699 	8353 	 
0 	78 	2487 	3133 	6214 	6634 	9303 	 
0 	2687 	3039 	3847 	3913 	6672 	7803 	8340 	9814 	 
0 	577 	948 	4643 	6094 	7333 	7446 	9719 	 
0 	1062 	1070 	3482 	3853 	4333 	4535 	4692 	5187 	5405 	6160 	6676 	8660 	8678 	9576 	 
0 	300 	926 	1073 	1228 	2078 	2182 	3476 	8526 	9403 	 
0 	1243 	1977 	3811 	4439 	4751 	5049 	6358 	6663 	7014 	7112 	8914 	9074 	 
0 	6512 	6860 	9069 	9705 	 
0 	983 	1348 	3069 	5030 	5780 	6806 	6834 	6965 	9076 	9294 	9366 	 
0 	2904 	3606 	3864 	4223 	5140 	5408 	5442 	6613 	6839 	6890 	7159 	7241 	7516 	9835 	 
0 	77 	691 	1491 	2073 	2708 	2721 	5073 	5681 	6036 	6882 	7219 	9327 	9833 	 
0 	9 	1567 	1979 	3903 	4835 	6162 	6842 	7516 	 
0 	771 	2824 	4672 	4692 	5706 	6617 	6720 	8938 	9150 	 
0 	577 	1789 	1870 	2009 	2586 	4020 	5454 	5561 	7898 	7997 	8415 	9573 	9716 	 
0 	290 	420 	1447 	3703 	4645 	5368 	7924 	9012 	9481 	 
0 	580 	1997 	3555 	6279 	7078 	9020 	 
0 	1844 	3563 	3694 	6103 	 
0 	824 	993 	1454 	2088 	3161 	3264 	3938 	5355 	5471 	6515 	6661 	6700 	7932 	8787 	 
0 	596 	1069 	2534 	4650 	5297 	5998 	7820 	 
0 	85 	684 	777 	5431 	6827 	8092 	 
0 	1101 	1478 	1799 	4912 	6407 	6551 	6612 	8754 	 
0 	642 	736 	1086 	7154 	8481 	9254 	 
0 	245 	582 	1901 	2135 	3177 	3295 	8164 	8912 	8917 	9106 	9328 	 
0 	307 	435 	657 	1869 	5313 	5596 	6946 	7662 	8103 	 
0 	195 	229 	2550 	2698 	2703 	3040 	3549 	3970 	4203 	5475 	5732 	5951 	6782 	7604 	9610 	 
0 	872 	3447 	4155 	6003 	7091 	7201 	7838 	8683 	9771 	 
0 	552 	1774 	3088 	3152 	4240 	4807 	4833 	5202 	7215 	7599 	 
0 	130 	610 	1274 	3481 	3933 	5320 	7442 	8359 	9286 	9957 	 
0 	185 	506 	860 	927 	1789 	2227 	4293 	5522 	6098 	6319 	6360 	8133 	9325 	9683 	9898 	9993 	 
0 	18 	889 	1996 	2356 	2504 	3004 	3362 	3992 	8018 	9134 	9612 	 
0 	387 	1003 	2550 	2867 	2936 	5935 	6205 	6405 	7993 	8776 	9677 	 
0 	769 	902 	1474 	1681 	5821 	6469 	7611 	9449 	9844 	 
0 	1416 	4049 	5402 	6053 	6194 	6708 	7396 	7570 	8093 	8221 	8784 	 
0 	539 	676 	984 	1806 	2267 	2676 	3538 	5694 	5925 	6525 	7725 	8212 	8692 	9446 	9898 	 
0 	1451 	3263 	3814 	4417 	5174 	5301 	5777 	7157 	7359 	7812 	7912 	8649 	 
0 	822 	1036 	1279 	2042 	2245 	2505 	2532 	2699 	2911 	4049 	4055 	4439 	5689 	6418 	9640 	 
0 	3547 	4720 	4770 	4934 	7983 	9262 	9360 	9881 	 
0 	599 	1484 	3112 	3484 	3934 	5098 	6598 	6630 	7721 	8548 	 
0 	243 	884 	1952 	4024 	7211 	7679 	7713 	9606 	 
0 	2712 	4427 	5493 	5806 	7852 	8050 	9525 	9654 	9960 	 
0 	1855 	2291 	2804 	4777 	6121 	6590 	6727 	7127 	7686 	7874 	 
0 	458 	2092 	2221 	2669 	2672 	2741 	2907 	3564 	3684 	4942 	5493 	7606 	9153 	9922 	 
0 	165 	222 	7508 	7613 	9252 	9909 	 
0 	228 	3568 	3710 	4438 	4515 	4675 	5611 	7906 	8401 	8939 	9408 	 
0 	39 	822 	996 	1682 	2178 	3993 	4400 	5243 	5797 	6552 	7013 	7644 	8705 	9390 	 
0 	3375 	4355 	5091 	6041 	6529 	7303 	7621 	9661 	 
0 	487 	2207 	2710 	3023 	4136 	4560 	5692 	7188 	8774 	9199 	9604 	 
0 	2269 	2601 	2807 	3024 	3586 	3776 	4716 	5341 	6225 	7168 	7896 	8886 	 
0 	357 	524 	1124 	3776 	4355 	5961 	6559 	7675 	9353 	 
0 	1039 	1626 	2317 	2392 	2400 	3663 	4021 	4350 	4978 	5747 	5767 	6563 	6785 	7493 	8253 	 
0 	2011 	2022 	3425 	4291 	4383 	4439 	4842 	4851 	8352 	 
0 	376 	655 	3181 	3458 	3629 	5533 	8586 	9822 	 
0 	1245 	3661 	3825 	3852 	4159 	4869 	6120 	6191 	6867 	7972 	8377 	 
0 	165 	1043 	1119 	1168 	1240 	2788 	3007 	5542 	6686 	8206 	8779 	9189 	9697 	 
0 	648 	923 	2515 	3934 	5108 	5975 	7359 	7368 	7501 	7904 	8944 	9887 	 
0 	3077 	3683 	3810 	4563 	5700 	6163 	7991 	8522 	9265 	 
0 	460 	2357 	2570 	2592 	2885 	2997 	3095 	3270 	5479 	5905 	6073 	7586 	7665 	9233 	9311 	9399 	9861 	 
0 	375 	1697 	2232 	3334 	6238 	7209 	8695 	8739 	8927 	9896 	9936 	 
0 	10 	248 	345 	942 	1258 	3874 	8196 	9857 	9858 	 
0 	1067 	1352 	2315 	4502 	5060 	5468 	5517 	7643 	8818 	 
0 	665 	2695 	4258 	4366 	4683 	6123 	6315 	6770 	7312 	8590 	9976 	 
0 	750 	926 	974 	3522 	3739 	4925 	5891 	6682 	6983 	7640 	8561 	 
0 	1295 	1453 	2839 	3821 	4367 	5086 	5145 	6779 	6979 	7225 	8834 	9082 	 
0 	1614 	2126 	2650 	2764 	5704 	6145 	6537 	7824 	8728 	8849 	9782 	 
0 	212 	506 	1328 	1497 	2180 	3083 	3312 	3380 	3506 	3514 	4908 	5415 	7357 	8163 	8974 	 
0 	42 	930 	3412 	3775 	4029 	5074 	5385 	6543 	7683 	8941 	 
0 	1133 	1231 	2477 	2954 	6627 	6639 	6693 	8043 	8902 	8994 	9243 	9998 	 
0 	2860 	3980 	4065 	5476 	6867 	9461 	 
0 	203 	2469 	6202 	7088 	7514 	9188 	9697 	9947 	 
0 	2785 	2832 	3782 	4155 	5184 	5496 	6795 	7736 	 
0 	178 	490 	2584 	2824 	3286 	3347 	4778 	6942 	7579 	8591 	8652 	 
0 	1776 	2792 	3257 	3392 	3873 	4781 	5535 	6146 	6459 	 
0 	49 	1086 	1317 	1591 	1623 	2762 	4015 	6324 	6941 	7559 	7604 	8111 	 
0 	557 	1387 	1753 	1912 	4640 	6551 	7115 	7351 	7647 	8468 	8839 	 
0 	3507 	5856 	6649 	9108 	9341 	 
0 	3553 	3989 	5456 	6151 	8840 	9079 	9504 	9668 	 
0 	252 	1161 	4298 	6153 	7557 	8554 	 
0 	2260 	2360 	2909 	3131 	3590 	3810 	3822 	4023 	5128 	5138 	6186 	6993 	7106 	8883 	9670 	9838 	 
0 	270 	934 	1322 	2723 	4327 	7768 	8128 	8547 	8705 	9564 	 
0 	2974 	3138 	3215 	3319 	4383 	5666 	8732 	9443 	 
0 	1135 	1322 	1407 	1895 	2634 	2705 	4955 	6483 	7860 	8106 	9707 	9879 	 
0 	1170 	1330 	1747 	2789 	3190 	4606 	9093 	 
0 	809 	978 	4932 	5187 	5291 	7016 	7465 	 
0 	848 	1732 	2640 	4137 	7314 	8780 	8791 	 
0 	353 	2195 	4759 	5143 	5255 	6649 	7027 	7260 	7610 	8241 	9904 	 
0 	1843 	2231 	3342 	3994 	5035 	6643 	7907 	8467 	9403 	 
0 	732 	2814 	3200 	4377 	4452 	6434 	7193 	7707 	7752 	8625 	9902 	 
0 	2379 	2669 	4199 	4981 	5500 	6557 	8031 	8822 	 
0 	168 	476 	895 	2454 	2710 	2870 	2881 	3352 	3381 	 
0 	563 	1368 	1848 	5027 	8328 	 
0 	16 	2952 	4235 	6005 	7565 	7797 	8041 	8183 	9659 	 
0 	854 	3289 	5409 	7729 	7853 	9001 	9242 	9502 	 
0 	934 	1056 	2668 	3603 	3721 	3785 	4186 	6263 	7264 	8452 	9529 	 
0 	175 	1254 	1332 	1371 	2479 	2987 	5306 	5689 	6738 	7115 	7852 	8262 	8453 	8990 	9080 	9671 	 
0 	1848 	2197 	2472 	3214 	4574 	4991 	6190 	7692 	7954 	 
0 	682 	2439 	2545 	3335 	3961 	4083 	4399 	5520 	6704 	7059 	7330 	7459 	9706 	 
0 	1291 	2067 	2425 	3757 	3820 	4772 	5880 	6156 	6216 	7590 	8608 	 
0 	1515 	1825 	2893 	3389 	3529 	3803 	3871 	6111 	8206 	8346 	8912 	9029 	9767 	 
0 	80 	190 	352 	1724 	2928 	2938 	4987 	5660 	5809 	6233 	6326 	6624 	7381 	7900 	9000 	 
0 	147 	568 	1204 	3779 	4298 	5055 	5721 	5948 	6593 	9322 	9367 	9481 	9898 	 
0 	872 	1116 	2365 	3275 	5665 	6528 	7884 	8524 	8764 	 
0 	433 	485 	1097 	1749 	2613 	2782 	2808 	5308 	6185 	6365 	6708 	7467 	9565 	 
0 	552 	1095 	2718 	3556 	3743 	3843 	3864 	5239 	5997 	6349 	7002 	8264 	8335 	8812 	9591 	 
0 	1220 	1589 	2992 	4028 	5699 	6404 	7910 	8577 	9669 	 
0 	952 	1817 	1981 	3222 	6225 	6854 	7759 	 
0 	10 	467 	678 	1052 	1350 	2226 	2673 	5273 	5380 	6196 	6329 	7060 	8151 	8377 	8714 	 
0 	933 	1280 	1808 	3767 	4576 	5361 	5833 	7005 	7280 	8627 	8966 	9286 	9739 	9904 	 
0 	726 	1061 	1203 	2486 	4627 	4654 	5025 	5441 	5701 	9289 	9293 	9592 	9597 	 
0 	963 	1014 	1983 	3259 	3365 	5315 	6962 	7673 	7725 	9760 	 
0 	1216 	1946 	4381 	4426 	6700 	7494 	 
0 	2446 	2826 	3226 	6057 	6406 	6456 	8559 	8766 	8923 	8956 	 
0 	1132 	2932 	3688 	5213 	5726 	8610 	8664 	 
0 	1312 	2371 	2585 	2825 	3255 	5664 	7863 	8850 	9959 	 
0 	0 	893 	1296 	2148 	2296 	2379 	4596 	4826 	5487 	5924 	6765 	8660 	8854 	9180 	9282 	9334 	9722 	9926 	 
0 	679 	1055 	1095 	1140 	1217 	2025 	3701 	5720 	7519 	8697 	9244 	 
0 	439 	611 	1673 	2024 	2534 	4236 	5615 	7956 	 
0 	2075 	3424 	3642 	4900 	5733 	6628 	7536 	9240 	 
0 	844 	900 	1496 	2721 	5459 	6175 	7593 	 
0 	2304 	3525 	7322 	7703 	7773 	7827 	8549 	9443 	 
0 	1181 	3340 	3690 	4055 	4409 	5077 	5309 	6441 	6704 	6930 	7283 	7825 	8114 	 
0 	268 	1166 	3219 	4609 	6076 	6096 	6398 	8900 	8968 	9710 	 
0 	935 	1116 	3342 	4149 	4836 	6392 	6682 	7499 	7878 	7899 	9610 	9822 	 
0 	964 	1782 	2718 	4695 	5064 	5733 	6402 	8177 	8855 	9080 	9649 	 
0 	1261 	2819 	3087 	3403 	3747 	6720 	7348 	7551 	8503 	8632 	9068 	9702 	9902 	 
0 	42 	64 	1370 	4696 	8297 	8591 	8718 	 
0 	2413 	4323 	5376 	5390 	5937 	8656 	9779 	 
0 	180 	1372 	1993 	2283 	3432 	3740 	4362 	4955 	6631 	7132 	7400 	7814 	 
0 	1350 	2403 	4389 	5334 	5922 	7017 	8829 	 
0 	3270 	4118 	4487 	7522 	7716 	8246 	9977 	 
0 	1628 	2166 	2449 	3372 	4212 	4797 	4836 	6703 	7295 	7846 	9079 	 
0 	141 	468 	1557 	3109 	3343 	4100 	7351 	8357 	8605 	9335 	9608 	9651 	 
0 	1173 	2234 	2364 	4157 	4974 	5017 	5630 	6707 	6819 	9779 	 
0 	228 	327 	1792 	2858 	3270 	3953 	4112 	5495 	5946 	6419 	7519 	7633 	8027 	8717 	9146 	9597 	 
0 	49 	255 	339 	6094 	7704 	8377 	 
0 	1408 	1576 	1761 	2566 	2567 	3247 	3672 	4696 	4724 	5154 	5412 	5738 	6598 	7396 	7479 	8374 	9499 	 
0 	557 	1367 	1416 	2609 	5393 	5528 	7190 	9178 	9702 	 
0 	419 	917 	1385 	4879 	5348 	6342 	6916 	8213 	8747 	 
0 	2435 	2805 	3099 	4223 	6543 	6862 	7186 	8201 	 
0 	157 	2453 	3449 	5216 	6330 	6680 	7635 	8513 	9587 	 
0 	347 	2473 	3474 	5674 	7062 	8039 	 
0 	646 	957 	2384 	3605 	5683 	7417 	7622 	7774 	 
0 	80 	617 	2664 	3038 	3563 	5192 	5824 	6547 	6635 	7615 	8216 	9547 	 
0 	86 	562 	746 	1223 	1785 	4035 	4522 	5152 	5817 	7316 	7665 	8315 	8667 	 
0 	195 	2087 	2687 	4648 	5050 	7161 	9192 	 
0 	572 	1230 	3673 	3935 	4076 	4245 	4560 	4628 	5450 	7855 	8243 	8294 	8907 	9229 	9653 	 
0 	557 	1071 	2786 	2958 	3914 	4886 	6165 	6585 	7058 	9296 	9471 	 
0 	186 	1419 	4527 	5037 	5404 	5741 	6628 	6750 	 
0 	1040 	1089 	2100 	2655 	4420 	6037 	8386 	8576 	9188 	 
0 	1209 	3072 	4112 	4160 	5880 	6359 	7110 	8198 	9196 	 
0 	432 	932 	2146 	2203 	2384 	2584 	2712 	3298 	5646 	6197 	6417 	8326 	8766 	9521 	9732 	 
0 	28 	2964 	3593 	4130 	4476 	4574 	5342 	7442 	7834 	8239 	8726 	8873 	9701 	 
0 	237 	820 	1835 	1957 	2353 	3210 	5785 	7482 	8805 	9237 	9906 	 
0 	1720 	2175 	2277 	3285 	4530 	4674 	4991 	5911 	5986 	6702 	7540 	 
0 	65 	640 	729 	6972 	7934 	7947 	8579 	 
0 	716 	3240 	4294 	7926 	8821 	8975 	9875 	 
0 	359 	503 	4001 	4413 	4484 	5058 	6411 	8348 	9194 	 
0 	373 	878 	2470 	2873 	5578 	6642 	7085 	8486 	9920 	 
0 	17 	641 	1185 	1543 	2999 	3036 	5631 	5811 	6811 	7702 	8654 	 
0 	522 	1300 	1619 	1768 	1820 	3058 	3423 	3562 	4917 	5163 	6895 	7386 	8287 	8709 	9726 	 
0 	175 	479 	567 	605 	1186 	1381 	1570 	3008 	3171 	3215 	4781 	6347 	6615 	9032 	9414 	 
0 	1381 	2195 	2300 	4376 	5025 	5094 	5889 	6570 	7519 	9144 	9431 	9661 	 
0 	2226 	3148 	3964 	4423 	6174 	7045 	 
0 	2010 	6107 	6344 	6625 	7442 	7781 	8413 	8758 	9086 	 
0 	452 	584 	1770 	2418 	3544 	6006 	6244 	7381 	7679 	8027 	 
0 	344 	882 	1221 	2436 	3355 	5190 	7331 	7747 	9296 	 
0 	422 	946 	1574 	2170 	4823 	5202 	7181 	7587 	7855 	 
0 	88 	2015 	3954 	4524 	7719 	7832 	8026 	8828 	8982 	9963 	 
0 	2494 	3268 	4529 	4674 	7195 	9717 	 
0 	409 	880 	1414 	1782 	2780 	5867 	6984 	9332 	 
0 	2270 	3778 	5187 	6551 	6573 	7722 	9049 	9056 	 
0 	2191 	2612 	3230 	3248 	3722 	3871 	4384 	5012 	5967 	6111 	6438 	7561 	7588 	7788 	 
0 	156 	2065 	2573 	5792 	6163 	6958 	7219 	8202 	8825 	 
0 	10 	3679 	4870 	5063 	5478 	6152 	6793 	7777 	8176 	8246 	8866 	9194 	9966 	 
0 	610 	1872 	2573 	2658 	3482 	4410 	4944 	6253 	6685 	7819 	 
0 	297 	1000 	1739 	2404 	4965 	5660 	6656 	7412 	 
0 	2229 	2370 	2799 	2868 	3432 	4064 	4268 	5477 	6441 	6644 	6778 	8883 	9225 	 
0 	1029 	4884 	7460 	7591 	7837 	8337 	9077 	9486 	 
0 	1573 	2194 	3360 	3475 	3912 	5121 	5360 	7396 	9886 	 
0 	713 	1637 	2113 	2139 	2492 	4112 	4732 	7221 	7768 	 
0 	325 	694 	902 	3858 	4983 	5619 	6410 	7229 	7376 	8687 	9286 	9535 	 
0 	2036 	2146 	2270 	2360 	4955 	5889 	6798 	6819 	9319 	9629 	9828 	 
0 	589 	967 	1955 	3670 	4947 	5078 	5533 	5839 	6276 	6387 	6910 	7295 	7419 	9342 	9376 	9512 	 
0 	780 	1406 	1469 	3364 	5640 	5873 	8901 	8946 	8987 	9545 	 
0 	643 	1086 	1636 	2457 	2743 	3671 	3681 	3944 	6186 	7116 	7424 	7484 	8013 	9164 	9721 	 
0 	521 	1416 	5464 	6614 	9209 	9540 	 
0 	410 	1062 	1380 	3220 	3679 	3743 	4665 	5253 	5501 	6251 	6765 	7552 	7666 	8796 	9995 	 
0 	347 	1723 	1963 	3580 	5172 	5273 	5961 	6195 	 
0 	939 	2162 	4062 	4580 	5264 	6095 	8055 	8162 	9447 	 
0 	473 	3128 	3292 	5565 	6739 	8396 	 
0 	463 	1200 	2723 	4344 	4588 	5011 	5537 	5677 	 
0 	1076 	1446 	2010 	3187 	3476 	3526 	3848 	4236 	4930 	5446 	5451 	6089 	7748 	8792 	 
0 	2144 	3084 	3629 	4761 	5960 	6526 	8456 	9548 	 
0 	967 	1372 	4266 	5179 	5621 	6327 	6948 	7888 	8773 	9680 	 
0 	2426 	3434 	3809 	4071 	6398 	7204 	7397 	8472 	9718 	 
0 	208 	367 	1585 	2292 	5570 	6355 	7246 	7422 	7476 	8411 	9445 	9885 	 
0 	2337 	2938 	3124 	3229 	4891 	4915 	5698 	5906 	5979 	8040 	8191 	8674 	9134 	 
0 	86 	3010 	3047 	3187 	4055 	4143 	7154 	8548 	9116 	 
0 	4840 	5047 	6054 	6735 	6887 	9564 	9851 	 
0 	283 	953 	1205 	1650 	1707 	4076 	4276 	4504 	6242 	6324 	6568 	7751 	9828 	 
0 	1141 	3429 	3474 	3787 	7265 	7630 	8215 	9844 	 
0 	59 	235 	1820 	4196 	5182 	5567 	7887 	8280 	 
0 	522 	1173 	1913 	2412 	2753 	8101 	9909 	 
0 	78 	1739 	1758 	2630 	2888 	3591 	5977 	5987 	6647 	8975 	 
0 	93 	480 	635 	741 	1332 	3559 	4089 	5183 	6887 	7256 	9113 	9587 	 
0 	864 	893 	1019 	1883 	3025 	7318 	7999 	8231 	 
0 	72 	93 	269 	370 	1181 	2042 	4284 	7363 	 
0 	594 	1267 	3439 	4091 	5960 	6252 	6468 	7998 	9665 	9790 	 
0 	230 	432 	2679 	2695 	3913 	4324 	5112 	5865 	6255 	6565 	6905 	7947 	8936 	9873 	 
0 	460 	4835 	5572 	6277 	6291 	6704 	6858 	8826 	9129 	9803 	9822 	 
0 	887 	1781 	2170 	2268 	3695 	4341 	5189 	6549 	6598 	8093 	8928 	9061 	9791 	 
0 	239 	365 	3333 	4347 	6094 	8271 	9512 	 
0 	79 	2344 	5357 	5924 	7173 	8779 	9866 	 
0 	216 	610 	2072 	4092 	4605 	5079 	9246 	9975 	 
0 	1357 	1380 	4382 	4478 	5219 	5350 	5526 	6186 	6791 	7887 	7941 	9558 	 
0 	360 	2096 	5317 	5650 	5762 	7105 	7331 	7523 	8173 	8581 	 
0 	288 	2088 	2090 	2852 	4657 	4920 	5153 	5254 	5563 	 
0 	676 	718 	1278 	1924 	1961 	4297 	5352 	6919 	7175 	7234 	7257 	8679 	8707 	8778 	 
0 	3041 	4169 	4520 	5024 	5140 	6493 	6816 	8970 	 
0 	758 	1110 	2661 	5822 	5854 	5954 	6808 	9032 	9803 	 
0 	1575 	1815 	2263 	3737 	4237 	4251 	4359 	5207 	5331 	5911 	6284 	6561 	7090 	7649 	8128 	8158 	8232 	9302 	 
0 	861 	1260 	3027 	4950 	6135 	7828 	8715 	8759 	9764 	 
0 	2741 	2918 	3861 	4421 	5222 	5484 	6023 	6319 	7348 	8179 	8503 	 
0 	239 	1183 	1911 	2005 	2765 	4364 	5270 	5840 	7601 	7849 	8323 	9738 	 
0 	267 	460 	507 	793 	2983 	3861 	4667 	5505 	7463 	8339 	8520 	8826 	9252 	 
0 	1739 	2636 	3268 	4196 	5198 	6403 	6644 	8457 	8782 	 
0 	2760 	3008 	3549 	6024 	9119 	9829 	 
0 	471 	1101 	2665 	6021 	7454 	7500 	 
0 	3492 	3652 	4302 	5486 	7171 	8859 	 
0 	405 	1440 	1494 	1791 	2056 	4408 	7132 	7436 	8301 	8900 	9612 	 
0 	2801 	3547 	6895 	7231 	7694 	7707 	9529 	 
0 	197 	232 	1725 	2466 	4369 	4469 	5788 	5917 	6100 	 
0 	1728 	2368 	2565 	3000 	3185 	3276 	3321 	3837 	5376 	5945 	6295 	9395 	 
0 	965 	1411 	1626 	5214 	5383 	5650 	6430 	6657 	7209 	7426 	8368 	 
0 	751 	1138 	1160 	1836 	1986 	2455 	2712 	3893 	4127 	4231 	5174 	5793 	7181 	9741 	 
0 	1524 	4635 	5129 	5412 	6697 	6885 	7027 	8460 	8752 	9106 	9833 	 
0 	443 	1046 	2276 	4531 	5310 	7324 	9417 	 
0 	1200 	2165 	4734 	4836 	5056 	5330 	5986 	6391 	7446 	7527 	8883 	9219 	 
0 	1568 	4477 	4685 	7443 	9752 	 
0 	400 	1233 	1282 	1434 	1856 	2931 	4887 	5106 	5424 	6287 	6302 	6770 	7199 	7786 	8152 	 
0 	30 	354 	701 	1195 	1376 	1602 	2366 	2419 	3257 	3492 	5744 	5919 	6654 	7546 	8045 	9671 	9901 	 
0 	901 	2487 	3845 	3901 	4747 	5716 	6131 	6427 	6810 	7672 	9178 	9801 	 
0 	23 	1781 	2910 	4316 	5065 	5227 	5384 	5555 	6461 	6554 	6795 	6806 	7728 	 
0 	908 	3495 	3543 	4786 	5323 	6289 	6405 	6495 	6864 	6932 	6981 	9000 	9203 	 
0 	839 	886 	2828 	2887 	3581 	4638 	5135 	5917 	6042 	6819 	6937 	6969 	7062 	 
0 	52 	1024 	1217 	2596 	2690 	3108 	4185 	5640 	6392 	6749 	8184 	 
0 	7 	1408 	2231 	3265 	3781 	4441 	6049 	7052 	7448 	8626 	9778 	 
0 	253 	1512 	1643 	2325 	4005 	4344 	4650 	4747 	5451 	5566 	8135 	8743 	9018 	 
0 	2325 	4749 	5030 	6956 	7104 	8073 	9783 	9825 	 
0 	2158 	3099 	3314 	3379 	4695 	4869 	6166 	6776 	7654 	8119 	8128 	9438 	 
0 	741 	830 	1031 	1730 	2320 	3277 	4275 	4563 	4883 	5224 	5237 	6766 	7770 	8809 	 
0 	2460 	2843 	4891 	5254 	7365 	8423 	9527 	 
0 	3651 	3676 	3760 	5054 	6604 	7382 	7613 	8302 	9310 	9985 	 
0 	1090 	1226 	2785 	4684 	4943 	6541 	7714 	9612 	 
0 	399 	1632 	2598 	2963 	3770 	3824 	4049 	5322 	7016 	7558 	 
0 	1659 	3205 	3520 	3835 	4491 	6501 	6940 	9663 	 
0 	343 	774 	1197 	2282 	4983 	5957 	8587 	 
0 	204 	560 	2790 	3056 	3209 	3428 	3942 	4790 	5586 	5859 	9538 	 
0 	206 	268 	862 	1488 	1855 	3654 	4635 	5337 	7214 	7789 	8097 	9033 	 
0 	2735 	3544 	4765 	4815 	4822 	4943 	6537 	6584 	9105 	 
0 	1486 	1917 	2188 	3058 	3276 	3321 	3548 	3639 	3876 	5639 	6159 	7764 	8580 	 
0 	196 	3470 	4146 	4405 	6825 	9302 	9612 	 
0 	704 	1645 	2192 	3099 	3629 	4551 	5505 	6029 	9429 	 
0 	1276 	2874 	3425 	3606 	3931 	4143 	8701 	9430 	 
0 	3399 	4697 	5573 	5771 	6213 	7590 	7747 	 
0 	737 	1150 	2644 	2994 	3416 	3862 	3865 	4277 	5009 	5377 	5381 	6803 	7940 	9227 	9820 	 
0 	497 	1854 	3174 	3900 	3994 	5827 	6924 	7938 	8390 	 
