0 	2698 	2931 	4035 	4975 	6526 	7157 	7847 	 
0 	1969 	2018 	3053 	6173 	7017 	7119 	7272 	 
0 	333 	2106 	3209 	4060 	5362 	6015 	7445 	8199 	8878 	 
0 	717 	1559 	2317 	2360 	4848 	4992 	6326 	6909 	7708 	8706 	9477 	 
0 	2359 	2563 	3239 	3924 	3929 	4007 	5358 	6599 	 
0 	2233 	2806 	2936 	4139 	5250 	5881 	6203 	6901 	8557 	8569 	8864 	 
0 	522 	953 	1143 	2353 	4104 	4210 	5595 	6730 	7348 	8326 	8435 	9188 	9661 	 
0 	102 	132 	151 	817 	2114 	6191 	6320 	6418 	7979 	 
0 	560 	956 	1214 	1224 	3264 	3806 	4062 	6289 	6904 	9620 	9837 	 
0 	70 	383 	1605 	2143 	2327 	3033 	3604 	4588 	6643 	7745 	9652 	9752 	 
0 	4585 	7181 	7792 	7839 	7906 	9176 	 
0 	819 	1075 	1436 	3331 	3584 	6018 	 
0 	1066 	1121 	1721 	2408 	2816 	3206 	3356 	3357 	6216 	7682 	9151 	 
0 	180 	1772 	2404 	3021 	3307 	5325 	6929 	8109 	 
0 	932 	3072 	4454 	4739 	4793 	5780 	6248 	7704 	8429 	9393 	 
0 	525 	3287 	6960 	 
0 	1627 	3115 	6768 	7824 	8093 	8289 	8606 	9571 	9731 	9813 	9823 	 
0 	473 	808 	1742 	2201 	3641 	3770 	4536 	7217 	7891 	8428 	9097 	 
0 	642 	1303 	3866 	5570 	7763 	8051 	8520 	8878 	8896 	 
0 	422 	2050 	3730 	5418 	6878 	7044 	8775 	 
0 	1142 	2136 	4482 	5410 	7602 	8232 	9083 	9288 	 
0 	194 	259 	785 	1804 	3775 	4049 	4319 	4488 	5054 	5383 	6978 	8796 	8946 	 
0 	2349 	3339 	5529 	8916 	 
0 	1708 	2366 	6341 	7975 	9933 	 
0 	1608 	2927 	3788 	5298 	9796 	 
0 	1643 	1737 	3034 	5412 	5930 	8003 	8042 	8400 	 
0 	289 	3180 	3948 	4102 	5073 	5520 	6387 	6411 	6789 	7108 	8744 	9622 	 
0 	1875 	2101 	2740 	2815 	2966 	4873 	5534 	6685 	9270 	9654 	9794 	 
0 	611 	914 	1663 	1958 	5034 	5198 	7359 	7884 	 
0 	160 	1038 	1109 	1191 	3940 	4308 	4732 	5689 	6525 	9148 	 
0 	2547 	4054 	4849 	5659 	7716 	7973 	8216 	9688 	 
0 	1432 	2107 	2210 	3140 	3260 	4448 	4855 	5270 	5865 	7349 	9926 	 
0 	994 	2233 	2696 	3959 	4154 	4546 	4672 	5373 	8537 	8866 	9208 	9680 	 
0 	2733 	4236 	4289 	6948 	7411 	9782 	 
0 	2630 	3069 	3559 	3921 	5070 	6595 	8208 	9804 	 
0 	4894 	5376 	6512 	6615 	6693 	7519 	7725 	8560 	9912 	 
0 	2271 	4870 	5983 	6256 	6294 	8178 	9946 	 
0 	1067 	1464 	1470 	2778 	2851 	3989 	4305 	5018 	6102 	6468 	7618 	8015 	8770 	8872 	8930 	9053 	 
0 	696 	793 	1068 	1273 	1314 	2344 	3023 	5756 	5891 	6168 	6696 	6777 	8963 	8991 	 
0 	1065 	1911 	2474 	2710 	4577 	4588 	4905 	6465 	6663 	6941 	6958 	7406 	7691 	7778 	8594 	8782 	9515 	 
0 	816 	3131 	3344 	3719 	4267 	9135 	9605 	 
0 	605 	2621 	3000 	3434 	5053 	5860 	6194 	8084 	 
0 	411 	815 	2262 	2331 	3116 	3264 	4184 	4303 	5210 	5326 	7799 	7858 	8397 	8499 	9954 	 
0 	566 	1081 	1115 	1782 	2655 	3080 	3539 	3653 	5548 	6934 	7034 	9696 	 
0 	1505 	1910 	2461 	2916 	3667 	4218 	5189 	5231 	6181 	7494 	7681 	 
0 	985 	1409 	2217 	5300 	6329 	6384 	6798 	6854 	7220 	9452 	 
0 	290 	361 	2505 	3949 	4913 	6744 	7097 	7667 	 
0 	812 	2420 	3134 	3380 	3651 	4364 	4803 	5127 	6599 	9659 	9955 	 
0 	1319 	1994 	3792 	5016 	6104 	6231 	6324 	6643 	7272 	7447 	8204 	9298 	9452 	9689 	 
0 	330 	2587 	3328 	4201 	4663 	5967 	6643 	7806 	7867 	9386 	 
0 	2379 	4073 	4343 	6728 	7422 	8646 	8800 	8805 	9532 	9942 	 
0 	108 	1910 	2583 	3289 	3309 	5306 	6503 	6920 	9634 	 
0 	2377 	3121 	3255 	4193 	4846 	5139 	5174 	5596 	7194 	7978 	8802 	9486 	 
0 	1592 	1941 	3275 	3562 	4738 	7004 	7622 	 
0 	79 	1283 	1519 	1785 	2948 	5416 	6532 	7484 	8115 	8404 	8478 	9286 	9753 	 
0 	372 	530 	2369 	3122 	3957 	4777 	5645 	5879 	5999 	6782 	8719 	9306 	9628 	9697 	9911 	 
0 	94 	1033 	1185 	2969 	3248 	4222 	5330 	6208 	7195 	8185 	8873 	8939 	 
0 	880 	903 	2892 	3155 	4177 	6181 	6605 	8052 	8898 	 
0 	2113 	2116 	2152 	7101 	7160 	8393 	8717 	9406 	9432 	 
0 	81 	1523 	3545 	3563 	4181 	4350 	4768 	5363 	5852 	7173 	7658 	7934 	9119 	 
0 	166 	1119 	2458 	2492 	2816 	3868 	4461 	5966 	6844 	6864 	8025 	8429 	8802 	9587 	 
0 	721 	1814 	3408 	3650 	5330 	5577 	6089 	7359 	 
0 	85 	1704 	3124 	3288 	6080 	6932 	8193 	8642 	8715 	9494 	9498 	 
0 	520 	685 	1342 	2204 	2917 	4409 	4806 	6234 	6242 	6464 	7623 	9063 	9857 	 
0 	570 	652 	700 	730 	968 	1299 	4319 	4693 	4813 	5023 	7177 	7858 	8621 	 
0 	267 	1302 	1722 	2614 	2947 	2969 	5331 	7887 	 
0 	2824 	2900 	5028 	5358 	6455 	7519 	8482 	 
0 	158 	270 	576 	622 	1597 	2297 	2797 	3461 	6269 	6293 	7252 	9255 	9783 	 
0 	2472 	3492 	4274 	4365 	6970 	7595 	8950 	 
0 	907 	1942 	3226 	3822 	5079 	6497 	6941 	8125 	9144 	9172 	 
0 	9 	104 	1577 	4898 	5039 	5074 	6208 	8927 	 
0 	435 	1342 	1736 	4152 	4337 	4523 	5855 	5953 	5958 	6755 	8079 	9481 	 
0 	738 	2309 	3367 	3550 	4242 	4651 	5258 	5416 	6673 	7939 	8694 	 
0 	640 	1682 	2861 	4453 	8424 	9037 	9753 	9779 	9989 	 
0 	539 	1889 	5184 	5906 	7602 	9759 	 
0 	2012 	2151 	3066 	3499 	7003 	7173 	8402 	8515 	9155 	 
0 	365 	495 	1122 	1761 	1823 	3556 	3628 	4810 	7201 	9321 	 
0 	5345 	6610 	7744 	8483 	8500 	8626 	9150 	 
0 	120 	3306 	4315 	4699 	5281 	6426 	7518 	7735 	7936 	9005 	9504 	 
0 	54 	453 	999 	2646 	5967 	6104 	7945 	 
0 	928 	3084 	5841 	7832 	7875 	 
0 	59 	1018 	1227 	2382 	2479 	2999 	3940 	4130 	5885 	6513 	6797 	7381 	8376 	8506 	8972 	9370 	 
0 	315 	3586 	4378 	4398 	5065 	5658 	6625 	7074 	9076 	9671 	9989 	 
0 	117 	485 	1380 	9089 	 
0 	807 	1546 	2365 	3152 	3657 	4393 	5587 	6324 	8002 	9204 	9332 	 
0 	62 	1792 	4061 	6900 	7178 	7712 	7753 	8353 	9125 	 
0 	4551 	5336 	5489 	7142 	7876 	7930 	8042 	8645 	8928 	 
0 	364 	493 	1104 	1110 	1538 	1886 	2342 	2774 	4284 	4445 	4631 	5444 	7380 	8582 	9551 	 
0 	418 	1623 	3163 	3501 	4185 	4664 	5217 	5559 	6132 	6804 	7900 	9167 	9529 	9675 	 
0 	199 	527 	1524 	2620 	5373 	5394 	8099 	9222 	 
0 	798 	1739 	1740 	2119 	2409 	3880 	4464 	6528 	8104 	8322 	9805 	 
0 	139 	432 	630 	1340 	1364 	2588 	3168 	3708 	3734 	4571 	4897 	6265 	6366 	7720 	7733 	9028 	 
0 	2898 	2954 	4520 	5054 	5747 	6275 	6821 	7301 	7427 	8178 	8247 	9426 	9545 	9904 	 
0 	194 	3391 	3579 	6716 	7256 	7308 	7937 	7939 	9630 	 
0 	56 	138 	434 	1838 	2176 	3001 	3867 	4331 	4400 	5643 	7005 	 
0 	687 	706 	2370 	2962 	4618 	5977 	8122 	8927 	 
0 	124 	422 	948 	2096 	2236 	2741 	4303 	4351 	6417 	6543 	 
0 	3865 	5179 	8118 	9351 	9680 	 
0 	566 	4459 	4565 	5578 	6108 	8831 	8890 	 
0 	337 	544 	957 	1324 	3523 	4354 	4950 	5453 	9878 	 
0 	978 	1143 	1390 	1454 	2034 	3170 	3954 	4393 	4469 	4672 	4847 	5727 	6632 	8412 	 
0 	314 	3697 	4339 	4480 	6787 	9687 	 
0 	7 	645 	1439 	2650 	3300 	5491 	5781 	5790 	6276 	6300 	7447 	8019 	8311 	9038 	9453 	 
0 	2360 	3975 	4068 	5005 	5228 	5822 	5855 	6301 	6525 	6757 	7118 	8400 	8763 	 
0 	70 	1342 	2641 	2693 	3717 	4048 	4337 	6436 	9305 	9657 	 
0 	513 	891 	1231 	1240 	1719 	2359 	4267 	4474 	4875 	4968 	6494 	6628 	7069 	8414 	 
0 	1326 	1327 	2039 	2469 	4321 	4966 	5885 	5899 	5960 	7628 	8458 	8950 	 
0 	1677 	3834 	4695 	6293 	6996 	8259 	9897 	 
0 	51 	584 	832 	1219 	1458 	5449 	7620 	8551 	9258 	9435 	9450 	9693 	9836 	 
0 	157 	1060 	1824 	2725 	3908 	5257 	7370 	9562 	9579 	9584 	 
0 	2153 	3760 	4422 	4839 	5000 	9857 	 
0 	2139 	6167 	6299 	8309 	 
0 	749 	1383 	1614 	3591 	4139 	4192 	5095 	5273 	5336 	6179 	8893 	 
0 	128 	1088 	1658 	2652 	3356 	3955 	4082 	4358 	4563 	5616 	7248 	8062 	9891 	 
0 	2118 	2126 	2749 	4931 	5335 	8501 	9661 	9777 	 
0 	209 	2377 	3984 	4889 	5665 	5856 	 
0 	2632 	3518 	5630 	8623 	9335 	 
0 	83 	296 	1730 	1938 	2020 	2636 	3516 	4766 	7587 	8308 	9139 	9288 	9953 	 
0 	197 	1154 	3126 	3535 	4223 	8346 	 
0 	1138 	1395 	3631 	3859 	6282 	7498 	 
0 	78 	2092 	2333 	5393 	5649 	7283 	7623 	 
0 	131 	1132 	4139 	4631 	6138 	6207 	7215 	8191 	 
0 	364 	999 	1586 	1818 	2968 	4747 	4824 	5988 	6108 	7700 	7724 	 
0 	288 	2209 	2739 	3228 	3860 	4363 	5560 	6139 	6428 	9595 	 
0 	96 	353 	2322 	2386 	3123 	3381 	3831 	3958 	8336 	8574 	8958 	9333 	9858 	 
0 	1772 	2513 	3259 	3352 	4717 	5402 	6419 	6774 	9311 	 
0 	2903 	4955 	6936 	8234 	 
0 	760 	1101 	2846 	3313 	4876 	7523 	8114 	8361 	 
0 	113 	491 	560 	944 	3493 	4908 	5588 	6085 	9382 	9637 	9890 	 
0 	168 	846 	2609 	3198 	4395 	4659 	5682 	6199 	7446 	 
0 	812 	1146 	2032 	2368 	2484 	4445 	5425 	6564 	7761 	 
0 	121 	503 	2180 	2769 	3413 	4451 	4887 	7003 	7510 	8416 	9827 	 
0 	7 	1071 	1211 	2127 	3223 	5981 	8713 	9243 	 
0 	1741 	1941 	2313 	2784 	3190 	4718 	5646 	6029 	6813 	8645 	9713 	 
0 	275 	4076 	4300 	4417 	6110 	8111 	9348 	9983 	 
0 	1276 	1390 	4300 	4432 	4537 	5777 	6193 	6279 	6336 	6479 	7104 	7568 	8623 	 
0 	328 	1345 	2854 	3821 	3919 	4369 	5221 	7169 	8494 	9200 	 
0 	1572 	3388 	4360 	6263 	6600 	7245 	8296 	9146 	 
0 	94 	2538 	5302 	6480 	7343 	8236 	8891 	8934 	9017 	9675 	 
0 	91 	2069 	3418 	5920 	9433 	 
0 	2995 	3067 	3131 	3200 	4098 	5060 	6183 	7149 	8278 	9200 	 
0 	1807 	2763 	5263 	6078 	7218 	7864 	8011 	8240 	8793 	 
0 	550 	851 	953 	2082 	2209 	3244 	6101 	6219 	7596 	8099 	8839 	9032 	9526 	 
0 	462 	1492 	1743 	3996 	5316 	7321 	7704 	7733 	9347 	 
0 	331 	2362 	2823 	3464 	6049 	7114 	 
0 	1963 	2300 	4229 	4881 	6630 	9185 	9706 	9966 	 
0 	188 	1228 	1742 	1940 	2313 	3015 	3363 	3592 	4136 	4303 	4691 	4973 	8363 	9095 	9573 	 
0 	152 	1081 	1754 	1952 	2888 	3781 	4723 	7022 	7174 	7833 	8641 	8933 	9422 	9514 	9835 	 
0 	713 	2810 	3845 	3902 	4920 	5561 	6373 	7549 	7629 	8594 	 
0 	531 	1245 	2739 	3532 	3716 	4273 	6350 	6564 	8572 	 
0 	1463 	3251 	3877 	4470 	6134 	9471 	9622 	 
0 	7 	299 	644 	768 	1152 	1625 	2120 	2271 	2748 	8631 	9778 	 
0 	147 	2141 	3441 	3856 	5615 	6687 	7448 	7677 	 
0 	3947 	4249 	5013 	5739 	6186 	 
0 	298 	1302 	1375 	2276 	3704 	3975 	4116 	6858 	9779 	 
0 	1248 	1564 	2131 	2640 	2828 	3350 	6572 	6900 	7167 	7577 	9121 	9467 	9468 	 
0 	2401 	2994 	4097 	4362 	7905 	8335 	 
0 	109 	2244 	3522 	4432 	6033 	6170 	7872 	8057 	 
0 	67 	587 	1167 	1277 	1515 	1713 	1961 	2182 	2916 	3161 	4407 	5320 	6246 	7369 	8535 	8572 	8878 	9128 	 
0 	1086 	3728 	5711 	6492 	7066 	8032 	9406 	9490 	9665 	 
0 	29 	245 	577 	1393 	1655 	2141 	2468 	3686 	4029 	4430 	4496 	7469 	8981 	9169 	9373 	9917 	 
0 	608 	1141 	2457 	3174 	4446 	4900 	4924 	9395 	 
0 	489 	2108 	2612 	6760 	7558 	8173 	 
0 	2983 	5779 	7254 	 
0 	579 	939 	1801 	3208 	3258 	3848 	 
0 	368 	635 	717 	2857 	3660 	5063 	5687 	6066 	6319 	7776 	7787 	8150 	 
0 	60 	699 	732 	1535 	3561 	4839 	6001 	6661 	7567 	8392 	9968 	 
0 	2063 	2422 	2444 	2539 	3120 	3380 	3721 	4151 	5376 	5539 	6424 	9993 	 
0 	129 	315 	1521 	1797 	2411 	4759 	5308 	5519 	5553 	5926 	5981 	7456 	7822 	8730 	9305 	 
0 	1006 	1675 	2396 	3156 	3526 	3529 	4266 	4291 	6525 	6969 	7404 	8288 	9052 	9869 	 
0 	2994 	3412 	3413 	3522 	4950 	5393 	5444 	5901 	6153 	8238 	8856 	9092 	 
0 	1235 	1846 	3027 	3076 	6171 	6492 	6993 	8009 	8304 	9273 	9521 	 
0 	464 	928 	957 	4747 	5501 	6462 	6646 	6912 	7055 	8406 	 
0 	2031 	3152 	4417 	5204 	7139 	9465 	 
0 	2223 	2300 	2694 	3824 	4658 	5158 	5895 	6499 	9261 	9942 	 
0 	936 	1076 	1937 	3426 	4171 	5733 	7034 	7296 	7827 	7893 	9981 	 
0 	2290 	4737 	5026 	5089 	7131 	7682 	9297 	 
0 	1216 	2064 	3529 	3945 	5260 	5901 	7240 	7312 	8317 	8587 	8704 	9521 	9597 	 
0 	993 	1844 	1875 	1904 	2229 	3134 	4317 	5070 	5074 	6266 	6305 	7804 	8181 	8265 	8871 	9902 	 
0 	2590 	2827 	4119 	6081 	7369 	7683 	9165 	9941 	 
0 	13 	375 	411 	4446 	7860 	8270 	8321 	9491 	 
0 	496 	2021 	3573 	3666 	3679 	5867 	6578 	8198 	8983 	 
0 	1728 	3313 	5878 	6138 	8291 	8417 	9371 	9447 	9535 	 
0 	1954 	2160 	3125 	4690 	6844 	7088 	8235 	8325 	 
0 	1033 	1258 	1304 	2030 	2988 	5423 	9403 	 
0 	1119 	2303 	2990 	4438 	5115 	5501 	6577 	6685 	6754 	7762 	9236 	 
0 	1398 	2984 	3048 	4330 	6100 	6143 	6266 	6286 	7376 	7880 	8367 	9111 	9725 	9895 	 
0 	465 	1124 	3803 	4204 	7230 	7301 	9610 	 
0 	146 	3425 	5710 	5767 	6314 	8281 	9139 	9754 	 
0 	274 	826 	2064 	2566 	3006 	3822 	5133 	5163 	5397 	5409 	6224 	8325 	8526 	 
0 	1054 	1198 	3802 	4377 	4861 	5993 	6159 	6179 	7832 	 
0 	1485 	4330 	4579 	5344 	5398 	6081 	7376 	8760 	 
0 	1883 	2933 	3122 	4517 	4530 	5218 	8857 	9910 	 
0 	2539 	2634 	2951 	2963 	4539 	5239 	5404 	7251 	8970 	 
0 	21 	93 	3215 	4171 	6573 	 
0 	807 	3941 	7758 	7877 	8282 	8513 	 
0 	2380 	3668 	6158 	6920 	7994 	8047 	8159 	8480 	9214 	9673 	9935 	 
0 	118 	1106 	1615 	2169 	2369 	2710 	3595 	3812 	5701 	7258 	7964 	9449 	 
0 	1934 	2754 	3242 	4360 	4914 	5632 	5690 	6122 	6398 	6732 	6825 	6833 	8066 	 
0 	89 	5283 	5519 	7136 	8994 	9381 	 
0 	368 	3935 	4764 	5280 	5848 	5850 	7205 	7262 	8812 	9563 	9857 	 
0 	568 	2915 	4152 	4209 	6197 	6252 	6312 	8274 	9142 	 
0 	611 	1319 	1366 	2169 	2622 	3121 	5239 	5243 	5803 	6171 	6376 	8163 	8169 	 
0 	688 	1708 	1778 	6891 	7654 	7802 	8085 	8670 	8691 	9173 	9742 	 
0 	761 	2415 	2934 	3915 	4435 	5302 	6227 	7990 	8364 	8673 	9116 	9344 	 
0 	814 	1388 	1492 	1976 	2481 	4636 	4704 	4930 	5444 	5655 	6614 	8500 	9410 	 
0 	1869 	2383 	2565 	2780 	3519 	3741 	4008 	4166 	4255 	4735 	5158 	5482 	7132 	7991 	8478 	 
0 	3215 	3914 	5314 	5922 	7385 	9146 	 
0 	691 	1069 	1736 	2557 	2633 	3470 	3685 	4413 	4629 	4770 	4850 	4933 	5777 	7928 	9780 	 
0 	115 	414 	877 	3029 	3960 	4462 	 
0 	1389 	3792 	3866 	4115 	6950 	7053 	9790 	 
0 	981 	1036 	1150 	1497 	2490 	5010 	8772 	9444 	 
0 	626 	1272 	2607 	3512 	4581 	4793 	6206 	6277 	6481 	7233 	7798 	8358 	8696 	9935 	 
0 	327 	721 	3013 	3062 	3592 	3768 	4633 	6283 	6361 	6696 	 
0 	437 	1334 	2130 	3145 	4423 	4528 	6472 	6827 	 
0 	216 	509 	1052 	2088 	4997 	6172 	6187 	9402 	 
0 	215 	3770 	5536 	5722 	7292 	7547 	7946 	8592 	8950 	 
0 	1631 	2000 	3639 	4002 	4246 	4465 	6616 	8013 	9947 	 
0 	2402 	2567 	3792 	3960 	4192 	4495 	4865 	6123 	8155 	 
0 	847 	5905 	6241 	7047 	8002 	8361 	 
0 	1044 	1365 	2159 	2684 	2920 	3858 	7093 	7357 	9561 	 
0 	2141 	2282 	2456 	3544 	3674 	4435 	4643 	5875 	6048 	6590 	8680 	 
0 	1462 	2322 	4011 	4510 	5179 	6486 	7671 	7776 	9987 	 
0 	646 	2696 	3227 	4105 	5717 	5812 	6014 	7204 	7661 	8309 	8775 	8863 	9383 	 
0 	3111 	3629 	3752 	6657 	8099 	8421 	8608 	8728 	 
0 	2778 	3383 	3833 	5271 	5398 	6700 	6896 	8067 	 
0 	983 	1655 	1935 	3000 	3098 	4022 	4148 	4850 	5651 	8404 	8836 	9061 	9759 	 
0 	542 	3244 	3928 	5032 	6392 	8366 	8454 	8901 	9054 	9453 	 
0 	489 	1749 	2344 	3023 	3120 	6589 	7541 	7777 	7866 	9627 	 
0 	280 	964 	1172 	2928 	4242 	4708 	5034 	5354 	6197 	6964 	7229 	7758 	8836 	8910 	8981 	 
0 	3050 	5695 	6208 	6969 	7941 	8460 	 
0 	744 	1584 	2172 	4648 	5228 	5299 	6500 	6848 	7648 	9509 	 
0 	1926 	3084 	3502 	7964 	 
0 	976 	1806 	2413 	3219 	4774 	4834 	5373 	8265 	8738 	 
0 	1609 	1861 	2574 	2779 	2844 	3085 	3998 	4255 	4954 	5201 	5267 	5547 	8073 	9218 	9402 	9726 	9971 	 
0 	1598 	2537 	2939 	3810 	3860 	4081 	4388 	4440 	4596 	5736 	6006 	7087 	7102 	7934 	 
0 	264 	1442 	1682 	2681 	2771 	3311 	3432 	4580 	5487 	5808 	5859 	6089 	8509 	9011 	 
0 	1611 	2636 	3948 	6425 	6764 	7045 	7885 	9095 	 
0 	694 	3274 	3489 	3810 	4644 	5355 	6261 	6280 	6781 	6836 	6864 	6961 	7320 	 
0 	1929 	2318 	2719 	4519 	7135 	7944 	7956 	8772 	9087 	9252 	9788 	 
0 	850 	1275 	1633 	2254 	2928 	3192 	4498 	4846 	6208 	6988 	8483 	8998 	 
0 	1687 	2493 	3960 	8572 	8579 	9018 	9055 	 
0 	4829 	5021 	5219 	7612 	7674 	8380 	9048 	 
0 	799 	2695 	3705 	4469 	5144 	5385 	6015 	6568 	6853 	6975 	7772 	8247 	8990 	 
0 	487 	517 	926 	2389 	5821 	5991 	7586 	8003 	8314 	8410 	8717 	8877 	 
0 	160 	286 	688 	3436 	4488 	5504 	5878 	6597 	7756 	8396 	 
0 	807 	810 	1072 	1873 	2375 	3190 	4026 	4979 	5171 	5378 	6927 	8602 	9178 	9563 	9898 	 
0 	1897 	2010 	3097 	3371 	4311 	4396 	4654 	4868 	5034 	6536 	6566 	7127 	8390 	8822 	9077 	 
0 	1978 	4632 	5552 	5878 	6138 	6242 	6427 	7792 	8507 	8868 	9172 	 
0 	2004 	6480 	8004 	8650 	 
0 	1047 	1700 	3437 	3878 	5103 	5481 	6244 	8374 	9778 	 
0 	327 	367 	990 	2651 	2724 	3078 	4074 	4173 	6524 	9552 	 
0 	652 	2573 	3714 	4192 	4434 	6762 	6812 	6818 	7496 	7810 	8066 	9123 	9210 	 
0 	1326 	1478 	2513 	3419 	4376 	5978 	7980 	8100 	9210 	 
0 	627 	3486 	3988 	5092 	5850 	6539 	6739 	8143 	8249 	9072 	 
0 	660 	1620 	1682 	1803 	2486 	4632 	6000 	6531 	7167 	7867 	 
0 	787 	1422 	1595 	2939 	3748 	4359 	4525 	5409 	5517 	5798 	8380 	9269 	9345 	 
0 	660 	1471 	1862 	2471 	2795 	6756 	7051 	7504 	9775 	 
0 	584 	1667 	1776 	2081 	2214 	2768 	5191 	6459 	 
0 	21 	586 	701 	2448 	2536 	3426 	4473 	4835 	6314 	7121 	8565 	8848 	9116 	9392 	 
0 	892 	1104 	5505 	6414 	9711 	 
0 	678 	699 	974 	2567 	3146 	4204 	5896 	6268 	8300 	 
0 	814 	3072 	3985 	5707 	6676 	7361 	7546 	7681 	8259 	 
0 	877 	1179 	2277 	4320 	4635 	5526 	9008 	 
0 	236 	451 	1518 	3485 	4815 	6938 	7399 	8802 	8821 	9526 	 
0 	2200 	3411 	5587 	5892 	 
0 	433 	1417 	1503 	1541 	1724 	1767 	1787 	1913 	2250 	3172 	3895 	6332 	7499 	8792 	9382 	9485 	 
0 	65 	3380 	5335 	7957 	9382 	9414 	 
0 	1884 	1978 	3915 	4797 	5415 	6968 	7428 	7854 	7991 	9301 	 
0 	510 	1023 	1032 	3829 	6843 	7380 	7520 	7939 	9309 	 
0 	67 	2560 	2814 	6359 	7226 	7551 	7812 	8172 	8616 	 
0 	2379 	2699 	3011 	3534 	5294 	8661 	9047 	 
0 	550 	1970 	5729 	6724 	9596 	 
0 	394 	798 	3344 	4699 	4913 	4987 	5153 	8640 	9229 	 
0 	189 	718 	1554 	2313 	2575 	3185 	3433 	4804 	5855 	5955 	6265 	7151 	7464 	8458 	8900 	9011 	9190 	9605 	 
0 	134 	1727 	3408 	4304 	4501 	5186 	5791 	5896 	6032 	6550 	6756 	6836 	9267 	 
0 	631 	835 	1138 	1664 	1831 	2312 	2322 	2801 	3255 	3675 	4721 	5058 	6938 	7488 	 
0 	1623 	2852 	3155 	3226 	4101 	4251 	4792 	4945 	6525 	7530 	8086 	 
0 	1464 	2340 	3380 	3561 	4590 	5330 	6187 	8767 	8986 	9450 	9633 	 
0 	375 	2140 	2245 	3813 	3876 	5486 	7311 	8960 	 
0 	229 	970 	1025 	1665 	3342 	3946 	5541 	6232 	6968 	9993 	 
0 	1513 	1716 	2707 	3565 	3630 	3803 	4813 	5308 	6957 	 
0 	467 	748 	2537 	4692 	6792 	6984 	8393 	 
0 	1915 	2214 	2459 	2595 	2603 	4334 	4672 	5015 	6375 	7932 	8536 	9508 	9601 	 
0 	2076 	2567 	3139 	4113 	4290 	4444 	5060 	5572 	5956 	6425 	6707 	6726 	6884 	7255 	7595 	8091 	8236 	8304 	9214 	9604 	 
0 	503 	1411 	2558 	3089 	3506 	4164 	4352 	5445 	5800 	6108 	8309 	8466 	8531 	8885 	9474 	 
0 	245 	1287 	1747 	1938 	3158 	3356 	3422 	5245 	5264 	7414 	8021 	9753 	 
0 	391 	1548 	2419 	2732 	3829 	4837 	4959 	5128 	6480 	8374 	8877 	 
0 	123 	432 	505 	607 	1719 	5208 	6636 	7321 	7949 	8067 	8156 	 
0 	26 	1072 	2665 	3517 	6278 	6279 	7611 	7659 	7679 	8045 	8049 	8173 	8402 	 
0 	46 	359 	576 	2262 	3517 	5554 	5804 	6368 	6505 	7059 	7544 	7748 	8139 	9061 	9809 	 
0 	3866 	3975 	3982 	5909 	6105 	6594 	7184 	7259 	9330 	9463 	 
0 	1242 	1662 	1663 	2654 	3536 	4359 	4883 	5807 	 
0 	921 	2033 	2851 	5899 	7707 	8305 	8838 	9915 	 
0 	1101 	1164 	2095 	2991 	6607 	6788 	8521 	9065 	9118 	9170 	9290 	9310 	 
0 	853 	4070 	6760 	7079 	7230 	8560 	 
0 	117 	662 	1720 	1765 	2074 	2354 	2772 	2915 	2932 	4555 	4679 	7374 	8135 	8638 	9713 	9822 	 
0 	844 	966 	5620 	5843 	6383 	6717 	7908 	8680 	 
0 	154 	2369 	3668 	4097 	5219 	7060 	8471 	8748 	9276 	9654 	 
0 	151 	893 	1200 	3063 	3111 	3461 	6339 	6351 	6434 	7018 	9375 	9981 	 
0 	2985 	3173 	3333 	3356 	5128 	5777 	6014 	6450 	6967 	7163 	7470 	7727 	7739 	9484 	 
0 	387 	782 	1711 	2148 	2474 	6381 	7557 	8597 	9001 	9411 	9532 	9944 	 
0 	883 	1643 	1823 	2233 	2260 	2776 	2782 	3503 	5568 	5887 	6849 	6888 	8255 	8955 	9919 	 
0 	1346 	1665 	2029 	3276 	3672 	3786 	4133 	7583 	9036 	 
0 	1087 	2222 	2421 	2659 	3366 	4424 	4717 	5068 	5532 	5616 	6981 	7332 	7628 	8441 	9167 	 
0 	1336 	2029 	2193 	2285 	4677 	5553 	8196 	9202 	 
0 	2341 	2950 	4326 	4553 	4600 	8566 	 
0 	1459 	2875 	3592 	4100 	5278 	5296 	5478 	6168 	7247 	7757 	8241 	9352 	 
0 	2393 	2709 	3121 	3132 	3748 	4624 	4775 	4845 	7050 	8710 	8745 	9210 	 
0 	2942 	3195 	4201 	4422 	4427 	6797 	8857 	9418 	 
0 	689 	1195 	3166 	3835 	5558 	7662 	 
0 	1382 	2745 	3033 	3443 	6215 	6896 	8186 	9498 	 
0 	368 	1654 	2073 	2113 	2869 	2953 	4401 	5063 	6699 	7192 	8235 	9110 	 
0 	784 	1052 	1154 	1710 	2998 	3288 	4164 	4352 	5555 	7473 	7710 	8636 	 
0 	101 	668 	1605 	4201 	6638 	8794 	9739 	 
0 	82 	168 	727 	1585 	2094 	4092 	4836 	6116 	7582 	8007 	8739 	9329 	9636 	9943 	9974 	 
0 	832 	1310 	1490 	2226 	5167 	5692 	5991 	6286 	8453 	8832 	9114 	 
0 	1511 	2874 	2907 	3552 	4657 	7076 	7590 	7662 	 
0 	486 	1183 	2464 	3658 	3965 	7696 	9101 	 
0 	5486 	8652 	9345 	9449 	 
0 	538 	701 	935 	3275 	4304 	4632 	4782 	5870 	6049 	7239 	8104 	8233 	8320 	8613 	8933 	9818 	 
0 	371 	1084 	2093 	5753 	8950 	 
0 	609 	1441 	3860 	4353 	6800 	7263 	7533 	7606 	7629 	 
0 	742 	5665 	7372 	7524 	7634 	 
0 	1936 	3923 	4579 	4649 	7102 	 
0 	546 	908 	2049 	2407 	2506 	2886 	4827 	5322 	5417 	6529 	7354 	7913 	9809 	 
0 	2771 	3334 	5201 	5564 	 
0 	213 	251 	1672 	2331 	5600 	6009 	6093 	6689 	7866 	8440 	8576 	 
0 	136 	1037 	1139 	3430 	5062 	5931 	6769 	8473 	 
0 	1135 	1298 	1568 	1591 	2475 	2680 	3466 	4713 	5325 	6684 	 
0 	49 	1354 	1609 	3044 	5051 	5513 	6221 	7453 	8778 	 
0 	144 	1670 	5313 	6446 	 
0 	2583 	3144 	3782 	4472 	4974 	6029 	6103 	6316 	8609 	 
0 	2 	1113 	1121 	1216 	2000 	2460 	3717 	4116 	5548 	8717 	8964 	9847 	 
0 	1931 	2650 	3763 	4036 	4100 	4334 	8148 	8315 	9668 	 
0 	731 	922 	1416 	1870 	3675 	5903 	6282 	7215 	9436 	 
0 	800 	1634 	2930 	4440 	5183 	5608 	6288 	8617 	8653 	9103 	9108 	9869 	 
0 	99 	859 	4247 	6199 	7481 	8247 	8296 	8755 	9005 	9908 	 
0 	827 	1243 	1539 	1843 	2101 	3370 	7091 	8053 	8808 	 
0 	1519 	4595 	7734 	7867 	8806 	9955 	 
0 	3711 	3846 	6044 	9400 	 
0 	623 	704 	1488 	1883 	2276 	2607 	3079 	3797 	3994 	 
0 	535 	1997 	2888 	3588 	5311 	7566 	8803 	8873 	9414 	9506 	 
0 	522 	843 	1505 	3753 	3836 	4880 	6588 	7523 	7989 	9570 	 
0 	1390 	2008 	2322 	3482 	5672 	5831 	6126 	6841 	7269 	7707 	7898 	9587 	9901 	 
0 	597 	1684 	1686 	1960 	2206 	3962 	4461 	4665 	7792 	9412 	9490 	9860 	 
0 	431 	914 	4656 	4731 	5306 	6535 	9000 	 
0 	1832 	2558 	2567 	2666 	5314 	5800 	7873 	7920 	8103 	8414 	9802 	 
0 	694 	2541 	7077 	8199 	8296 	8378 	 
0 	448 	638 	1378 	1816 	4215 	7207 	7420 	8527 	8580 	8945 	9489 	9526 	 
0 	1369 	1517 	1557 	1661 	1931 	3731 	5555 	6143 	8024 	8466 	 
0 	550 	1020 	1182 	2584 	2866 	3328 	4036 	4095 	4199 	4360 	5461 	6308 	7302 	7305 	 
0 	1762 	2211 	2302 	2937 	2995 	5271 	5875 	6872 	7832 	8878 	8902 	9059 	 
0 	124 	470 	1459 	3687 	4722 	5846 	6095 	6458 	6661 	7818 	8698 	9650 	 
0 	717 	2186 	6086 	6128 	7973 	8319 	8449 	8864 	 
0 	1211 	1953 	2427 	2830 	3724 	4004 	4091 	4694 	4877 	7298 	7385 	8312 	8356 	8688 	9701 	 
0 	911 	1328 	2680 	2756 	3519 	4838 	4924 	6681 	8531 	8757 	9080 	 
0 	978 	2788 	3188 	4335 	5574 	5755 	6427 	7269 	7782 	8526 	8784 	 
0 	4095 	4818 	5189 	8249 	8923 	 
0 	290 	854 	2272 	2559 	2775 	3442 	7544 	7889 	 
0 	630 	643 	1115 	1763 	1825 	2312 	3255 	3577 	3881 	4512 	4654 	4984 	5086 	7313 	7948 	8515 	9969 	 
0 	46 	927 	1205 	1845 	1903 	2294 	2548 	5112 	5699 	6538 	7485 	8462 	9036 	9804 	 
0 	3450 	3545 	4193 	4322 	6311 	6511 	6899 	8259 	8985 	 
0 	1125 	1943 	3054 	6056 	7288 	8858 	 
0 	87 	122 	1257 	1542 	4454 	9638 	9872 	 
0 	76 	402 	1270 	2744 	3445 	4382 	4628 	6676 	7944 	8736 	 
0 	1612 	1998 	2294 	4374 	5809 	6318 	8512 	9375 	9628 	 
0 	251 	2232 	2251 	2592 	2796 	3814 	7372 	7707 	7928 	9657 	9960 	 
0 	165 	200 	312 	1231 	2537 	2665 	4646 	5061 	6047 	6554 	8649 	8652 	9052 	 
0 	630 	1570 	1790 	1933 	3008 	5658 	5664 	6072 	6655 	7328 	8768 	8833 	9280 	9942 	 
0 	1660 	2709 	3087 	6147 	7939 	8088 	8108 	9671 	 
0 	321 	1259 	2032 	2693 	2825 	3383 	3713 	3792 	4582 	5161 	7086 	7255 	7336 	8287 	8289 	9981 	 
0 	55 	901 	3495 	3563 	4171 	5556 	6660 	6680 	8122 	8364 	8815 	9005 	 
0 	1565 	2245 	2852 	3496 	4951 	6699 	7039 	7890 	8774 	 
0 	479 	695 	1657 	2154 	4348 	8591 	9212 	 
0 	180 	279 	1040 	1555 	2954 	3528 	3841 	3954 	4835 	5771 	6098 	6196 	7189 	7487 	7791 	8607 	8705 	 
0 	2947 	5836 	6317 	7785 	9641 	 
0 	1945 	2203 	2811 	2814 	5058 	6134 	6326 	7018 	7340 	7382 	8095 	8567 	8586 	8603 	 
0 	1223 	1934 	2138 	2157 	3448 	5180 	5263 	6091 	6265 	7621 	7641 	8622 	9314 	9640 	 
0 	438 	2999 	3704 	 
0 	1101 	1563 	1678 	2201 	2913 	3335 	3980 	5845 	6323 	7412 	8475 	9917 	 
0 	1137 	5199 	5357 	6389 	8006 	8014 	8370 	8791 	9058 	 
0 	803 	808 	1369 	3046 	4232 	4402 	5110 	7018 	7713 	8590 	8776 	 
0 	9 	1795 	2782 	2992 	5374 	6925 	7536 	8805 	 
0 	668 	675 	1062 	1892 	2520 	2599 	2604 	3928 	4743 	5652 	6704 	7635 	8445 	8655 	8690 	 
0 	2330 	3944 	4529 	6230 	6232 	8406 	8514 	 
0 	1022 	1112 	1817 	2244 	2601 	5613 	5792 	8077 	9464 	9488 	9526 	9918 	 
0 	301 	540 	1299 	1591 	1796 	2797 	2978 	4566 	4578 	7764 	8473 	9337 	9517 	 
0 	7125 	7281 	8131 	8329 	8454 	9670 	 
0 	423 	1769 	2083 	3474 	4039 	5702 	5835 	5878 	7162 	8113 	8255 	 
0 	1271 	2295 	5988 	6243 	8365 	8523 	8806 	9503 	9921 	 
0 	287 	701 	1967 	3519 	3935 	4539 	5583 	5607 	6743 	7356 	8017 	8350 	9766 	 
0 	705 	1217 	3522 	3848 	6080 	6352 	8547 	9016 	9388 	9799 	9970 	 
0 	488 	3500 	3964 	4634 	6733 	7224 	8751 	8900 	 
0 	273 	1537 	1782 	2532 	3605 	3712 	3889 	5204 	6391 	6809 	7119 	8476 	9401 	9535 	 
0 	1453 	1930 	3610 	5541 	6718 	7185 	8562 	8747 	 
0 	1696 	2236 	3809 	4383 	4977 	5500 	5609 	6323 	6494 	8745 	9100 	9190 	 
0 	927 	2614 	2950 	3613 	4741 	5020 	5749 	6845 	7691 	9066 	9158 	9323 	9910 	 
0 	523 	1892 	2280 	2956 	4116 	4282 	4664 	5108 	5717 	7476 	 
0 	1214 	1447 	2707 	4434 	4896 	7987 	9578 	 
0 	574 	3557 	3602 	5318 	5538 	6040 	6715 	7972 	8111 	 
0 	686 	1516 	1901 	2919 	3139 	5445 	6153 	6531 	8417 	8634 	9376 	 
0 	365 	2692 	3124 	3383 	5407 	7507 	 
0 	1713 	3847 	3906 	4514 	6016 	6825 	8126 	8536 	8776 	 
0 	1515 	1949 	2151 	2389 	4548 	5717 	7058 	8950 	9107 	9882 	 
0 	585 	733 	942 	1969 	7349 	7561 	7580 	7962 	8368 	8394 	9590 	9742 	 
0 	499 	2043 	3620 	4530 	5139 	5460 	6483 	 
0 	1181 	3640 	4440 	4468 	5088 	6873 	7450 	9762 	 
0 	559 	984 	1505 	1793 	1996 	2334 	2620 	2636 	5809 	7473 	7726 	8155 	8387 	 
0 	1036 	1800 	1802 	2123 	2223 	3587 	4352 	5109 	5501 	6469 	6553 	7902 	8860 	 
0 	1475 	1693 	3107 	6226 	7320 	7919 	8308 	9630 	 
0 	42 	180 	626 	1754 	3183 	5460 	6017 	6706 	6759 	 
0 	690 	1161 	1622 	4678 	5420 	5869 	6377 	8988 	9057 	 
0 	1798 	3285 	3747 	7582 	9455 	 
0 	209 	3988 	4545 	4785 	4910 	6220 	6848 	7329 	7613 	8018 	8595 	 
0 	1462 	1686 	2154 	2187 	2785 	5252 	8235 	8676 	8893 	9638 	9764 	 
0 	910 	1403 	4581 	4608 	5192 	5216 	6916 	8286 	8552 	 
0 	463 	521 	618 	883 	3770 	3823 	4092 	4896 	6832 	7269 	7620 	 
0 	88 	1522 	2814 	4494 	6518 	7249 	8206 	9775 	 
0 	3359 	4633 	5107 	7870 	8163 	9927 	 
0 	1522 	4170 	4471 	6280 	6420 	6586 	7748 	8349 	9387 	9851 	 
0 	2059 	3846 	4754 	5196 	5569 	9236 	 
0 	19 	96 	741 	1726 	2664 	3206 	3344 	5699 	5923 	6673 	7899 	8002 	9830 	 
0 	389 	2454 	2883 	3442 	4527 	4904 	6605 	7528 	8119 	 
0 	2106 	5615 	8451 	8803 	9713 	 
0 	434 	4014 	5017 	5125 	7242 	9324 	9355 	9734 	 
0 	1881 	1965 	2486 	2734 	5577 	7070 	8687 	 
0 	1486 	4976 	5052 	6134 	 
0 	684 	3354 	3619 	4398 	6568 	8209 	 
0 	545 	719 	1317 	2612 	2860 	5856 	7559 	9448 	9960 	 
0 	1418 	1499 	2350 	2718 	4194 	4235 	4304 	4478 	6817 	7155 	7401 	9628 	 
0 	346 	1815 	2344 	3908 	4452 	4617 	4952 	6692 	6726 	6996 	7356 	7596 	8037 	8155 	8596 	8756 	 
0 	91 	288 	1493 	1626 	1666 	1818 	6034 	6642 	7883 	7941 	 
0 	266 	873 	2072 	2861 	3185 	4267 	4281 	4534 	5375 	7439 	7593 	7835 	 
0 	94 	425 	486 	1359 	2507 	4325 	4429 	5557 	5995 	6805 	7323 	8391 	 
0 	71 	1605 	4004 	5088 	5490 	5761 	7757 	8052 	8197 	8613 	9434 	9600 	 
0 	2496 	3757 	4354 	5008 	5404 	5939 	6664 	7021 	7664 	7717 	9476 	 
0 	214 	2658 	5877 	6179 	6940 	6959 	8140 	9960 	 
0 	379 	1383 	1442 	1534 	1925 	4115 	4134 	4290 	6023 	6031 	6448 	6458 	6689 	7715 	8461 	8922 	9601 	 
0 	2561 	3015 	3653 	3654 	4232 	4686 	6172 	6900 	7849 	 
0 	2193 	4374 	8192 	8766 	 
0 	633 	890 	1031 	2843 	4567 	8068 	9005 	 
0 	733 	839 	1650 	2094 	3437 	3551 	4858 	5265 	5295 	5315 	5735 	5894 	6191 	6255 	6490 	7722 	8753 	8774 	9547 	 
0 	491 	2386 	3796 	5446 	7969 	9226 	 
0 	1018 	1094 	1308 	3152 	6153 	6867 	7078 	 
0 	478 	775 	1420 	1586 	3307 	4419 	5273 	 
0 	657 	762 	1914 	2566 	2604 	2980 	3309 	6785 	7592 	8029 	 
0 	719 	966 	4923 	7492 	8301 	9684 	9806 	 
0 	349 	667 	684 	2862 	 
0 	550 	1923 	2381 	4435 	7401 	 
0 	1952 	3281 	5045 	6310 	8874 	8893 	8897 	9022 	9100 	9299 	9725 	 
0 	264 	1029 	1411 	1569 	3833 	4409 	4938 	5160 	8223 	 
0 	895 	965 	1855 	2128 	4506 	5538 	5936 	5942 	6517 	6728 	7897 	9685 	 
0 	79 	745 	762 	3355 	3580 	3989 	4387 	5401 	5693 	6253 	6518 	7412 	8732 	9323 	 
0 	1545 	2347 	2511 	3513 	4525 	5119 	6018 	6558 	7182 	9040 	9941 	 
0 	1500 	1596 	3363 	4275 	4598 	4843 	5829 	6117 	8496 	 
0 	1364 	1971 	2852 	3876 	3926 	7199 	9087 	 
0 	1950 	3586 	3768 	3776 	5256 	5605 	7336 	9368 	9888 	 
0 	1005 	1768 	2231 	5043 	5079 	6281 	6892 	7095 	7775 	8123 	8523 	9031 	9383 	 
0 	2953 	3865 	4177 	5213 	7192 	8168 	8685 	9575 	 
0 	553 	1657 	3403 	3891 	5813 	5951 	7790 	7942 	7957 	8057 	 
0 	1387 	2562 	2982 	4764 	7124 	7560 	8914 	 
0 	143 	1010 	3605 	3669 	4670 	6618 	 
0 	417 	1062 	1558 	1665 	2354 	3268 	4327 	4922 	6060 	6566 	6954 	7620 	7923 	 
0 	172 	606 	931 	1010 	1187 	2058 	2612 	4349 	4790 	4834 	5134 	5339 	5347 	6102 	6552 	8061 	9067 	9193 	9565 	 
0 	187 	1399 	3623 	4128 	6384 	8522 	 
0 	1855 	1888 	2563 	2804 	4857 	5114 	5585 	6610 	8961 	9167 	 
0 	282 	1643 	2518 	2600 	4280 	5248 	6133 	6455 	7839 	8097 	8180 	8370 	9258 	 
0 	1801 	2642 	2974 	3428 	4060 	5106 	5482 	5686 	6151 	6320 	7033 	7864 	9826 	 
0 	934 	2010 	2252 	2564 	3527 	4179 	5430 	6205 	6980 	9835 	 
0 	353 	1420 	2857 	2915 	3399 	4785 	5139 	5726 	6711 	6971 	9130 	9600 	9974 	 
0 	804 	2205 	2445 	2751 	2837 	3397 	4976 	5610 	6062 	7581 	7960 	8730 	8843 	 
0 	2298 	3567 	4720 	5209 	6142 	6349 	7179 	7312 	8353 	8912 	 
0 	17 	1075 	1672 	3371 	3658 	5005 	5296 	5509 	5996 	7922 	9146 	9811 	 
0 	759 	3558 	5101 	5643 	6093 	6740 	8845 	9013 	9120 	 
0 	2211 	2910 	3950 	4795 	5151 	5217 	5488 	5695 	6120 	7027 	7627 	9178 	 
0 	1799 	3101 	4934 	6030 	6372 	6563 	7822 	8039 	8798 	9372 	9520 	 
0 	1617 	2236 	3500 	7701 	9214 	 
0 	445 	810 	1321 	1561 	3340 	4388 	4588 	4861 	7105 	7286 	7348 	9273 	 
0 	374 	493 	678 	2036 	2837 	3070 	3986 	4356 	6536 	7893 	8182 	 
0 	4713 	4993 	5900 	7937 	8061 	8993 	9153 	9631 	 
0 	1706 	3751 	3789 	4003 	4734 	4775 	6980 	7003 	7231 	8242 	8294 	9615 	9924 	 
0 	603 	2525 	4067 	4770 	8619 	 
0 	2902 	4928 	7498 	9190 	9311 	9642 	9898 	 
0 	502 	937 	2721 	3726 	3944 	4593 	4615 	4909 	5976 	7521 	7645 	7710 	8756 	9044 	9465 	 
0 	83 	963 	1678 	2188 	5570 	7263 	7835 	8194 	8484 	8624 	 
0 	318 	434 	3346 	3884 	6125 	6592 	6679 	7197 	 
0 	244 	1550 	1677 	3577 	3940 	4129 	4549 	5607 	7780 	8907 	 
0 	393 	2550 	2749 	3591 	3658 	4699 	5130 	5500 	5546 	6286 	6382 	9334 	9423 	 
0 	162 	228 	6925 	7223 	7676 	8634 	9364 	 
0 	1928 	3281 	3616 	3687 	4507 	6241 	7101 	7804 	9690 	 
0 	128 	443 	1084 	4884 	5346 	5580 	5897 	6862 	8375 	8518 	8973 	 
0 	1959 	4298 	4550 	5283 	7176 	7335 	7353 	 
0 	87 	479 	2763 	2930 	3301 	3523 	4124 	5372 	6280 	6599 	6753 	7254 	8557 	 
0 	2964 	3803 	4931 	5542 	5680 	5693 	6798 	6935 	6963 	9311 	 
0 	76 	703 	1738 	2241 	3209 	4206 	4416 	4819 	8274 	 
0 	181 	1512 	2239 	2831 	5572 	5758 	5969 	8407 	9403 	 
0 	1179 	3425 	5799 	6621 	7552 	7999 	 
0 	692 	2455 	2609 	3797 	3955 	4040 	4213 	4503 	5271 	8110 	9934 	 
0 	406 	2489 	3027 	4274 	4310 	5552 	6863 	8467 	9630 	9894 	 
0 	701 	772 	856 	2684 	2868 	3314 	4643 	4899 	5146 	6769 	8434 	 
0 	578 	959 	1342 	2456 	2712 	4683 	8244 	9057 	 
0 	484 	921 	1951 	4339 	4601 	4952 	7034 	8142 	8988 	9521 	9666 	 
0 	131 	285 	525 	3448 	4103 	5178 	5484 	7705 	7889 	9187 	9569 	 
0 	1960 	2843 	3068 	3100 	3618 	5192 	6232 	7510 	8170 	8693 	8847 	8861 	9426 	9558 	 
0 	288 	1891 	2633 	3408 	7694 	9509 	 
0 	6286 	7249 	7762 	7798 	9275 	9666 	 
0 	3189 	3904 	4097 	4804 	5029 	6654 	7957 	9886 	 
0 	655 	1227 	1445 	1892 	2099 	2594 	2868 	3974 	5279 	5801 	7418 	7619 	8063 	9240 	9260 	 
0 	215 	3436 	4823 	4991 	5922 	6895 	7085 	8244 	9842 	 
0 	269 	1964 	5861 	7455 	8995 	 
0 	1352 	1773 	2659 	4156 	4595 	6921 	7372 	7459 	8390 	8448 	8472 	8866 	9909 	 
0 	1539 	1554 	2086 	2663 	4363 	8034 	8053 	8300 	8397 	9511 	9969 	 
0 	105 	912 	1109 	2815 	2844 	3157 	3527 	3907 	4704 	5774 	6820 	7520 	9726 	9797 	 
0 	1036 	2842 	7514 	8834 	9619 	 
0 	1734 	2488 	4976 	5166 	6702 	 
0 	3245 	4171 	5861 	8095 	8153 	9292 	9878 	 
0 	244 	4149 	4233 	6615 	8530 	8746 	8771 	9382 	 
0 	681 	735 	829 	1150 	1264 	2709 	3034 	4822 	5184 	9057 	9914 	 
0 	955 	2899 	3311 	6361 	7416 	7534 	7538 	8907 	9725 	9944 	 
0 	63 	2404 	4122 	5630 	6725 	7190 	7725 	9208 	 
0 	417 	658 	1137 	4784 	4950 	5324 	7012 	7918 	8090 	9350 	 
0 	6 	343 	1753 	1888 	3087 	5416 	7041 	7892 	7935 	9070 	9751 	 
0 	398 	624 	1250 	2463 	2815 	3419 	4043 	6540 	7093 	7294 	 
0 	4039 	5082 	7152 	7782 	8179 	 
0 	15 	503 	2339 	2793 	3921 	4060 	4697 	4829 	8465 	8491 	 
0 	593 	1582 	3176 	4763 	4777 	4967 	6120 	7252 	8080 	9622 	 
0 	89 	633 	1129 	1950 	2232 	3244 	4146 	5049 	5508 	6250 	8102 	 
0 	866 	3370 	4047 	4167 	4404 	6223 	6612 	7390 	8456 	9585 	 
0 	1154 	2056 	2278 	2447 	2606 	3340 	3349 	3970 	8958 	 
0 	55 	1247 	1955 	2518 	3510 	4158 	4275 	5828 	7557 	7677 	9547 	9804 	9832 	9868 	 
0 	149 	2679 	3341 	6110 	7097 	7343 	9272 	9545 	 
0 	882 	1926 	2427 	2692 	4555 	4717 	4800 	7005 	7634 	9525 	 
0 	603 	1815 	2571 	2918 	2934 	4123 	5156 	5383 	5546 	6238 	6272 	7621 	7714 	8176 	 
0 	1638 	1936 	2604 	2877 	2889 	4717 	5676 	6603 	9102 	 
0 	342 	960 	1511 	2616 	2919 	3413 	4760 	5331 	9428 	9807 	 
0 	852 	1068 	2541 	3380 	8095 	9211 	9266 	 
0 	1763 	2441 	2656 	3071 	3825 	5427 	6584 	6995 	7027 	7134 	8488 	8800 	9864 	 
0 	320 	1409 	1956 	2649 	3080 	3489 	4243 	5251 	6363 	8066 	8999 	9805 	9955 	 
0 	74 	1217 	3268 	3777 	5652 	5751 	6937 	7767 	8057 	8419 	8485 	9592 	9705 	 
0 	387 	2339 	4548 	5230 	5381 	5592 	5761 	6555 	9470 	9620 	9802 	 
0 	1725 	2573 	2853 	2999 	7021 	7110 	8563 	9063 	9696 	 
0 	227 	1437 	2358 	2448 	3066 	3178 	3787 	3826 	4617 	5613 	5835 	6144 	6563 	6608 	7445 	8189 	8269 	8417 	9094 	9979 	 
0 	1120 	3605 	5045 	5615 	5977 	6742 	8006 	8144 	9334 	 
0 	99 	2899 	5596 	5925 	6526 	7403 	 
0 	429 	1536 	2187 	2831 	3138 	3465 	4129 	4431 	5343 	6077 	6789 	7063 	7185 	7416 	 
0 	325 	1548 	2732 	2734 	3117 	3309 	3735 	3876 	4473 	5261 	7494 	8941 	9819 	 
0 	669 	813 	898 	3702 	4819 	5794 	6002 	6438 	8658 	9782 	9881 	 
0 	1010 	4744 	4800 	5097 	6297 	6380 	9823 	 
0 	1195 	1272 	2019 	2084 	3061 	3702 	3740 	4817 	5041 	6240 	6495 	6712 	8252 	8596 	9236 	9968 	 
0 	142 	272 	351 	449 	659 	2888 	3384 	3626 	3669 	5886 	6112 	8253 	8337 	9132 	9944 	 
0 	2629 	3373 	3725 	3762 	4743 	6045 	7101 	7115 	7573 	8400 	9542 	 
0 	1228 	2008 	4125 	4711 	5052 	7243 	7356 	7760 	7836 	8242 	8535 	8655 	 
0 	460 	1056 	1445 	2414 	2515 	4746 	4776 	4968 	5783 	8630 	9632 	9914 	 
0 	1046 	2735 	3628 	4382 	5564 	5861 	5921 	5965 	6373 	8656 	 
0 	656 	883 	1593 	2529 	2690 	3323 	3347 	3349 	3677 	4685 	7130 	8980 	 
0 	1284 	2511 	3524 	4680 	5008 	9568 	9972 	 
0 	1981 	2967 	3230 	3589 	4151 	4350 	4726 	5060 	5257 	6833 	7807 	7869 	7879 	9502 	9612 	 
0 	1378 	4025 	5435 	9412 	 
0 	408 	916 	1726 	5400 	6361 	6628 	8348 	9503 	 
0 	8 	128 	1086 	1837 	2159 	3240 	5294 	5846 	6441 	6787 	6814 	7242 	7990 	 
0 	1449 	1477 	1516 	2824 	3032 	4453 	6108 	7502 	8143 	9397 	 
0 	730 	1684 	2149 	4237 	7876 	8035 	 
0 	754 	1504 	3243 	3811 	5052 	5105 	7823 	8128 	 
0 	1596 	1612 	4169 	5782 	6815 	6849 	6853 	7229 	8150 	8273 	9998 	 
0 	1043 	1289 	1458 	2389 	3327 	5357 	6014 	8579 	9044 	 
0 	43 	98 	745 	748 	2400 	3099 	5489 	5831 	6576 	8249 	8865 	9318 	9895 	 
0 	1180 	1859 	3497 	6268 	6803 	7571 	7893 	 
0 	201 	932 	2387 	3109 	3136 	3549 	7281 	7833 	8415 	9159 	 
0 	4368 	4933 	5382 	5478 	8339 	9003 	9688 	 
0 	64 	3766 	3924 	4760 	5428 	6423 	6837 	9230 	9957 	 
0 	605 	3840 	4265 	4663 	4665 	5843 	7235 	9555 	9733 	 
0 	3195 	3387 	3964 	6951 	7234 	7591 	7878 	8789 	8798 	9104 	 
0 	847 	1310 	3016 	4640 	4819 	5292 	5687 	5717 	8328 	9558 	 
0 	400 	696 	1073 	1719 	2382 	4157 	4168 	5009 	5406 	5972 	6521 	6549 	6584 	6860 	6961 	7247 	7268 	8627 	 
0 	1539 	2209 	5059 	5160 	6081 	6483 	6799 	7118 	7439 	 
0 	67 	290 	757 	1058 	2056 	3556 	5661 	6698 	9354 	 
0 	160 	1960 	3000 	3507 	4246 	5159 	5200 	5442 	5727 	6431 	6444 	6771 	6938 	7737 	7747 	8965 	9011 	9159 	 
0 	501 	3642 	4550 	4838 	5148 	5207 	6191 	6355 	6797 	9595 	9814 	9912 	9987 	 
0 	164 	921 	1334 	1858 	2185 	3774 	4576 	6335 	 
0 	795 	2461 	2906 	3141 	4540 	5174 	5442 	5530 	7749 	 
0 	3840 	3921 	4358 	6699 	9593 	9863 	 
0 	1705 	2521 	3869 	4752 	5318 	5950 	7756 	8945 	9487 	9801 	 
0 	814 	1096 	2013 	3245 	3671 	3753 	4049 	6047 	6694 	6842 	8556 	9330 	 
0 	108 	258 	1007 	1304 	2579 	2887 	4930 	5297 	7897 	8820 	9071 	9097 	9169 	 
0 	405 	2081 	3187 	3701 	3758 	4101 	4235 	4554 	6522 	7693 	8028 	8987 	9916 	 
0 	259 	1126 	2249 	2614 	2989 	3032 	4018 	5868 	6091 	6584 	6819 	7155 	8048 	9461 	 
0 	158 	1901 	6253 	7554 	 
0 	948 	1259 	1682 	4035 	4099 	5058 	5704 	5740 	9528 	9676 	9890 	9945 	 
0 	1352 	2081 	3333 	6761 	7293 	7654 	7915 	8936 	9639 	9971 	 
0 	1843 	2724 	3365 	3534 	3599 	3739 	4708 	5431 	8386 	8671 	9356 	 
0 	3078 	5995 	 
0 	2269 	2761 	3208 	4697 	5163 	5974 	8308 	9921 	 
0 	526 	647 	1460 	2954 	3023 	3829 	5910 	6014 	6041 	9420 	 
0 	3884 	4472 	5279 	7470 	7940 	8000 	8243 	8686 	9140 	 
0 	1172 	2737 	3660 	4033 	4628 	6396 	6640 	7372 	8234 	8557 	8687 	 
0 	1221 	1617 	3469 	3970 	5814 	6075 	6113 	7034 	7714 	7752 	8127 	8995 	 
0 	345 	1988 	3935 	4853 	4888 	4933 	5147 	6292 	6638 	7344 	9551 	 
0 	1171 	1457 	1484 	4731 	4950 	5681 	7415 	8982 	9143 	 
0 	1119 	1323 	1974 	3993 	5189 	6222 	7771 	9221 	 
0 	722 	727 	830 	3002 	4997 	6379 	6450 	6658 	8867 	 
0 	2413 	2825 	3369 	3569 	4730 	5707 	6643 	9568 	9751 	 
0 	855 	1437 	1979 	2880 	4245 	4466 	6301 	6498 	6617 	8741 	 
0 	482 	533 	1356 	1594 	1658 	2615 	3078 	5483 	7602 	8657 	8668 	8948 	8985 	9121 	9887 	 
0 	1026 	2747 	4019 	5097 	5213 	5716 	8781 	9686 	 
0 	41 	571 	1877 	5328 	6454 	7893 	8370 	9024 	 
0 	464 	1202 	2412 	3654 	3688 	5093 	5745 	6026 	6360 	9708 	 
0 	288 	1056 	4927 	5716 	8224 	8862 	9578 	9871 	 
0 	161 	1223 	1856 	2469 	2799 	6733 	6748 	7202 	8423 	9336 	 
0 	322 	1323 	1376 	1518 	2381 	3675 	4696 	5586 	5795 	5934 	6083 	6095 	6134 	6617 	6741 	7305 	7583 	9946 	 
0 	760 	1021 	1275 	1646 	2369 	3106 	4567 	5446 	5867 	7761 	7907 	7946 	8864 	9034 	 
0 	28 	202 	2994 	4248 	4327 	5613 	6039 	6519 	6760 	6815 	7849 	9013 	9800 	 
0 	3748 	5721 	6666 	 
0 	1939 	2454 	5353 	5918 	9814 	 
0 	689 	2720 	3344 	3540 	4907 	5665 	7286 	9211 	 
0 	926 	3637 	4983 	5043 	5560 	8661 	9962 	 
0 	955 	1626 	3896 	4179 	5210 	5952 	8479 	8966 	 
0 	968 	1569 	3770 	5911 	6881 	7514 	7875 	8303 	8852 	9178 	9366 	 
0 	417 	647 	1158 	3990 	5205 	6311 	7494 	8836 	9188 	9396 	9536 	 
0 	862 	1629 	3112 	4143 	4950 	5483 	6497 	8287 	8684 	 
0 	807 	1853 	7340 	8707 	9603 	9650 	 
0 	742 	1159 	2188 	5306 	5494 	6496 	6660 	8104 	9252 	9365 	 
0 	67 	1294 	3662 	5842 	6756 	7242 	8345 	 
0 	341 	876 	1077 	1262 	3275 	3489 	4717 	5718 	8093 	8965 	9115 	9978 	 
0 	523 	2497 	2540 	4241 	4338 	4569 	7022 	7182 	8370 	 
0 	2033 	2468 	2560 	3110 	4505 	6698 	6938 	 
0 	212 	411 	988 	1371 	1434 	3082 	3587 	4745 	6974 	7658 	7707 	8114 	9137 	 
0 	254 	3034 	7192 	7486 	8207 	8285 	9470 	9588 	9647 	 
0 	3823 	3861 	5229 	7637 	8609 	9894 	 
0 	774 	1553 	2064 	3019 	4070 	4100 	5492 	8079 	8525 	9187 	9863 	 
0 	91 	360 	369 	949 	1376 	3646 	4554 	4676 	5220 	5857 	6956 	7388 	8140 	8855 	9094 	9352 	 
0 	276 	699 	801 	1179 	2288 	3285 	5474 	 
0 	1186 	1510 	2017 	3030 	4386 	6880 	7167 	7259 	8117 	8299 	 
0 	441 	527 	1385 	2065 	2691 	3616 	4390 	4815 	4887 	7284 	8543 	8545 	8620 	8731 	9386 	9488 	9543 	 
0 	743 	964 	2122 	2388 	2568 	5952 	6161 	6375 	6804 	7033 	9615 	 
0 	165 	1375 	2902 	4256 	5426 	6448 	7223 	7937 	8271 	9152 	9495 	9908 	 
0 	917 	1714 	2103 	2716 	2981 	4626 	4685 	4906 	5087 	7048 	8042 	8304 	9604 	 
0 	1399 	1473 	1981 	1995 	2738 	4448 	6158 	7246 	7596 	8071 	8619 	9957 	 
0 	349 	3470 	7517 	8009 	8219 	9020 	 
0 	1656 	2109 	2722 	2799 	4694 	5071 	8147 	8558 	9041 	9749 	 
0 	73 	2981 	3886 	6309 	7424 	7565 	7887 	8946 	 
0 	5607 	6702 	6994 	7167 	7891 	8883 	9003 	9511 	 
0 	18 	1212 	4097 	4492 	5000 	6156 	6892 	6895 	7086 	7145 	7755 	8717 	 
0 	360 	4770 	5988 	6127 	6800 	7293 	7584 	7917 	9477 	 
0 	151 	992 	2317 	2486 	4534 	4590 	5155 	5221 	5923 	8617 	8666 	9035 	9662 	 
0 	102 	646 	906 	1286 	7596 	7643 	7651 	9310 	9766 	 
0 	223 	645 	1740 	2621 	3555 	3833 	4475 	5401 	6640 	6999 	7874 	9011 	9500 	 
0 	593 	618 	744 	1502 	1828 	2035 	2824 	3659 	4453 	5903 	6253 	7010 	7387 	7595 	8406 	8660 	9753 	 
0 	860 	1679 	2064 	3374 	4868 	5159 	6510 	7016 	7390 	7788 	8225 	8597 	8666 	9364 	 
0 	1975 	2267 	2694 	3693 	4125 	4190 	8086 	8416 	8720 	9067 	9369 	9387 	9997 	 
0 	1556 	1662 	1673 	3775 	4534 	7611 	8468 	 
0 	1906 	3364 	8330 	 
0 	64 	252 	1086 	1274 	2315 	2434 	3125 	3314 	3642 	7127 	7541 	7716 	8215 	8780 	9280 	9553 	9753 	 
0 	1320 	2445 	3322 	4675 	4929 	5560 	6915 	8335 	8427 	9836 	 
0 	1421 	1451 	2729 	3337 	3573 	4573 	8389 	9374 	 
0 	508 	2657 	4552 	6357 	7001 	7785 	8045 	8291 	9280 	 
0 	555 	3962 	5546 	6175 	6238 	6785 	6896 	8039 	8497 	 
0 	446 	1989 	2250 	2562 	3508 	4411 	4992 	7757 	8015 	9619 	 
0 	521 	2133 	2219 	5164 	6798 	7069 	8773 	 
0 	550 	804 	3308 	3627 	4076 	5219 	8068 	9252 	9867 	 
0 	255 	257 	1381 	1769 	2358 	5870 	6128 	6934 	7527 	8116 	8307 	8685 	8985 	 
0 	1838 	2612 	2910 	2916 	4182 	5598 	5689 	5844 	6197 	6864 	8648 	9127 	 
0 	296 	1355 	1374 	1654 	2813 	3051 	3199 	4309 	4888 	6863 	9788 	 
0 	1245 	1455 	3671 	3854 	8574 	8745 	 
0 	1543 	2039 	2374 	2419 	2701 	2796 	2993 	3861 	6492 	 
0 	1724 	1799 	4784 	5320 	5500 	6636 	7305 	7382 	7654 	7794 	 
0 	1707 	1763 	3071 	3555 	6703 	6848 	7102 	8145 	8492 	8700 	8982 	 
0 	448 	1599 	1688 	2722 	4309 	4680 	4807 	7390 	8080 	 
0 	314 	384 	805 	1783 	2230 	4209 	4406 	9149 	 
0 	547 	2810 	3071 	5634 	9321 	 
0 	3168 	3293 	4270 	4811 	4997 	7018 	7350 	8378 	 
0 	815 	2437 	2833 	3110 	3496 	3853 	4327 	4731 	5417 	5488 	5543 	5884 	6770 	9547 	9677 	 
0 	2804 	3039 	5770 	7535 	8565 	8708 	 
0 	1997 	3314 	5964 	8879 	9834 	 
0 	1058 	1776 	9990 	 
0 	384 	1061 	2462 	3455 	3628 	3833 	4206 	4786 	6154 	6721 	7651 	7673 	8638 	 
0 	702 	4078 	4864 	5687 	6418 	7058 	7767 	7950 	9544 	 
0 	1766 	1995 	3315 	3322 	4760 	7584 	8316 	9207 	9682 	 
0 	261 	479 	2936 	3945 	6289 	7550 	7839 	8208 	 
0 	685 	722 	775 	1071 	1112 	1192 	1391 	2839 	6965 	7249 	7848 	 
0 	3583 	4006 	4977 	6111 	6459 	7096 	9163 	 
0 	518 	1085 	1126 	1406 	5233 	5446 	5741 	6432 	6552 	6725 	8965 	9714 	 
0 	4301 	5048 	5134 	5289 	7829 	9507 	 
0 	1976 	4247 	5357 	7183 	8148 	9935 	 
0 	428 	448 	882 	1151 	1665 	2092 	2605 	4479 	4989 	6400 	7753 	8304 	 
0 	63 	679 	1023 	1836 	4235 	4238 	5069 	7405 	7410 	7614 	8670 	 
0 	401 	1083 	1643 	3028 	3254 	3885 	4618 	5409 	6552 	7008 	7489 	8433 	9930 	 
0 	95 	1618 	1737 	3331 	4414 	4469 	4644 	7082 	7397 	7492 	7597 	8260 	 
0 	203 	245 	851 	3266 	3267 	3466 	3910 	4060 	4244 	4451 	4611 	6399 	6428 	7419 	7488 	8858 	 
0 	310 	614 	1804 	2035 	2311 	2837 	3474 	4174 	4597 	4611 	5366 	6373 	6384 	6400 	6757 	6759 	8162 	8477 	8852 	9624 	9853 	 
0 	412 	878 	899 	2320 	3154 	3692 	3885 	6016 	6437 	6833 	7156 	7567 	8046 	8243 	8753 	9218 	 
0 	208 	1098 	3048 	3835 	4583 	4770 	5442 	7492 	7744 	8675 	8893 	 
0 	498 	890 	999 	2135 	2970 	3082 	4198 	4774 	5302 	6623 	6657 	7674 	9008 	9530 	 
0 	1475 	2797 	2849 	3842 	4491 	5886 	6244 	7625 	 
0 	238 	348 	1173 	1879 	2163 	2218 	2226 	3036 	4928 	7913 	8134 	8431 	8755 	8892 	9843 	 
0 	374 	1360 	1635 	1761 	3107 	5565 	6022 	6026 	9215 	9271 	9367 	 
0 	38 	574 	1220 	2612 	3729 	4585 	4931 	8307 	8763 	8799 	9860 	 
0 	2787 	4172 	4598 	4662 	5131 	8629 	8856 	8885 	9183 	9350 	 
0 	1588 	1670 	1829 	4595 	7465 	9773 	 
0 	166 	261 	631 	3335 	3969 	4060 	5085 	5093 	6472 	8527 	9975 	 
0 	64 	1076 	1952 	1997 	3163 	3833 	5549 	5725 	6420 	6771 	7603 	8147 	9423 	 
0 	259 	320 	391 	500 	1717 	2378 	2644 	2772 	2894 	3206 	3272 	3454 	4064 	4376 	5054 	5658 	6456 	7973 	8102 	8483 	8650 	 
0 	676 	1822 	2392 	2446 	4135 	5284 	6252 	7636 	9708 	9960 	 
0 	495 	792 	2897 	3288 	4855 	5539 	5826 	6872 	7144 	8770 	9433 	 
0 	341 	1113 	1645 	3037 	6070 	6361 	7721 	7995 	8106 	9974 	 
0 	392 	1581 	1627 	4565 	5764 	6664 	8038 	8084 	8669 	9397 	 
0 	95 	1581 	3789 	4195 	4275 	5538 	5966 	9376 	 
0 	770 	1505 	3732 	3907 	6032 	7078 	7138 	8107 	9235 	9301 	9845 	 
0 	2540 	3724 	5594 	6372 	6490 	7661 	8997 	9248 	 
0 	2261 	4575 	4625 	5941 	7699 	8507 	9042 	 
0 	1373 	2637 	4578 	5393 	5847 	9205 	 
0 	1255 	1975 	3191 	3357 	6065 	8174 	 
0 	2424 	3523 	3848 	5225 	6314 	7530 	8608 	8758 	 
0 	148 	2081 	3187 	4209 	5618 	7077 	7912 	8746 	9004 	9320 	9321 	 
0 	1064 	3127 	3270 	3948 	4055 	4539 	5197 	6186 	6449 	6790 	7181 	7479 	8458 	9368 	9389 	 
0 	2411 	2665 	2796 	3812 	4228 	4604 	5275 	5598 	5712 	6255 	6368 	6839 	8499 	 
0 	1795 	4562 	5956 	7513 	7888 	9245 	 
0 	3 	165 	354 	1325 	3484 	4777 	6442 	6623 	6861 	6953 	7510 	8572 	 
0 	274 	869 	1883 	2735 	3628 	4000 	5325 	7950 	 
0 	429 	447 	4120 	4166 	4575 	9430 	 
0 	2541 	2811 	6632 	6779 	7227 	9237 	9971 	 
0 	61 	213 	1552 	1864 	3430 	6742 	7334 	7705 	9608 	9785 	 
0 	600 	679 	1557 	2778 	3754 	5133 	6746 	7191 	7269 	9549 	 
0 	780 	1581 	3676 	3962 	4389 	4600 	8216 	8904 	9970 	 
0 	2009 	3078 	3794 	4257 	4306 	4570 	4852 	5213 	5571 	5660 	8404 	9308 	 
0 	1440 	2581 	2853 	3324 	3747 	6150 	6421 	6752 	7028 	8084 	8195 	9488 	 
0 	796 	3285 	3288 	6148 	7145 	7280 	7841 	8995 	 
0 	315 	600 	1041 	4086 	6636 	7581 	8881 	9246 	9758 	9814 	 
0 	1432 	6031 	6876 	9330 	 
0 	1074 	2113 	2903 	5363 	6002 	7311 	7887 	8011 	8185 	8348 	8787 	8861 	9811 	9915 	 
0 	64 	562 	1399 	1602 	1809 	3138 	3174 	3189 	3947 	4267 	6094 	6143 	6296 	6714 	7251 	8076 	9084 	 
0 	335 	1039 	2025 	2527 	2982 	3189 	5175 	5251 	5820 	6606 	7628 	9275 	 
0 	166 	2906 	3658 	4096 	5314 	5828 	7820 	9410 	9964 	 
0 	405 	442 	1721 	1985 	2650 	2883 	5105 	7688 	8071 	8324 	8511 	8625 	8997 	9206 	 
0 	1885 	4963 	6446 	7023 	7164 	7612 	8243 	8309 	9791 	9807 	 
0 	518 	3168 	6448 	8114 	8163 	9164 	9775 	9809 	 
0 	949 	1943 	3836 	4138 	4561 	6426 	7449 	7507 	7755 	8582 	9397 	 
0 	2063 	2515 	2865 	3803 	6917 	7571 	7998 	8517 	8976 	9333 	9997 	 
0 	72 	1056 	1627 	1982 	2432 	2656 	5033 	7311 	7548 	 
0 	1097 	2870 	4987 	5149 	7340 	8676 	9160 	9212 	9359 	 
0 	1202 	1237 	2546 	3414 	3417 	5496 	5628 	6039 	6468 	7123 	8567 	9346 	9855 	 
0 	422 	944 	2370 	3095 	3481 	3557 	4113 	4797 	7100 	7270 	7450 	7937 	7983 	8546 	9986 	 
0 	323 	621 	3100 	3696 	6611 	6741 	6813 	6845 	7560 	8595 	8760 	9924 	 
0 	634 	1692 	4676 	4904 	4934 	4946 	6543 	7595 	8249 	9190 	9790 	 
0 	231 	647 	800 	1142 	1429 	2311 	5252 	5311 	7035 	7307 	7524 	8151 	 
0 	453 	566 	1358 	1984 	2760 	5008 	5083 	5714 	6047 	6341 	7128 	7234 	7291 	8039 	8279 	8891 	 
0 	2052 	2171 	4207 	5684 	7180 	7397 	7437 	7876 	 
0 	897 	1700 	3549 	5177 	7373 	8271 	9017 	9394 	9961 	 
0 	282 	566 	2027 	3300 	4143 	4971 	6878 	7052 	7197 	8671 	8913 	9301 	9980 	 
0 	112 	1309 	1392 	3053 	3267 	3436 	4497 	6420 	6448 	7094 	8564 	9109 	9491 	 
0 	1010 	2007 	3397 	5038 	7377 	7795 	 
0 	1197 	1779 	2709 	4892 	5485 	6572 	7967 	8426 	9751 	 
0 	1492 	1501 	2020 	2118 	4128 	5392 	5771 	8022 	8163 	8384 	9695 	 
0 	2132 	4190 	5447 	5947 	8688 	9616 	 
0 	563 	4288 	5739 	9536 	 
0 	2945 	3025 	3479 	3528 	3541 	4318 	5463 	5972 	7157 	8370 	9059 	 
0 	3654 	4283 	 
0 	576 	1040 	1175 	1380 	1815 	1843 	2219 	2532 	2852 	3138 	3949 	5855 	8608 	9652 	 
0 	1473 	1608 	4294 	5588 	5774 	6861 	7032 	7952 	9939 	 
0 	474 	3950 	4240 	5440 	8190 	 
0 	127 	610 	787 	1926 	3020 	3233 	5480 	7725 	8763 	8844 	9014 	 
0 	204 	3774 	4087 	4186 	4428 	4722 	5135 	5387 	5482 	5496 	5700 	6228 	6615 	7661 	 
0 	446 	453 	1857 	4176 	8273 	8712 	 
0 	2244 	2698 	2812 	2816 	3130 	3974 	4027 	4307 	4395 	5068 	8339 	8992 	9499 	 
0 	1067 	2162 	2438 	3168 	3960 	4632 	4770 	9512 	 
0 	2930 	6057 	7299 	7733 	8544 	8614 	9114 	9547 	9843 	 
0 	1039 	2021 	3486 	4930 	5580 	6770 	6810 	8955 	9873 	9934 	 
0 	2497 	5462 	5579 	6319 	7714 	8138 	9355 	 
0 	151 	1544 	1770 	2149 	2278 	3082 	3798 	4139 	5256 	5643 	5949 	7486 	8152 	8886 	9834 	 
0 	2184 	3710 	4664 	4706 	5080 	5726 	5833 	7138 	7765 	8329 	 
0 	707 	2613 	3331 	3643 	5360 	5859 	6238 	6515 	6613 	6741 	8576 	9015 	9171 	 
0 	1601 	1713 	1745 	1846 	3429 	4378 	5641 	5694 	6030 	6261 	6749 	7746 	9643 	 
0 	500 	845 	2151 	3706 	3730 	5227 	5258 	5814 	5985 	6262 	8345 	 
0 	1151 	1386 	2143 	2257 	3759 	4812 	5415 	5563 	6062 	6278 	6338 	6453 	8341 	9126 	9235 	9254 	 
0 	629 	1505 	1769 	3411 	5307 	5577 	7989 	 
0 	445 	679 	1480 	1666 	2480 	2913 	3243 	4840 	6527 	8895 	9019 	9734 	9979 	 
0 	4619 	6381 	6796 	8454 	9169 	9386 	9852 	 
0 	1744 	5042 	5534 	7064 	7753 	8387 	 
0 	2332 	2412 	2966 	3375 	3465 	3881 	4416 	4501 	5099 	5318 	5399 	6628 	8013 	 
0 	1225 	1406 	2520 	4513 	4666 	5856 	5942 	8052 	8950 	9876 	 
0 	723 	1371 	2187 	2520 	3412 	3991 	5014 	7916 	 
0 	798 	882 	1757 	2549 	2837 	3536 	4191 	5151 	5577 	5763 	6031 	6451 	8152 	8886 	9006 	 
0 	301 	1293 	1409 	2126 	2190 	5695 	6349 	6355 	6515 	7510 	7541 	 
0 	895 	928 	2433 	3570 	6252 	6373 	6467 	6578 	6716 	7176 	7327 	7492 	8737 	 
0 	313 	1123 	2613 	3424 	3977 	4954 	5449 	6079 	6148 	9424 	 
0 	21 	1508 	2088 	3329 	3825 	6311 	9520 	9940 	 
0 	2420 	4917 	5647 	5920 	8148 	8962 	9344 	 
0 	256 	760 	5713 	5779 	7042 	7599 	8170 	8887 	9372 	 
0 	1288 	1969 	1970 	2555 	3125 	3244 	3892 	4213 	4612 	6656 	7370 	8840 	9499 	 
0 	1889 	2792 	3969 	4435 	4987 	6213 	8187 	8194 	8230 	8965 	9408 	 
0 	3730 	6713 	9409 	 
0 	1548 	3448 	3538 	4677 	5647 	9512 	 
0 	703 	1556 	2847 	4418 	5446 	6074 	6186 	6323 	6449 	8277 	8863 	 
0 	38 	1246 	1658 	4414 	5482 	6551 	6730 	7230 	7403 	7957 	8633 	 
0 	2198 	2395 	3879 	4205 	4703 	5207 	6333 	7607 	8049 	8124 	9414 	 
0 	580 	1142 	1234 	2092 	2374 	3791 	4174 	5634 	 
0 	726 	2809 	2858 	4362 	5683 	7155 	7398 	8875 	9044 	9656 	 
0 	1149 	1570 	2740 	4453 	4976 	5063 	5784 	6213 	6412 	8533 	8768 	9122 	9790 	 
0 	90 	273 	781 	1076 	1228 	2794 	4111 	4589 	5042 	5216 	5463 	5862 	6158 	7025 	7264 	7701 	8672 	 
0 	243 	3150 	5789 	7079 	8020 	8652 	9160 	 
0 	336 	744 	1308 	4002 	4445 	6561 	6963 	6996 	7466 	8697 	 
0 	631 	1637 	1645 	2413 	3920 	4085 	4836 	5610 	6035 	7652 	9683 	 
0 	3527 	6013 	6358 	6808 	7671 	 
0 	382 	953 	2221 	2766 	2965 	6259 	6517 	8582 	 
0 	471 	659 	2720 	3028 	5403 	8786 	9174 	9614 	9915 	 
0 	668 	2106 	2574 	5051 	 
0 	1013 	1467 	2912 	3233 	3373 	4971 	5466 	6677 	7373 	8360 	 
0 	84 	195 	246 	620 	857 	1249 	1250 	3558 	5085 	5238 	5804 	7485 	9489 	9517 	 
0 	17 	382 	2052 	2201 	3424 	4447 	5616 	5977 	6017 	6183 	6263 	7432 	8091 	8833 	9367 	 
0 	1482 	2456 	4200 	4398 	4868 	5544 	5868 	5964 	6239 	6423 	6898 	7730 	7816 	8436 	8716 	9927 	 
0 	246 	478 	1163 	2062 	3575 	4288 	4933 	6312 	6767 	7444 	7576 	9520 	 
0 	1896 	2703 	2746 	3375 	3464 	4656 	4999 	6831 	9697 	 
0 	47 	130 	1583 	1642 	2341 	3998 	4464 	4867 	5440 	7005 	8127 	 
0 	547 	2573 	3062 	3815 	3950 	6643 	8503 	8800 	8866 	 
0 	205 	262 	583 	3176 	4417 	5153 	5160 	5841 	5863 	6290 	8502 	8995 	 
0 	42 	671 	1614 	2025 	2763 	4837 	6207 	 
0 	40 	1367 	1585 	1729 	1841 	4032 	4093 	4483 	4725 	5929 	6597 	9137 	9515 	 
0 	7 	1786 	2519 	2779 	4558 	5177 	5650 	5849 	5902 	8618 	8626 	8658 	8738 	9061 	9494 	 
0 	2816 	3913 	4236 	4575 	7272 	8706 	 
0 	11 	1869 	2038 	2046 	3652 	3768 	4112 	5815 	6200 	7242 	9470 	9958 	 
0 	875 	2716 	3298 	6159 	7097 	7885 	8036 	9096 	9331 	9534 	 
0 	1100 	4742 	4980 	6774 	6844 	7022 	9786 	 
0 	1438 	2773 	3077 	3588 	6278 	6509 	7083 	7769 	7778 	8026 	8339 	9950 	 
0 	1371 	2096 	2201 	2306 	3076 	3854 	4654 	8064 	9915 	 
0 	2249 	3402 	3950 	4373 	4490 	4590 	4944 	6572 	7005 	7301 	7751 	9706 	9720 	 
0 	970 	2709 	2787 	3362 	3612 	4655 	6042 	6268 	7442 	7658 	8025 	9885 	 
0 	189 	5192 	8424 	9369 	9493 	9596 	9956 	 
0 	338 	951 	1324 	6762 	8724 	9513 	 
0 	1061 	1203 	3539 	5147 	5439 	5501 	6011 	6054 	 
0 	518 	1407 	4768 	6393 	8327 	8357 	8371 	8474 	8722 	9170 	 
0 	600 	1005 	3678 	5860 	6092 	6170 	6358 	7283 	7466 	7983 	8664 	9167 	 
0 	1760 	2002 	2337 	3148 	3779 	4742 	6451 	8219 	8377 	9108 	 
0 	108 	316 	1036 	5773 	6225 	9496 	9674 	 
0 	2331 	2514 	3895 	5452 	6431 	7072 	7241 	7407 	8617 	9189 	9313 	9429 	9597 	 
0 	1619 	4893 	5356 	5868 	7291 	7660 	8707 	 
0 	276 	3599 	4435 	4473 	4566 	5037 	8393 	8748 	9998 	 
0 	1053 	3057 	4950 	5172 	9061 	9362 	 
0 	2501 	3401 	3521 	3721 	4136 	4890 	5614 	6768 	7362 	7558 	8025 	8697 	8815 	9509 	 
0 	1049 	5010 	5999 	6208 	7701 	8387 	 
0 	442 	1852 	1965 	2057 	2549 	2637 	3098 	3157 	5071 	5104 	6448 	6955 	7362 	7556 	7977 	8025 	8872 	9170 	 
0 	1817 	1845 	2268 	2736 	3086 	3352 	8043 	8192 	9118 	9754 	9768 	9983 	9998 	 
0 	2414 	2794 	4522 	4610 	6653 	6912 	6962 	7125 	7713 	8700 	8777 	9020 	 
0 	1198 	1576 	1692 	2004 	2111 	2214 	2523 	2604 	2872 	3124 	3726 	3746 	3874 	4432 	6005 	8009 	9637 	9689 	9791 	9859 	 
0 	343 	1996 	2168 	2532 	5130 	7331 	7413 	7668 	8169 	8520 	9244 	 
0 	297 	4650 	5894 	7025 	7851 	9590 	 
0 	772 	908 	977 	5447 	8416 	8833 	8961 	9929 	 
0 	129 	2410 	3822 	7220 	8264 	9192 	9219 	9762 	 
0 	219 	573 	1171 	1347 	2536 	2631 	2805 	3704 	3898 	3949 	4677 	6085 	6396 	 
0 	1449 	4958 	5393 	7817 	8652 	9807 	 
0 	2346 	2579 	3630 	3687 	9572 	 
0 	240 	1462 	1466 	2534 	2749 	3441 	3461 	4499 	5555 	5594 	6342 	6477 	7568 	8053 	8631 	8784 	8831 	 
0 	142 	688 	1572 	2063 	2144 	8081 	8440 	8693 	9107 	 
0 	536 	967 	4393 	5707 	6943 	9204 	9239 	9414 	 
0 	295 	1426 	1532 	1673 	1677 	1783 	2475 	3627 	5189 	6184 	6406 	6479 	8492 	 
0 	359 	3746 	4274 	4300 	7465 	7825 	8379 	8972 	9027 	9561 	9663 	 
0 	602 	1231 	1986 	2213 	2225 	3414 	3662 	4199 	4680 	7004 	8506 	8943 	 
0 	500 	1163 	1421 	2531 	3602 	3817 	4655 	6457 	6791 	7060 	8087 	8398 	8462 	9256 	9836 	 
0 	807 	2795 	4114 	7664 	9285 	 
0 	2757 	4078 	4145 	5374 	8300 	9628 	 
0 	337 	1574 	2575 	2838 	3224 	3666 	4597 	5682 	7300 	8647 	8717 	 
0 	648 	1105 	1569 	1589 	1927 	2162 	2534 	3794 	4947 	5120 	5720 	7172 	7485 	7762 	8360 	9301 	9858 	 
0 	1091 	2750 	5170 	5905 	6499 	6742 	7117 	7184 	7662 	7954 	9129 	9837 	 
0 	619 	1965 	2090 	5862 	6056 	7991 	 
0 	1960 	2045 	2236 	3690 	3918 	5964 	6360 	6433 	6751 	9101 	 
0 	1454 	2080 	5080 	6304 	6503 	7938 	8237 	8480 	8921 	9442 	 
0 	2180 	3138 	3862 	4006 	5848 	6969 	8496 	 
0 	528 	3410 	5257 	5432 	5575 	5985 	6034 	7627 	8152 	9151 	 
0 	1621 	2352 	2859 	4488 	4552 	4982 	8912 	 
0 	2237 	2593 	3450 	3653 	5391 	8369 	9489 	 
0 	718 	912 	1344 	3372 	4601 	5251 	5420 	5475 	6245 	7093 	9492 	9760 	 
0 	1292 	2028 	2141 	3669 	3773 	3809 	4807 	5699 	8975 	9645 	 
0 	1234 	1331 	2445 	3500 	4295 	6370 	7088 	7453 	9920 	 
0 	1054 	4907 	5418 	5655 	6122 	6200 	7541 	7759 	7834 	 
0 	433 	1936 	2617 	3740 	4906 	8066 	8523 	9449 	9940 	 
0 	1206 	1714 	2373 	5361 	6543 	6584 	6625 	9027 	9662 	9995 	 
0 	820 	2999 	3077 	3812 	3881 	4394 	5079 	5111 	5215 	6185 	7071 	7186 	8649 	 
0 	623 	1396 	1929 	6116 	8009 	 
0 	209 	263 	2203 	3062 	3075 	5408 	6587 	6802 	7477 	7537 	8704 	9268 	 
0 	690 	1485 	1520 	2102 	3043 	3753 	4351 	5579 	5584 	6214 	7009 	7436 	7495 	7890 	9180 	9548 	9978 	 
0 	3249 	5014 	5326 	6210 	6249 	8957 	9574 	 
0 	57 	1509 	4556 	6118 	7634 	7902 	8138 	 
0 	1016 	2578 	4519 	5072 	5206 	5446 	6044 	6091 	6805 	7362 	7452 	 
0 	532 	684 	781 	1087 	1224 	1907 	2177 	5134 	5206 	5544 	6258 	7329 	7898 	 
0 	302 	417 	555 	2349 	2360 	2479 	2902 	4358 	4490 	4641 	4978 	5980 	8717 	9721 	 
0 	2331 	2995 	4386 	5235 	6589 	7148 	7159 	7772 	 
0 	1162 	3659 	5019 	5088 	6443 	7057 	7428 	7621 	9020 	9084 	 
0 	1141 	1789 	3480 	4031 	4741 	6747 	7056 	7977 	9640 	 
0 	1196 	4341 	4745 	4754 	5418 	6050 	6065 	6204 	6557 	6953 	7154 	7943 	8049 	8467 	9072 	9920 	 
0 	1802 	3642 	4840 	5456 	5806 	6171 	6400 	6720 	6793 	6917 	7438 	8641 	 
0 	2585 	2952 	3904 	5458 	6520 	6912 	7763 	8974 	9689 	 
0 	441 	692 	2455 	3514 	3524 	5398 	5487 	5723 	6526 	7591 	8641 	9736 	9755 	 
0 	105 	2008 	2851 	3787 	6354 	6404 	6896 	7434 	8269 	 
0 	260 	1991 	2441 	4271 	4659 	5570 	5893 	6831 	7217 	 
0 	299 	5141 	7847 	7938 	8345 	8831 	 
0 	1439 	1449 	3065 	3631 	4713 	9900 	 
0 	452 	783 	1562 	1765 	2810 	5410 	5678 	5692 	6300 	7246 	7822 	9681 	 
0 	1531 	2182 	7145 	9818 	 
0 	747 	1090 	1632 	1907 	2495 	2835 	5703 	7206 	7517 	8814 	9157 	 
0 	547 	1017 	1975 	2885 	3096 	3633 	4614 	5664 	6958 	8480 	8989 	9052 	9253 	9402 	9543 	 
0 	690 	1696 	1965 	1979 	3173 	3377 	3931 	4118 	4997 	5198 	6841 	8387 	8690 	9711 	 
0 	1981 	2041 	3376 	3589 	4432 	4647 	5686 	6113 	7851 	8184 	8681 	 
0 	372 	979 	2262 	4255 	4910 	7974 	9036 	 
0 	1437 	1594 	4482 	4718 	5067 	7765 	7913 	 
0 	57 	3296 	3690 	4535 	6587 	7161 	8198 	8419 	8698 	8895 	 
0 	2417 	5394 	6124 	6470 	8191 	 
0 	1129 	3135 	4343 	5809 	6834 	7036 	8564 	8603 	8893 	9161 	 
0 	645 	2067 	3175 	3898 	4067 	5225 	7180 	7458 	 
0 	69 	1081 	3803 	3880 	4351 	4955 	5523 	6455 	7115 	8742 	 
0 	325 	845 	978 	5194 	6425 	7976 	8420 	 
0 	2298 	4132 	5808 	5809 	6273 	6773 	6997 	9260 	9378 	 
0 	416 	940 	2392 	2754 	2861 	3000 	6861 	9001 	9881 	 
0 	356 	2196 	4045 	4309 	4852 	6765 	8655 	9799 	9973 	 
0 	513 	869 	1227 	5966 	6477 	7325 	8758 	9119 	 
0 	2180 	2268 	5010 	8167 	9713 	 
0 	28 	346 	988 	2742 	2948 	3614 	5015 	 
0 	1283 	1477 	1586 	4154 	4545 	5015 	7558 	7574 	8858 	 
0 	559 	1201 	5709 	6660 	8016 	9721 	 
0 	636 	2431 	2553 	2828 	3181 	5147 	6952 	7261 	7870 	8381 	8856 	9253 	 
0 	2120 	2520 	5378 	5555 	6635 	9912 	 
0 	1773 	2100 	2173 	2870 	3587 	4516 	5206 	5348 	6921 	7332 	8180 	8877 	9289 	9980 	 
0 	1260 	1444 	2071 	2449 	2653 	3255 	3670 	6846 	7105 	7618 	8377 	 
0 	293 	502 	579 	1373 	2038 	2216 	4060 	4713 	5035 	5640 	6705 	6835 	6915 	 
0 	335 	2756 	4580 	5346 	6815 	7122 	7730 	8670 	8735 	 
0 	1791 	2203 	2920 	4893 	5648 	5820 	7096 	7533 	7788 	8764 	9926 	 
0 	1994 	2495 	3553 	3904 	5634 	6918 	7311 	7631 	8276 	9153 	9885 	 
0 	956 	1071 	1390 	3137 	5731 	8009 	8709 	9193 	9839 	 
0 	244 	615 	1873 	2170 	2177 	2908 	5494 	5990 	6155 	6387 	7435 	7648 	7739 	7795 	8758 	 
0 	361 	397 	1253 	1803 	2955 	5598 	6130 	6900 	7762 	9384 	9541 	9711 	 
0 	80 	172 	783 	2549 	3129 	4693 	6290 	8368 	9228 	 
0 	1566 	1693 	2616 	3297 	3761 	5037 	7548 	9096 	 
0 	1056 	4494 	5364 	5611 	5882 	7303 	7444 	7799 	8743 	9868 	 
0 	464 	987 	4641 	5067 	7478 	9463 	9609 	 
0 	14 	568 	3249 	3563 	4624 	4788 	5382 	6055 	7097 	7451 	7883 	9646 	9910 	 
0 	1809 	2624 	3893 	4331 	6356 	7840 	8277 	9273 	9744 	 
0 	469 	1380 	2409 	3353 	3600 	6057 	7812 	7826 	8834 	9052 	9521 	9860 	 
0 	320 	1089 	1615 	2070 	2258 	4169 	4654 	7649 	7855 	8539 	9634 	 
0 	175 	1127 	2125 	2885 	3833 	4371 	4532 	4911 	6557 	 
0 	484 	3283 	4554 	5223 	5367 	7310 	8517 	8836 	8927 	9464 	 
0 	1860 	2902 	5223 	5601 	5845 	6336 	6448 	9479 	9895 	 
0 	164 	2293 	2375 	4372 	4738 	5012 	5486 	7921 	8146 	9018 	9363 	9902 	9917 	 
0 	910 	2202 	2438 	3743 	4111 	4386 	6216 	6737 	 
0 	3235 	4093 	4307 	4514 	4978 	7488 	7722 	8557 	8924 	 
0 	405 	1016 	2567 	3274 	4508 	6195 	7200 	7618 	7792 	9119 	 
0 	981 	3144 	3360 	3487 	3859 	3905 	4254 	5180 	8127 	 
0 	128 	741 	1664 	2763 	2923 	4419 	4523 	4827 	5016 	5798 	6387 	6583 	7480 	8852 	8924 	9414 	9616 	 
0 	1157 	1242 	1485 	4442 	4885 	5355 	6381 	8301 	9387 	9479 	9577 	9860 	 
0 	1178 	2863 	3254 	3481 	3482 	4928 	6997 	7264 	7899 	9470 	 
0 	1233 	1633 	2729 	4702 	5304 	5498 	8942 	9473 	 
0 	96 	588 	1305 	1479 	1672 	1711 	5337 	5738 	6451 	6904 	7013 	7433 	7737 	8866 	9626 	9930 	 
0 	630 	736 	1621 	2248 	2829 	3867 	4306 	4479 	4949 	8203 	8209 	8426 	8629 	 
0 	2061 	3611 	4077 	4410 	5724 	5773 	6058 	6421 	7205 	7399 	8773 	9335 	9690 	9944 	 
0 	827 	3761 	3922 	4891 	5665 	6340 	7260 	8915 	 
0 	1152 	1361 	2118 	3065 	4686 	5716 	6410 	7572 	7838 	9202 	 
0 	6 	142 	803 	1588 	1910 	2841 	4054 	7380 	7932 	8211 	 
0 	965 	1240 	1849 	2364 	2619 	2904 	3281 	5452 	7269 	9859 	 
0 	519 	616 	1593 	3971 	4518 	5781 	9779 	 
0 	8 	925 	2321 	4276 	4494 	5189 	5390 	5540 	8087 	9103 	9207 	9242 	 
0 	99 	172 	1646 	2159 	2852 	3254 	3700 	3952 	4284 	4689 	5796 	7505 	7874 	9055 	9278 	 
0 	3825 	4303 	4731 	4927 	5037 	5789 	6884 	7616 	7734 	9010 	9830 	9870 	 
0 	501 	1019 	2417 	3693 	4210 	8520 	9666 	 
0 	535 	1837 	2152 	2822 	3902 	4176 	6832 	9368 	9837 	 
0 	4150 	4913 	5288 	7082 	8079 	8111 	9698 	 
0 	2070 	4932 	5098 	5110 	5585 	5933 	6220 	7718 	8744 	9374 	 
0 	485 	3263 	3875 	7842 	8140 	8705 	9527 	 
0 	229 	634 	2145 	2295 	2655 	2715 	3319 	4746 	5094 	5176 	5619 	7145 	7856 	9689 	9896 	 
0 	452 	954 	1700 	2472 	3673 	3800 	4458 	4958 	6046 	6256 	6311 	6447 	7966 	9439 	9542 	9656 	 
0 	297 	447 	1037 	1156 	2098 	5325 	 
0 	852 	1916 	2710 	3094 	3723 	4105 	4428 	4668 	5530 	5776 	6425 	6714 	7915 	7926 	8287 	8674 	 
0 	64 	617 	1206 	1225 	2086 	2380 	2987 	3457 	3565 	4550 	4878 	4959 	5005 	5748 	6142 	6428 	9574 	9684 	 
0 	1075 	5394 	5962 	6664 	7476 	7656 	9032 	 
0 	280 	825 	1465 	2510 	2923 	3685 	3965 	4684 	6363 	6380 	8221 	8900 	 
0 	3184 	3488 	3875 	4271 	6280 	6292 	8304 	8780 	 
0 	3420 	3553 	5374 	5886 	9141 	 
0 	1522 	2607 	4459 	4615 	5463 	6824 	7180 	8536 	8960 	9557 	9978 	 
0 	261 	1067 	3256 	3548 	5461 	7795 	9155 	 
0 	1601 	1653 	4958 	5731 	7211 	8386 	8734 	 
0 	233 	983 	3318 	4584 	5457 	5952 	8988 	 
0 	845 	2462 	2791 	4440 	6128 	7722 	8965 	 
0 	100 	357 	908 	1223 	3385 	5328 	6932 	7573 	7816 	8374 	9481 	 
0 	901 	1099 	1458 	1522 	1850 	4526 	6683 	6699 	7689 	8553 	9101 	9752 	 
0 	1351 	2563 	2884 	3483 	4548 	7399 	7485 	7588 	8520 	8933 	 
0 	211 	943 	2898 	3920 	4328 	4409 	6939 	7168 	7645 	7652 	8403 	8705 	8972 	 
0 	3842 	6120 	6266 	6860 	9972 	 
0 	226 	976 	2437 	2615 	6841 	7673 	7742 	8900 	9083 	9891 	 
0 	408 	1175 	2001 	2519 	2839 	2921 	3747 	4270 	4920 	5006 	5317 	7521 	7605 	7767 	8263 	9152 	9280 	 
0 	45 	1511 	1678 	3304 	4768 	4900 	4927 	8493 	9756 	 
0 	1650 	3334 	5566 	6931 	7375 	8259 	9025 	 
0 	931 	2046 	3498 	3857 	4067 	4304 	4754 	5938 	6055 	6737 	 
0 	626 	914 	1876 	4511 	5294 	6092 	6387 	6713 	8861 	9374 	9583 	 
0 	1222 	1916 	2500 	2946 	3789 	4068 	4912 	5345 	5391 	8072 	8347 	 
0 	251 	1622 	2179 	4526 	6990 	7620 	8453 	 
0 	4022 	4406 	6644 	9267 	9737 	 
0 	644 	1335 	6170 	6861 	6872 	8251 	9601 	 
0 	178 	1206 	1772 	2146 	4824 	4834 	5898 	6205 	7549 	7751 	9081 	9433 	 
0 	32 	2353 	3494 	4258 	4272 	4939 	5852 	5884 	5982 	8046 	8305 	8698 	8770 	9565 	 
0 	1712 	2809 	3272 	3600 	6023 	6770 	6906 	7339 	8705 	 
0 	3800 	7778 	 
0 	2798 	3880 	4364 	7085 	7509 	9627 	 
0 	2313 	2319 	2393 	3992 	4830 	4918 	5508 	5680 	6509 	6824 	7239 	8618 	 
0 	79 	122 	692 	2685 	4109 	6202 	6426 	8009 	8059 	8139 	8360 	8393 	8887 	9778 	 
